company_name,company_ticker,company_lei,company_cik,year,quarter,start_date,end_date,filing_date,parent,tag,financial_name,factor,balance,unit,value
Alcoa Corp,AA,ABPN11VOHLHX6QR7XQ48,0001675149,2015.0,Q3,2015-07-01,2015-09-30,2016-12-01 17:18:32+00:00,totalrevenue,operatingrevenue,Operating Revenue,+,credit,usd,2679000000.0
Alcoa Corp,AA,ABPN11VOHLHX6QR7XQ48,0001675149,2015.0,Q3,2015-07-01,2015-09-30,2016-12-01 17:18:32+00:00,totalgrossprofit,totalrevenue,Total Revenue,+,credit,usd,2679000000.0
Alcoa Corp,AA,ABPN11VOHLHX6QR7XQ48,0001675149,2015.0,Q3,2015-07-01,2015-09-30,2016-12-01 17:18:32+00:00,totalcostofrevenue,operatingcostofrevenue,Operating Cost of Revenue,+,debit,usd,2239000000.0
Alcoa Corp,AA,ABPN11VOHLHX6QR7XQ48,0001675149,2015.0,Q3,2015-07-01,2015-09-30,2016-12-01 17:18:32+00:00,totalgrossprofit,totalcostofrevenue,Total Cost of Revenue,-,debit,usd,2239000000.0
Alcoa Corp,AA,ABPN11VOHLHX6QR7XQ48,0001675149,2015.0,Q3,2015-07-01,2015-09-30,2016-12-01 17:18:32+00:00,totaloperatingincome,totalgrossprofit,Total Gross Profit,+,credit,usd,440000000.0
Alcoa Corp,AA,ABPN11VOHLHX6QR7XQ48,0001675149,2015.0,Q3,2015-07-01,2015-09-30,2016-12-01 17:18:32+00:00,totaloperatingexpenses,sgaexpense,"Selling, General & Admin Expense",+,debit,usd,95000000.0
Alcoa Corp,AA,ABPN11VOHLHX6QR7XQ48,0001675149,2015.0,Q3,2015-07-01,2015-09-30,2016-12-01 17:18:32+00:00,totaloperatingexpenses,rdexpense,Research & Development Expense,+,debit,usd,14000000.0
Alcoa Corp,AA,ABPN11VOHLHX6QR7XQ48,0001675149,2015.0,Q3,2015-07-01,2015-09-30,2016-12-01 17:18:32+00:00,totaloperatingexpenses,depreciationexpense,Depreciation Expense,+,debit,usd,190000000.0
Alcoa Corp,AA,ABPN11VOHLHX6QR7XQ48,0001675149,2015.0,Q3,2015-07-01,2015-09-30,2016-12-01 17:18:32+00:00,totaloperatingexpenses,restructuringcharge,Restructuring Charge,+,debit,usd,54000000.0
Alcoa Corp,AA,ABPN11VOHLHX6QR7XQ48,0001675149,2015.0,Q3,2015-07-01,2015-09-30,2016-12-01 17:18:32+00:00,totaloperatingincome,totaloperatingexpenses,Total Operating Expenses,-,debit,usd,353000000.0
Alcoa Corp,AA,ABPN11VOHLHX6QR7XQ48,0001675149,2015.0,Q3,2015-07-01,2015-09-30,2016-12-01 17:18:32+00:00,totalpretaxincome,totaloperatingincome,Total Operating Income,+,credit,usd,87000000.0
Alcoa Corp,AA,ABPN11VOHLHX6QR7XQ48,0001675149,2015.0,Q3,2015-07-01,2015-09-30,2016-12-01 17:18:32+00:00,totalotherincome,totalinterestexpense,Interest Expense,-,debit,usd,69000000.0
Alcoa Corp,AA,ABPN11VOHLHX6QR7XQ48,0001675149,2015.0,Q3,2015-07-01,2015-09-30,2016-12-01 17:18:32+00:00,totalotherincome,otherincome,"Other Income / (Expense), net",+,credit,usd,-4000000.0
Alcoa Corp,AA,ABPN11VOHLHX6QR7XQ48,0001675149,2015.0,Q3,2015-07-01,2015-09-30,2016-12-01 17:18:32+00:00,totalpretaxincome,totalotherincome,"Total Other Income / (Expense), net",+,credit,usd,-73000000.0
Alcoa Corp,AA,ABPN11VOHLHX6QR7XQ48,0001675149,2015.0,Q3,2015-07-01,2015-09-30,2016-12-01 17:18:32+00:00,netincomecontinuing,totalpretaxincome,Total Pre-Tax Income ,+,credit,usd,14000000.0
Alcoa Corp,AA,ABPN11VOHLHX6QR7XQ48,0001675149,2015.0,Q3,2015-07-01,2015-09-30,2016-12-01 17:18:32+00:00,netincomecontinuing,incometaxexpense,Income Tax Expense,-,debit,usd,77000000.0
Alcoa Corp,AA,ABPN11VOHLHX6QR7XQ48,0001675149,2015.0,Q3,2015-07-01,2015-09-30,2016-12-01 17:18:32+00:00,netincome,netincomecontinuing,Net Income / (Loss) Continuing Operations,+,credit,usd,-63000000.0
Alcoa Corp,AA,ABPN11VOHLHX6QR7XQ48,0001675149,2015.0,Q3,2015-07-01,2015-09-30,2016-12-01 17:18:32+00:00,netincometocommon,netincome,Consolidated Net Income / (Loss),+,credit,usd,-63000000.0
Alcoa Corp,AA,ABPN11VOHLHX6QR7XQ48,0001675149,2015.0,Q3,2015-07-01,2015-09-30,2016-12-01 17:18:32+00:00,netincometocommon,netincometononcontrollinginterest,Net Income / (Loss) Attributable to Noncontrolling Interest,-,debit,usd,61000000.0
Alcoa Corp,AA,ABPN11VOHLHX6QR7XQ48,0001675149,2015.0,Q3,2015-07-01,2015-09-30,2016-12-01 17:18:32+00:00,,netincometocommon,Net Income / (Loss) Attributable to Common Shareholders,=,credit,usd,-124000000.0
Alcoa Corp,AA,ABPN11VOHLHX6QR7XQ48,0001675149,2016.0,Q1,2016-01-01,2016-03-31,2017-05-10 17:10:46+00:00,totalrevenue,operatingrevenue,Operating Revenue,+,credit,usd,2129000000.0
Alcoa Corp,AA,ABPN11VOHLHX6QR7XQ48,0001675149,2016.0,Q1,2016-01-01,2016-03-31,2017-05-10 17:10:46+00:00,totalgrossprofit,totalrevenue,Total Revenue,+,credit,usd,2129000000.0
Alcoa Corp,AA,ABPN11VOHLHX6QR7XQ48,0001675149,2016.0,Q1,2016-01-01,2016-03-31,2017-05-10 17:10:46+00:00,totalcostofrevenue,operatingcostofrevenue,Operating Cost of Revenue,+,debit,usd,1866000000.0
Alcoa Corp,AA,ABPN11VOHLHX6QR7XQ48,0001675149,2016.0,Q1,2016-01-01,2016-03-31,2017-05-10 17:10:46+00:00,totalgrossprofit,totalcostofrevenue,Total Cost of Revenue,-,debit,usd,1866000000.0
Alcoa Corp,AA,ABPN11VOHLHX6QR7XQ48,0001675149,2016.0,Q1,2016-01-01,2016-03-31,2017-05-10 17:10:46+00:00,totaloperatingincome,totalgrossprofit,Total Gross Profit,+,credit,usd,263000000.0
Alcoa Corp,AA,ABPN11VOHLHX6QR7XQ48,0001675149,2016.0,Q1,2016-01-01,2016-03-31,2017-05-10 17:10:46+00:00,totaloperatingexpenses,sgaexpense,"Selling, General & Admin Expense",+,debit,usd,85000000.0
Alcoa Corp,AA,ABPN11VOHLHX6QR7XQ48,0001675149,2016.0,Q1,2016-01-01,2016-03-31,2017-05-10 17:10:46+00:00,totaloperatingexpenses,rdexpense,Research & Development Expense,+,debit,usd,11000000.0
Alcoa Corp,AA,ABPN11VOHLHX6QR7XQ48,0001675149,2016.0,Q1,2016-01-01,2016-03-31,2017-05-10 17:10:46+00:00,totaloperatingexpenses,depreciationexpense,Depreciation Expense,+,debit,usd,177000000.0
Alcoa Corp,AA,ABPN11VOHLHX6QR7XQ48,0001675149,2016.0,Q1,2016-01-01,2016-03-31,2017-05-10 17:10:46+00:00,totaloperatingexpenses,restructuringcharge,Restructuring Charge,+,debit,usd,84000000.0
Alcoa Corp,AA,ABPN11VOHLHX6QR7XQ48,0001675149,2016.0,Q1,2016-01-01,2016-03-31,2017-05-10 17:10:46+00:00,totaloperatingincome,totaloperatingexpenses,Total Operating Expenses,-,debit,usd,357000000.0
Alcoa Corp,AA,ABPN11VOHLHX6QR7XQ48,0001675149,2016.0,Q1,2016-01-01,2016-03-31,2017-05-10 17:10:46+00:00,totalpretaxincome,totaloperatingincome,Total Operating Income,+,credit,usd,-94000000.0
Alcoa Corp,AA,ABPN11VOHLHX6QR7XQ48,0001675149,2016.0,Q1,2016-01-01,2016-03-31,2017-05-10 17:10:46+00:00,totalotherincome,totalinterestexpense,Interest Expense,-,debit,usd,64000000.0
Alcoa Corp,AA,ABPN11VOHLHX6QR7XQ48,0001675149,2016.0,Q1,2016-01-01,2016-03-31,2017-05-10 17:10:46+00:00,totalotherincome,otherincome,"Other Income / (Expense), net",+,credit,usd,-39000000.0
Alcoa Corp,AA,ABPN11VOHLHX6QR7XQ48,0001675149,2016.0,Q1,2016-01-01,2016-03-31,2017-05-10 17:10:46+00:00,totalpretaxincome,totalotherincome,"Total Other Income / (Expense), net",+,credit,usd,-103000000.0
Alcoa Corp,AA,ABPN11VOHLHX6QR7XQ48,0001675149,2016.0,Q1,2016-01-01,2016-03-31,2017-05-10 17:10:46+00:00,netincomecontinuing,totalpretaxincome,Total Pre-Tax Income ,+,credit,usd,-197000000.0
Alcoa Corp,AA,ABPN11VOHLHX6QR7XQ48,0001675149,2016.0,Q1,2016-01-01,2016-03-31,2017-05-10 17:10:46+00:00,netincomecontinuing,incometaxexpense,Income Tax Expense,-,debit,usd,18000000.0
Alcoa Corp,AA,ABPN11VOHLHX6QR7XQ48,0001675149,2016.0,Q1,2016-01-01,2016-03-31,2017-05-10 17:10:46+00:00,netincome,netincomecontinuing,Net Income / (Loss) Continuing Operations,+,credit,usd,-215000000.0
Alcoa Corp,AA,ABPN11VOHLHX6QR7XQ48,0001675149,2016.0,Q1,2016-01-01,2016-03-31,2017-05-10 17:10:46+00:00,netincometocommon,netincome,Consolidated Net Income / (Loss),+,credit,usd,-215000000.0
Alcoa Corp,AA,ABPN11VOHLHX6QR7XQ48,0001675149,2016.0,Q1,2016-01-01,2016-03-31,2017-05-10 17:10:46+00:00,netincometocommon,netincometononcontrollinginterest,Net Income / (Loss) Attributable to Noncontrolling Interest,-,debit,usd,-5000000.0
Alcoa Corp,AA,ABPN11VOHLHX6QR7XQ48,0001675149,2016.0,Q1,2016-01-01,2016-03-31,2017-05-10 17:10:46+00:00,,netincometocommon,Net Income / (Loss) Attributable to Common Shareholders,=,credit,usd,-210000000.0
Alcoa Corp,AA,ABPN11VOHLHX6QR7XQ48,0001675149,2016.0,Q1,2016-01-01,2016-03-31,2017-05-10 17:10:46+00:00,basiceps,weightedavebasicsharesos,Weighted Average Basic Shares Outstanding,/,,shares,182471195.0
Alcoa Corp,AA,ABPN11VOHLHX6QR7XQ48,0001675149,2016.0,Q1,2016-01-01,2016-03-31,2017-05-10 17:10:46+00:00,,basiceps,Basic Earnings per Share,=,,usdpershare,-1.15
Alcoa Corp,AA,ABPN11VOHLHX6QR7XQ48,0001675149,2016.0,Q1,2016-01-01,2016-03-31,2017-05-10 17:10:46+00:00,dilutedeps,weightedavedilutedsharesos,Weighted Average Diluted Shares Outstanding,/,,shares,182471195.0
Alcoa Corp,AA,ABPN11VOHLHX6QR7XQ48,0001675149,2016.0,Q1,2016-01-01,2016-03-31,2017-05-10 17:10:46+00:00,,dilutedeps,Diluted Earnings per Share,=,,usdpershare,-1.15
Alcoa Corp,AA,ABPN11VOHLHX6QR7XQ48,0001675149,2016.0,Q1,2016-01-01,2016-03-31,2017-05-10 17:10:46+00:00,basicdilutedeps,weightedavebasicdilutedsharesos,Weighted Average Basic & Diluted Shares Outstanding,/,,shares,182471195.0
Alcoa Corp,AA,ABPN11VOHLHX6QR7XQ48,0001675149,2016.0,Q1,2016-01-01,2016-03-31,2017-05-10 17:10:46+00:00,,basicdilutedeps,Basic & Diluted Earnings per Share,=,,usdpershare,-1.15
Alcoa Corp,AA,ABPN11VOHLHX6QR7XQ48,0001675149,2016.0,Q2,2016-04-01,2016-06-30,2017-08-03 16:53:15+00:00,totalrevenue,operatingrevenue,Operating Revenue,+,credit,usd,2323000000.0
Alcoa Corp,AA,ABPN11VOHLHX6QR7XQ48,0001675149,2016.0,Q2,2016-04-01,2016-06-30,2017-08-03 16:53:15+00:00,totalgrossprofit,totalrevenue,Total Revenue,+,credit,usd,2323000000.0
Alcoa Corp,AA,ABPN11VOHLHX6QR7XQ48,0001675149,2016.0,Q2,2016-04-01,2016-06-30,2017-08-03 16:53:15+00:00,totalcostofrevenue,operatingcostofrevenue,Operating Cost of Revenue,+,debit,usd,1941000000.0
Alcoa Corp,AA,ABPN11VOHLHX6QR7XQ48,0001675149,2016.0,Q2,2016-04-01,2016-06-30,2017-08-03 16:53:15+00:00,totalgrossprofit,totalcostofrevenue,Total Cost of Revenue,-,debit,usd,1941000000.0
Alcoa Corp,AA,ABPN11VOHLHX6QR7XQ48,0001675149,2016.0,Q2,2016-04-01,2016-06-30,2017-08-03 16:53:15+00:00,totaloperatingincome,totalgrossprofit,Total Gross Profit,+,credit,usd,382000000.0
Alcoa Corp,AA,ABPN11VOHLHX6QR7XQ48,0001675149,2016.0,Q2,2016-04-01,2016-06-30,2017-08-03 16:53:15+00:00,totaloperatingexpenses,sgaexpense,"Selling, General & Admin Expense",+,debit,usd,90000000.0
Alcoa Corp,AA,ABPN11VOHLHX6QR7XQ48,0001675149,2016.0,Q2,2016-04-01,2016-06-30,2017-08-03 16:53:15+00:00,totaloperatingexpenses,rdexpense,Research & Development Expense,+,debit,usd,7000000.0
Alcoa Corp,AA,ABPN11VOHLHX6QR7XQ48,0001675149,2016.0,Q2,2016-04-01,2016-06-30,2017-08-03 16:53:15+00:00,totaloperatingexpenses,depreciationexpense,Depreciation Expense,+,debit,usd,178000000.0
Alcoa Corp,AA,ABPN11VOHLHX6QR7XQ48,0001675149,2016.0,Q2,2016-04-01,2016-06-30,2017-08-03 16:53:15+00:00,totaloperatingexpenses,restructuringcharge,Restructuring Charge,+,debit,usd,8000000.0
Alcoa Corp,AA,ABPN11VOHLHX6QR7XQ48,0001675149,2016.0,Q2,2016-04-01,2016-06-30,2017-08-03 16:53:15+00:00,totaloperatingincome,totaloperatingexpenses,Total Operating Expenses,-,debit,usd,283000000.0
Alcoa Corp,AA,ABPN11VOHLHX6QR7XQ48,0001675149,2016.0,Q2,2016-04-01,2016-06-30,2017-08-03 16:53:15+00:00,totalpretaxincome,totaloperatingincome,Total Operating Income,+,credit,usd,99000000.0
Alcoa Corp,AA,ABPN11VOHLHX6QR7XQ48,0001675149,2016.0,Q2,2016-04-01,2016-06-30,2017-08-03 16:53:15+00:00,totalotherincome,totalinterestexpense,Interest Expense,-,debit,usd,66000000.0
Alcoa Corp,AA,ABPN11VOHLHX6QR7XQ48,0001675149,2016.0,Q2,2016-04-01,2016-06-30,2017-08-03 16:53:15+00:00,totalotherincome,otherincome,"Other Income / (Expense), net",+,credit,usd,23000000.0
Alcoa Corp,AA,ABPN11VOHLHX6QR7XQ48,0001675149,2016.0,Q2,2016-04-01,2016-06-30,2017-08-03 16:53:15+00:00,totalpretaxincome,totalotherincome,"Total Other Income / (Expense), net",+,credit,usd,-43000000.0
Alcoa Corp,AA,ABPN11VOHLHX6QR7XQ48,0001675149,2016.0,Q2,2016-04-01,2016-06-30,2017-08-03 16:53:15+00:00,netincomecontinuing,totalpretaxincome,Total Pre-Tax Income ,+,credit,usd,56000000.0
Alcoa Corp,AA,ABPN11VOHLHX6QR7XQ48,0001675149,2016.0,Q2,2016-04-01,2016-06-30,2017-08-03 16:53:15+00:00,netincomecontinuing,incometaxexpense,Income Tax Expense,-,debit,usd,68000000.0
Alcoa Corp,AA,ABPN11VOHLHX6QR7XQ48,0001675149,2016.0,Q2,2016-04-01,2016-06-30,2017-08-03 16:53:15+00:00,netincome,netincomecontinuing,Net Income / (Loss) Continuing Operations,+,credit,usd,-12000000.0
Alcoa Corp,AA,ABPN11VOHLHX6QR7XQ48,0001675149,2016.0,Q2,2016-04-01,2016-06-30,2017-08-03 16:53:15+00:00,netincometocommon,netincome,Consolidated Net Income / (Loss),+,credit,usd,-12000000.0
Alcoa Corp,AA,ABPN11VOHLHX6QR7XQ48,0001675149,2016.0,Q2,2016-04-01,2016-06-30,2017-08-03 16:53:15+00:00,netincometocommon,netincometononcontrollinginterest,Net Income / (Loss) Attributable to Noncontrolling Interest,-,debit,usd,43000000.0
Alcoa Corp,AA,ABPN11VOHLHX6QR7XQ48,0001675149,2016.0,Q2,2016-04-01,2016-06-30,2017-08-03 16:53:15+00:00,,netincometocommon,Net Income / (Loss) Attributable to Common Shareholders,=,credit,usd,-55000000.0
Alcoa Corp,AA,ABPN11VOHLHX6QR7XQ48,0001675149,2016.0,Q2,2016-04-01,2016-06-30,2017-08-03 16:53:15+00:00,basiceps,weightedavebasicsharesos,Weighted Average Basic Shares Outstanding,/,,shares,182471195.0
Alcoa Corp,AA,ABPN11VOHLHX6QR7XQ48,0001675149,2016.0,Q2,2016-04-01,2016-06-30,2017-08-03 16:53:15+00:00,,basiceps,Basic Earnings per Share,=,,usdpershare,-0.29
Alcoa Corp,AA,ABPN11VOHLHX6QR7XQ48,0001675149,2016.0,Q2,2016-04-01,2016-06-30,2017-08-03 16:53:15+00:00,dilutedeps,weightedavedilutedsharesos,Weighted Average Diluted Shares Outstanding,/,,shares,182471195.0
Alcoa Corp,AA,ABPN11VOHLHX6QR7XQ48,0001675149,2016.0,Q2,2016-04-01,2016-06-30,2017-08-03 16:53:15+00:00,,dilutedeps,Diluted Earnings per Share,=,,usdpershare,-0.29
Alcoa Corp,AA,ABPN11VOHLHX6QR7XQ48,0001675149,2016.0,Q2,2016-04-01,2016-06-30,2017-08-03 16:53:15+00:00,basicdilutedeps,weightedavebasicdilutedsharesos,Weighted Average Basic & Diluted Shares Outstanding,/,,shares,182471195.0
Alcoa Corp,AA,ABPN11VOHLHX6QR7XQ48,0001675149,2016.0,Q2,2016-04-01,2016-06-30,2017-08-03 16:53:15+00:00,,basicdilutedeps,Basic & Diluted Earnings per Share,=,,usdpershare,-0.29
Alcoa Corp,AA,ABPN11VOHLHX6QR7XQ48,0001675149,2016.0,Q3,2016-07-01,2016-09-30,2017-10-27 15:48:49+00:00,totalrevenue,operatingrevenue,Operating Revenue,+,credit,usd,2329000000.0
Alcoa Corp,AA,ABPN11VOHLHX6QR7XQ48,0001675149,2016.0,Q3,2016-07-01,2016-09-30,2017-10-27 15:48:49+00:00,totalgrossprofit,totalrevenue,Total Revenue,+,credit,usd,2329000000.0
Alcoa Corp,AA,ABPN11VOHLHX6QR7XQ48,0001675149,2016.0,Q3,2016-07-01,2016-09-30,2017-10-27 15:48:49+00:00,totalcostofrevenue,operatingcostofrevenue,Operating Cost of Revenue,+,debit,usd,1968000000.0
Alcoa Corp,AA,ABPN11VOHLHX6QR7XQ48,0001675149,2016.0,Q3,2016-07-01,2016-09-30,2017-10-27 15:48:49+00:00,totalgrossprofit,totalcostofrevenue,Total Cost of Revenue,-,debit,usd,1968000000.0
Alcoa Corp,AA,ABPN11VOHLHX6QR7XQ48,0001675149,2016.0,Q3,2016-07-01,2016-09-30,2017-10-27 15:48:49+00:00,totaloperatingincome,totalgrossprofit,Total Gross Profit,+,credit,usd,361000000.0
Alcoa Corp,AA,ABPN11VOHLHX6QR7XQ48,0001675149,2016.0,Q3,2016-07-01,2016-09-30,2017-10-27 15:48:49+00:00,totaloperatingexpenses,sgaexpense,"Selling, General & Admin Expense",+,debit,usd,92000000.0
Alcoa Corp,AA,ABPN11VOHLHX6QR7XQ48,0001675149,2016.0,Q3,2016-07-01,2016-09-30,2017-10-27 15:48:49+00:00,totaloperatingexpenses,rdexpense,Research & Development Expense,+,debit,usd,8000000.0
Alcoa Corp,AA,ABPN11VOHLHX6QR7XQ48,0001675149,2016.0,Q3,2016-07-01,2016-09-30,2017-10-27 15:48:49+00:00,totaloperatingexpenses,depreciationexpense,Depreciation Expense,+,debit,usd,181000000.0
Alcoa Corp,AA,ABPN11VOHLHX6QR7XQ48,0001675149,2016.0,Q3,2016-07-01,2016-09-30,2017-10-27 15:48:49+00:00,totaloperatingexpenses,restructuringcharge,Restructuring Charge,+,debit,usd,17000000.0
Alcoa Corp,AA,ABPN11VOHLHX6QR7XQ48,0001675149,2016.0,Q3,2016-07-01,2016-09-30,2017-10-27 15:48:49+00:00,totaloperatingincome,totaloperatingexpenses,Total Operating Expenses,-,debit,usd,298000000.0
Alcoa Corp,AA,ABPN11VOHLHX6QR7XQ48,0001675149,2016.0,Q3,2016-07-01,2016-09-30,2017-10-27 15:48:49+00:00,totalpretaxincome,totaloperatingincome,Total Operating Income,+,credit,usd,63000000.0
Alcoa Corp,AA,ABPN11VOHLHX6QR7XQ48,0001675149,2016.0,Q3,2016-07-01,2016-09-30,2017-10-27 15:48:49+00:00,totalotherincome,totalinterestexpense,Interest Expense,-,debit,usd,67000000.0
Alcoa Corp,AA,ABPN11VOHLHX6QR7XQ48,0001675149,2016.0,Q3,2016-07-01,2016-09-30,2017-10-27 15:48:49+00:00,totalotherincome,otherincome,"Other Income / (Expense), net",+,credit,usd,106000000.0
Alcoa Corp,AA,ABPN11VOHLHX6QR7XQ48,0001675149,2016.0,Q3,2016-07-01,2016-09-30,2017-10-27 15:48:49+00:00,totalpretaxincome,totalotherincome,"Total Other Income / (Expense), net",+,credit,usd,39000000.0
Alcoa Corp,AA,ABPN11VOHLHX6QR7XQ48,0001675149,2016.0,Q3,2016-07-01,2016-09-30,2017-10-27 15:48:49+00:00,netincomecontinuing,totalpretaxincome,Total Pre-Tax Income ,+,credit,usd,102000000.0
Alcoa Corp,AA,ABPN11VOHLHX6QR7XQ48,0001675149,2016.0,Q3,2016-07-01,2016-09-30,2017-10-27 15:48:49+00:00,netincomecontinuing,incometaxexpense,Income Tax Expense,-,debit,usd,92000000.0
Alcoa Corp,AA,ABPN11VOHLHX6QR7XQ48,0001675149,2016.0,Q3,2016-07-01,2016-09-30,2017-10-27 15:48:49+00:00,netincome,netincomecontinuing,Net Income / (Loss) Continuing Operations,+,credit,usd,10000000.0
Alcoa Corp,AA,ABPN11VOHLHX6QR7XQ48,0001675149,2016.0,Q3,2016-07-01,2016-09-30,2017-10-27 15:48:49+00:00,netincometocommon,netincome,Consolidated Net Income / (Loss),+,credit,usd,10000000.0
Alcoa Corp,AA,ABPN11VOHLHX6QR7XQ48,0001675149,2016.0,Q3,2016-07-01,2016-09-30,2017-10-27 15:48:49+00:00,netincometocommon,netincometononcontrollinginterest,Net Income / (Loss) Attributable to Noncontrolling Interest,-,debit,usd,20000000.0
Alcoa Corp,AA,ABPN11VOHLHX6QR7XQ48,0001675149,2016.0,Q3,2016-07-01,2016-09-30,2017-10-27 15:48:49+00:00,,netincometocommon,Net Income / (Loss) Attributable to Common Shareholders,=,credit,usd,-10000000.0
Alcoa Corp,AA,ABPN11VOHLHX6QR7XQ48,0001675149,2016.0,Q3,2016-07-01,2016-09-30,2017-10-27 15:48:49+00:00,basiceps,weightedavebasicsharesos,Weighted Average Basic Shares Outstanding,/,,shares,166700000.0
Alcoa Corp,AA,ABPN11VOHLHX6QR7XQ48,0001675149,2016.0,Q3,2016-07-01,2016-09-30,2017-10-27 15:48:49+00:00,,basiceps,Basic Earnings per Share,=,,usdpershare,-0.06
Alcoa Corp,AA,ABPN11VOHLHX6QR7XQ48,0001675149,2016.0,Q3,2016-07-01,2016-09-30,2017-10-27 15:48:49+00:00,dilutedeps,weightedavedilutedsharesos,Weighted Average Diluted Shares Outstanding,/,,shares,166700000.0
Alcoa Corp,AA,ABPN11VOHLHX6QR7XQ48,0001675149,2016.0,Q3,2016-07-01,2016-09-30,2017-10-27 15:48:49+00:00,,dilutedeps,Diluted Earnings per Share,=,,usdpershare,-0.06
Alcoa Corp,AA,ABPN11VOHLHX6QR7XQ48,0001675149,2016.0,Q3,2016-07-01,2016-09-30,2017-10-27 15:48:49+00:00,basicdilutedeps,weightedavebasicdilutedsharesos,Weighted Average Basic & Diluted Shares Outstanding,/,,shares,166700000.0
Alcoa Corp,AA,ABPN11VOHLHX6QR7XQ48,0001675149,2016.0,Q3,2016-07-01,2016-09-30,2017-10-27 15:48:49+00:00,,basicdilutedeps,Basic & Diluted Earnings per Share,=,,usdpershare,-0.06
Alcoa Corp,AA,ABPN11VOHLHX6QR7XQ48,0001675149,2016.0,Q4,2016-10-01,2016-12-31,,totalrevenue,operatingrevenue,Operating Revenue,+,credit,usd,2537000000.0
Alcoa Corp,AA,ABPN11VOHLHX6QR7XQ48,0001675149,2016.0,Q4,2016-10-01,2016-12-31,,totalgrossprofit,totalrevenue,Total Revenue,+,credit,usd,2537000000.0
Alcoa Corp,AA,ABPN11VOHLHX6QR7XQ48,0001675149,2016.0,Q4,2016-10-01,2016-12-31,,totalcostofrevenue,operatingcostofrevenue,Operating Cost of Revenue,+,debit,usd,2102000000.0
Alcoa Corp,AA,ABPN11VOHLHX6QR7XQ48,0001675149,2016.0,Q4,2016-10-01,2016-12-31,,totalgrossprofit,totalcostofrevenue,Total Cost of Revenue,-,debit,usd,2102000000.0
Alcoa Corp,AA,ABPN11VOHLHX6QR7XQ48,0001675149,2016.0,Q4,2016-10-01,2016-12-31,,totaloperatingincome,totalgrossprofit,Total Gross Profit,+,credit,usd,435000000.0
Alcoa Corp,AA,ABPN11VOHLHX6QR7XQ48,0001675149,2016.0,Q4,2016-10-01,2016-12-31,,totaloperatingexpenses,sgaexpense,"Selling, General & Admin Expense",+,debit,usd,89000000.0
Alcoa Corp,AA,ABPN11VOHLHX6QR7XQ48,0001675149,2016.0,Q4,2016-10-01,2016-12-31,,totaloperatingexpenses,rdexpense,Research & Development Expense,+,debit,usd,7000000.0
Alcoa Corp,AA,ABPN11VOHLHX6QR7XQ48,0001675149,2016.0,Q4,2016-10-01,2016-12-31,,totaloperatingexpenses,depreciationexpense,Depreciation Expense,+,debit,usd,182000000.0
Alcoa Corp,AA,ABPN11VOHLHX6QR7XQ48,0001675149,2016.0,Q4,2016-10-01,2016-12-31,,totaloperatingexpenses,restructuringcharge,Restructuring Charge,+,debit,usd,209000000.0
Alcoa Corp,AA,ABPN11VOHLHX6QR7XQ48,0001675149,2016.0,Q4,2016-10-01,2016-12-31,,totaloperatingincome,totaloperatingexpenses,Total Operating Expenses,-,debit,usd,487000000.0
Alcoa Corp,AA,ABPN11VOHLHX6QR7XQ48,0001675149,2016.0,Q4,2016-10-01,2016-12-31,,totalpretaxincome,totaloperatingincome,Total Operating Income,+,credit,usd,-52000000.0
Alcoa Corp,AA,ABPN11VOHLHX6QR7XQ48,0001675149,2016.0,Q4,2016-10-01,2016-12-31,,totalotherincome,totalinterestexpense,Interest Expense,-,debit,usd,46000000.0
Alcoa Corp,AA,ABPN11VOHLHX6QR7XQ48,0001675149,2016.0,Q4,2016-10-01,2016-12-31,,totalotherincome,otherincome,"Other Income / (Expense), net",+,credit,usd,-25000000.0
Alcoa Corp,AA,ABPN11VOHLHX6QR7XQ48,0001675149,2016.0,Q4,2016-10-01,2016-12-31,,totalpretaxincome,totalotherincome,"Total Other Income / (Expense), net",+,credit,usd,-71000000.0
Alcoa Corp,AA,ABPN11VOHLHX6QR7XQ48,0001675149,2016.0,Q4,2016-10-01,2016-12-31,,netincomecontinuing,totalpretaxincome,Total Pre-Tax Income ,+,credit,usd,-123000000.0
Alcoa Corp,AA,ABPN11VOHLHX6QR7XQ48,0001675149,2016.0,Q4,2016-10-01,2016-12-31,,netincomecontinuing,incometaxexpense,Income Tax Expense,-,debit,usd,6000000.0
Alcoa Corp,AA,ABPN11VOHLHX6QR7XQ48,0001675149,2016.0,Q4,2016-10-01,2016-12-31,,netincome,netincomecontinuing,Net Income / (Loss) Continuing Operations,+,credit,usd,-129000000.0
Alcoa Corp,AA,ABPN11VOHLHX6QR7XQ48,0001675149,2016.0,Q4,2016-10-01,2016-12-31,,netincometocommon,netincome,Consolidated Net Income / (Loss),+,credit,usd,-129000000.0
Alcoa Corp,AA,ABPN11VOHLHX6QR7XQ48,0001675149,2016.0,Q4,2016-10-01,2016-12-31,,netincometocommon,netincometononcontrollinginterest,Net Income / (Loss) Attributable to Noncontrolling Interest,-,debit,usd,-4000000.0
Alcoa Corp,AA,ABPN11VOHLHX6QR7XQ48,0001675149,2016.0,Q4,2016-10-01,2016-12-31,,,netincometocommon,Net Income / (Loss) Attributable to Common Shareholders,=,credit,usd,-125000000.0
Alcoa Corp,AA,ABPN11VOHLHX6QR7XQ48,0001675149,2016.0,Q4,2016-10-01,2016-12-31,,basiceps,weightedavebasicsharesos,Weighted Average Basic Shares Outstanding,/,,shares,183000000.0
Alcoa Corp,AA,ABPN11VOHLHX6QR7XQ48,0001675149,2016.0,Q4,2016-10-01,2016-12-31,,,basiceps,Basic Earnings per Share,=,,usdpershare,-0.69
Alcoa Corp,AA,ABPN11VOHLHX6QR7XQ48,0001675149,2016.0,Q4,2016-10-01,2016-12-31,,dilutedeps,weightedavedilutedsharesos,Weighted Average Diluted Shares Outstanding,/,,shares,183000000.0
Alcoa Corp,AA,ABPN11VOHLHX6QR7XQ48,0001675149,2016.0,Q4,2016-10-01,2016-12-31,,,dilutedeps,Diluted Earnings per Share,=,,usdpershare,-0.69
Alcoa Corp,AA,ABPN11VOHLHX6QR7XQ48,0001675149,2016.0,Q4,2016-10-01,2016-12-31,,basicdilutedeps,weightedavebasicdilutedsharesos,Weighted Average Basic & Diluted Shares Outstanding,/,,shares,183000000.0
Alcoa Corp,AA,ABPN11VOHLHX6QR7XQ48,0001675149,2016.0,Q4,2016-10-01,2016-12-31,,,basicdilutedeps,Basic & Diluted Earnings per Share,=,,usdpershare,-0.69
Alcoa Corp,AA,ABPN11VOHLHX6QR7XQ48,0001675149,2017.0,Q1,2017-01-01,2017-03-31,2018-05-09 17:07:05+00:00,totalrevenue,operatingrevenue,Operating Revenue,+,credit,usd,2655000000.0
Alcoa Corp,AA,ABPN11VOHLHX6QR7XQ48,0001675149,2017.0,Q1,2017-01-01,2017-03-31,2018-05-09 17:07:05+00:00,totalgrossprofit,totalrevenue,Total Revenue,+,credit,usd,2655000000.0
Alcoa Corp,AA,ABPN11VOHLHX6QR7XQ48,0001675149,2017.0,Q1,2017-01-01,2017-03-31,2018-05-09 17:07:05+00:00,totalcostofrevenue,operatingcostofrevenue,Operating Cost of Revenue,+,debit,usd,2023000000.0
Alcoa Corp,AA,ABPN11VOHLHX6QR7XQ48,0001675149,2017.0,Q1,2017-01-01,2017-03-31,2018-05-09 17:07:05+00:00,totalgrossprofit,totalcostofrevenue,Total Cost of Revenue,-,debit,usd,2023000000.0
Alcoa Corp,AA,ABPN11VOHLHX6QR7XQ48,0001675149,2017.0,Q1,2017-01-01,2017-03-31,2018-05-09 17:07:05+00:00,totaloperatingincome,totalgrossprofit,Total Gross Profit,+,credit,usd,632000000.0
Alcoa Corp,AA,ABPN11VOHLHX6QR7XQ48,0001675149,2017.0,Q1,2017-01-01,2017-03-31,2018-05-09 17:07:05+00:00,totaloperatingexpenses,sgaexpense,"Selling, General & Admin Expense",+,debit,usd,71000000.0
Alcoa Corp,AA,ABPN11VOHLHX6QR7XQ48,0001675149,2017.0,Q1,2017-01-01,2017-03-31,2018-05-09 17:07:05+00:00,totaloperatingexpenses,rdexpense,Research & Development Expense,+,debit,usd,7000000.0
Alcoa Corp,AA,ABPN11VOHLHX6QR7XQ48,0001675149,2017.0,Q1,2017-01-01,2017-03-31,2018-05-09 17:07:05+00:00,totaloperatingexpenses,depreciationexpense,Depreciation Expense,+,debit,usd,179000000.0
Alcoa Corp,AA,ABPN11VOHLHX6QR7XQ48,0001675149,2017.0,Q1,2017-01-01,2017-03-31,2018-05-09 17:07:05+00:00,totaloperatingexpenses,restructuringcharge,Restructuring Charge,+,debit,usd,10000000.0
Alcoa Corp,AA,ABPN11VOHLHX6QR7XQ48,0001675149,2017.0,Q1,2017-01-01,2017-03-31,2018-05-09 17:07:05+00:00,totaloperatingincome,totaloperatingexpenses,Total Operating Expenses,-,debit,usd,267000000.0
Alcoa Corp,AA,ABPN11VOHLHX6QR7XQ48,0001675149,2017.0,Q1,2017-01-01,2017-03-31,2018-05-09 17:07:05+00:00,totalpretaxincome,totaloperatingincome,Total Operating Income,+,credit,usd,365000000.0
Alcoa Corp,AA,ABPN11VOHLHX6QR7XQ48,0001675149,2017.0,Q1,2017-01-01,2017-03-31,2018-05-09 17:07:05+00:00,totalotherincome,totalinterestexpense,Interest Expense,-,debit,usd,26000000.0
Alcoa Corp,AA,ABPN11VOHLHX6QR7XQ48,0001675149,2017.0,Q1,2017-01-01,2017-03-31,2018-05-09 17:07:05+00:00,totalotherincome,otherincome,"Other Income / (Expense), net",+,credit,usd,79000000.0
Alcoa Corp,AA,ABPN11VOHLHX6QR7XQ48,0001675149,2017.0,Q1,2017-01-01,2017-03-31,2018-05-09 17:07:05+00:00,totalpretaxincome,totalotherincome,"Total Other Income / (Expense), net",+,credit,usd,53000000.0
Alcoa Corp,AA,ABPN11VOHLHX6QR7XQ48,0001675149,2017.0,Q1,2017-01-01,2017-03-31,2018-05-09 17:07:05+00:00,netincomecontinuing,totalpretaxincome,Total Pre-Tax Income ,+,credit,usd,418000000.0
Alcoa Corp,AA,ABPN11VOHLHX6QR7XQ48,0001675149,2017.0,Q1,2017-01-01,2017-03-31,2018-05-09 17:07:05+00:00,netincomecontinuing,incometaxexpense,Income Tax Expense,-,debit,usd,110000000.0
Alcoa Corp,AA,ABPN11VOHLHX6QR7XQ48,0001675149,2017.0,Q1,2017-01-01,2017-03-31,2018-05-09 17:07:05+00:00,netincome,netincomecontinuing,Net Income / (Loss) Continuing Operations,+,credit,usd,308000000.0
Alcoa Corp,AA,ABPN11VOHLHX6QR7XQ48,0001675149,2017.0,Q1,2017-01-01,2017-03-31,2018-05-09 17:07:05+00:00,netincometocommon,netincome,Consolidated Net Income / (Loss),+,credit,usd,308000000.0
Alcoa Corp,AA,ABPN11VOHLHX6QR7XQ48,0001675149,2017.0,Q1,2017-01-01,2017-03-31,2018-05-09 17:07:05+00:00,netincometocommon,netincometononcontrollinginterest,Net Income / (Loss) Attributable to Noncontrolling Interest,-,debit,usd,83000000.0
Alcoa Corp,AA,ABPN11VOHLHX6QR7XQ48,0001675149,2017.0,Q1,2017-01-01,2017-03-31,2018-05-09 17:07:05+00:00,,netincometocommon,Net Income / (Loss) Attributable to Common Shareholders,=,credit,usd,225000000.0
Alcoa Corp,AA,ABPN11VOHLHX6QR7XQ48,0001675149,2017.0,Q1,2017-01-01,2017-03-31,2018-05-09 17:07:05+00:00,basiceps,weightedavebasicsharesos,Weighted Average Basic Shares Outstanding,/,,shares,184000000.0
Alcoa Corp,AA,ABPN11VOHLHX6QR7XQ48,0001675149,2017.0,Q1,2017-01-01,2017-03-31,2018-05-09 17:07:05+00:00,,basiceps,Basic Earnings per Share,=,,usdpershare,1.23
Alcoa Corp,AA,ABPN11VOHLHX6QR7XQ48,0001675149,2017.0,Q1,2017-01-01,2017-03-31,2018-05-09 17:07:05+00:00,dilutedeps,weightedavedilutedsharesos,Weighted Average Diluted Shares Outstanding,/,,shares,184000000.0
Alcoa Corp,AA,ABPN11VOHLHX6QR7XQ48,0001675149,2017.0,Q1,2017-01-01,2017-03-31,2018-05-09 17:07:05+00:00,,dilutedeps,Diluted Earnings per Share,=,,usdpershare,1.21
Alcoa Corp,AA,ABPN11VOHLHX6QR7XQ48,0001675149,2017.0,Q1,2017-01-01,2017-03-31,2018-05-09 17:07:05+00:00,basicdilutedeps,weightedavebasicdilutedsharesos,Weighted Average Basic & Diluted Shares Outstanding,/,,shares,184000000.0
Alcoa Corp,AA,ABPN11VOHLHX6QR7XQ48,0001675149,2017.0,Q1,2017-01-01,2017-03-31,2018-05-09 17:07:05+00:00,,basicdilutedeps,Basic & Diluted Earnings per Share,=,,usdpershare,1.23
Alcoa Corp,AA,ABPN11VOHLHX6QR7XQ48,0001675149,2017.0,Q2,2017-04-01,2017-06-30,2018-08-02 17:07:05+00:00,totalrevenue,operatingrevenue,Operating Revenue,+,credit,usd,2859000000.0
Alcoa Corp,AA,ABPN11VOHLHX6QR7XQ48,0001675149,2017.0,Q2,2017-04-01,2017-06-30,2018-08-02 17:07:05+00:00,totalgrossprofit,totalrevenue,Total Revenue,+,credit,usd,2859000000.0
Alcoa Corp,AA,ABPN11VOHLHX6QR7XQ48,0001675149,2017.0,Q2,2017-04-01,2017-06-30,2018-08-02 17:07:05+00:00,totalcostofrevenue,operatingcostofrevenue,Operating Cost of Revenue,+,debit,usd,2289000000.0
Alcoa Corp,AA,ABPN11VOHLHX6QR7XQ48,0001675149,2017.0,Q2,2017-04-01,2017-06-30,2018-08-02 17:07:05+00:00,totalgrossprofit,totalcostofrevenue,Total Cost of Revenue,-,debit,usd,2289000000.0
Alcoa Corp,AA,ABPN11VOHLHX6QR7XQ48,0001675149,2017.0,Q2,2017-04-01,2017-06-30,2018-08-02 17:07:05+00:00,totaloperatingincome,totalgrossprofit,Total Gross Profit,+,credit,usd,570000000.0
Alcoa Corp,AA,ABPN11VOHLHX6QR7XQ48,0001675149,2017.0,Q2,2017-04-01,2017-06-30,2018-08-02 17:07:05+00:00,totaloperatingexpenses,sgaexpense,"Selling, General & Admin Expense",+,debit,usd,70000000.0
Alcoa Corp,AA,ABPN11VOHLHX6QR7XQ48,0001675149,2017.0,Q2,2017-04-01,2017-06-30,2018-08-02 17:07:05+00:00,totaloperatingexpenses,rdexpense,Research & Development Expense,+,debit,usd,8000000.0
Alcoa Corp,AA,ABPN11VOHLHX6QR7XQ48,0001675149,2017.0,Q2,2017-04-01,2017-06-30,2018-08-02 17:07:05+00:00,totaloperatingexpenses,depreciationexpense,Depreciation Expense,+,debit,usd,190000000.0
Alcoa Corp,AA,ABPN11VOHLHX6QR7XQ48,0001675149,2017.0,Q2,2017-04-01,2017-06-30,2018-08-02 17:07:05+00:00,totaloperatingexpenses,restructuringcharge,Restructuring Charge,+,debit,usd,12000000.0
Alcoa Corp,AA,ABPN11VOHLHX6QR7XQ48,0001675149,2017.0,Q2,2017-04-01,2017-06-30,2018-08-02 17:07:05+00:00,totaloperatingincome,totaloperatingexpenses,Total Operating Expenses,-,debit,usd,280000000.0
Alcoa Corp,AA,ABPN11VOHLHX6QR7XQ48,0001675149,2017.0,Q2,2017-04-01,2017-06-30,2018-08-02 17:07:05+00:00,totalpretaxincome,totaloperatingincome,Total Operating Income,+,credit,usd,290000000.0
Alcoa Corp,AA,ABPN11VOHLHX6QR7XQ48,0001675149,2017.0,Q2,2017-04-01,2017-06-30,2018-08-02 17:07:05+00:00,totalotherincome,totalinterestexpense,Interest Expense,-,debit,usd,25000000.0
Alcoa Corp,AA,ABPN11VOHLHX6QR7XQ48,0001675149,2017.0,Q2,2017-04-01,2017-06-30,2018-08-02 17:07:05+00:00,totalotherincome,otherincome,"Other Income / (Expense), net",+,credit,usd,-28000000.0
Alcoa Corp,AA,ABPN11VOHLHX6QR7XQ48,0001675149,2017.0,Q2,2017-04-01,2017-06-30,2018-08-02 17:07:05+00:00,totalpretaxincome,totalotherincome,"Total Other Income / (Expense), net",+,credit,usd,-53000000.0
Alcoa Corp,AA,ABPN11VOHLHX6QR7XQ48,0001675149,2017.0,Q2,2017-04-01,2017-06-30,2018-08-02 17:07:05+00:00,netincomecontinuing,totalpretaxincome,Total Pre-Tax Income ,+,credit,usd,237000000.0
Alcoa Corp,AA,ABPN11VOHLHX6QR7XQ48,0001675149,2017.0,Q2,2017-04-01,2017-06-30,2018-08-02 17:07:05+00:00,netincomecontinuing,incometaxexpense,Income Tax Expense,-,debit,usd,99000000.0
Alcoa Corp,AA,ABPN11VOHLHX6QR7XQ48,0001675149,2017.0,Q2,2017-04-01,2017-06-30,2018-08-02 17:07:05+00:00,netincome,netincomecontinuing,Net Income / (Loss) Continuing Operations,+,credit,usd,138000000.0
Alcoa Corp,AA,ABPN11VOHLHX6QR7XQ48,0001675149,2017.0,Q2,2017-04-01,2017-06-30,2018-08-02 17:07:05+00:00,netincometocommon,netincome,Consolidated Net Income / (Loss),+,credit,usd,138000000.0
Alcoa Corp,AA,ABPN11VOHLHX6QR7XQ48,0001675149,2017.0,Q2,2017-04-01,2017-06-30,2018-08-02 17:07:05+00:00,netincometocommon,netincometononcontrollinginterest,Net Income / (Loss) Attributable to Noncontrolling Interest,-,debit,usd,63000000.0
Alcoa Corp,AA,ABPN11VOHLHX6QR7XQ48,0001675149,2017.0,Q2,2017-04-01,2017-06-30,2018-08-02 17:07:05+00:00,,netincometocommon,Net Income / (Loss) Attributable to Common Shareholders,=,credit,usd,75000000.0
Alcoa Corp,AA,ABPN11VOHLHX6QR7XQ48,0001675149,2017.0,Q2,2017-04-01,2017-06-30,2018-08-02 17:07:05+00:00,basiceps,weightedavebasicsharesos,Weighted Average Basic Shares Outstanding,/,,shares,184000000.0
Alcoa Corp,AA,ABPN11VOHLHX6QR7XQ48,0001675149,2017.0,Q2,2017-04-01,2017-06-30,2018-08-02 17:07:05+00:00,,basiceps,Basic Earnings per Share,=,,usdpershare,0.41
Alcoa Corp,AA,ABPN11VOHLHX6QR7XQ48,0001675149,2017.0,Q2,2017-04-01,2017-06-30,2018-08-02 17:07:05+00:00,dilutedeps,weightedavedilutedsharesos,Weighted Average Diluted Shares Outstanding,/,,shares,184000000.0
Alcoa Corp,AA,ABPN11VOHLHX6QR7XQ48,0001675149,2017.0,Q2,2017-04-01,2017-06-30,2018-08-02 17:07:05+00:00,,dilutedeps,Diluted Earnings per Share,=,,usdpershare,0.4
Alcoa Corp,AA,ABPN11VOHLHX6QR7XQ48,0001675149,2017.0,Q2,2017-04-01,2017-06-30,2018-08-02 17:07:05+00:00,basicdilutedeps,weightedavebasicdilutedsharesos,Weighted Average Basic & Diluted Shares Outstanding,/,,shares,184000000.0
Alcoa Corp,AA,ABPN11VOHLHX6QR7XQ48,0001675149,2017.0,Q2,2017-04-01,2017-06-30,2018-08-02 17:07:05+00:00,,basicdilutedeps,Basic & Diluted Earnings per Share,=,,usdpershare,0.41
Alcoa Corp,AA,ABPN11VOHLHX6QR7XQ48,0001675149,2017.0,Q3,2017-07-01,2017-09-30,2018-11-02 16:44:58+00:00,totalrevenue,operatingrevenue,Operating Revenue,+,credit,usd,2964000000.0
Alcoa Corp,AA,ABPN11VOHLHX6QR7XQ48,0001675149,2017.0,Q3,2017-07-01,2017-09-30,2018-11-02 16:44:58+00:00,totalgrossprofit,totalrevenue,Total Revenue,+,credit,usd,2964000000.0
Alcoa Corp,AA,ABPN11VOHLHX6QR7XQ48,0001675149,2017.0,Q3,2017-07-01,2017-09-30,2018-11-02 16:44:58+00:00,totalcostofrevenue,operatingcostofrevenue,Operating Cost of Revenue,+,debit,usd,2340000000.0
Alcoa Corp,AA,ABPN11VOHLHX6QR7XQ48,0001675149,2017.0,Q3,2017-07-01,2017-09-30,2018-11-02 16:44:58+00:00,totalgrossprofit,totalcostofrevenue,Total Cost of Revenue,-,debit,usd,2340000000.0
Alcoa Corp,AA,ABPN11VOHLHX6QR7XQ48,0001675149,2017.0,Q3,2017-07-01,2017-09-30,2018-11-02 16:44:58+00:00,totaloperatingincome,totalgrossprofit,Total Gross Profit,+,credit,usd,624000000.0
Alcoa Corp,AA,ABPN11VOHLHX6QR7XQ48,0001675149,2017.0,Q3,2017-07-01,2017-09-30,2018-11-02 16:44:58+00:00,totaloperatingexpenses,sgaexpense,"Selling, General & Admin Expense",+,debit,usd,70000000.0
Alcoa Corp,AA,ABPN11VOHLHX6QR7XQ48,0001675149,2017.0,Q3,2017-07-01,2017-09-30,2018-11-02 16:44:58+00:00,totaloperatingexpenses,rdexpense,Research & Development Expense,+,debit,usd,8000000.0
Alcoa Corp,AA,ABPN11VOHLHX6QR7XQ48,0001675149,2017.0,Q3,2017-07-01,2017-09-30,2018-11-02 16:44:58+00:00,totaloperatingexpenses,depreciationexpense,Depreciation Expense,+,debit,usd,194000000.0
Alcoa Corp,AA,ABPN11VOHLHX6QR7XQ48,0001675149,2017.0,Q3,2017-07-01,2017-09-30,2018-11-02 16:44:58+00:00,totaloperatingexpenses,restructuringcharge,Restructuring Charge,+,debit,usd,-10000000.0
Alcoa Corp,AA,ABPN11VOHLHX6QR7XQ48,0001675149,2017.0,Q3,2017-07-01,2017-09-30,2018-11-02 16:44:58+00:00,totaloperatingincome,totaloperatingexpenses,Total Operating Expenses,-,debit,usd,262000000.0
Alcoa Corp,AA,ABPN11VOHLHX6QR7XQ48,0001675149,2017.0,Q3,2017-07-01,2017-09-30,2018-11-02 16:44:58+00:00,totalpretaxincome,totaloperatingincome,Total Operating Income,+,credit,usd,362000000.0
Alcoa Corp,AA,ABPN11VOHLHX6QR7XQ48,0001675149,2017.0,Q3,2017-07-01,2017-09-30,2018-11-02 16:44:58+00:00,totalotherincome,totalinterestexpense,Interest Expense,-,debit,usd,26000000.0
Alcoa Corp,AA,ABPN11VOHLHX6QR7XQ48,0001675149,2017.0,Q3,2017-07-01,2017-09-30,2018-11-02 16:44:58+00:00,totalotherincome,otherincome,"Other Income / (Expense), net",+,credit,usd,-48000000.0
Alcoa Corp,AA,ABPN11VOHLHX6QR7XQ48,0001675149,2017.0,Q3,2017-07-01,2017-09-30,2018-11-02 16:44:58+00:00,totalpretaxincome,totalotherincome,"Total Other Income / (Expense), net",+,credit,usd,-74000000.0
Alcoa Corp,AA,ABPN11VOHLHX6QR7XQ48,0001675149,2017.0,Q3,2017-07-01,2017-09-30,2018-11-02 16:44:58+00:00,netincomecontinuing,totalpretaxincome,Total Pre-Tax Income ,+,credit,usd,288000000.0
Alcoa Corp,AA,ABPN11VOHLHX6QR7XQ48,0001675149,2017.0,Q3,2017-07-01,2017-09-30,2018-11-02 16:44:58+00:00,netincomecontinuing,incometaxexpense,Income Tax Expense,-,debit,usd,119000000.0
Alcoa Corp,AA,ABPN11VOHLHX6QR7XQ48,0001675149,2017.0,Q3,2017-07-01,2017-09-30,2018-11-02 16:44:58+00:00,netincome,netincomecontinuing,Net Income / (Loss) Continuing Operations,+,credit,usd,169000000.0
Alcoa Corp,AA,ABPN11VOHLHX6QR7XQ48,0001675149,2017.0,Q3,2017-07-01,2017-09-30,2018-11-02 16:44:58+00:00,netincometocommon,netincome,Consolidated Net Income / (Loss),+,credit,usd,169000000.0
Alcoa Corp,AA,ABPN11VOHLHX6QR7XQ48,0001675149,2017.0,Q3,2017-07-01,2017-09-30,2018-11-02 16:44:58+00:00,netincometocommon,netincometononcontrollinginterest,Net Income / (Loss) Attributable to Noncontrolling Interest,-,debit,usd,56000000.0
Alcoa Corp,AA,ABPN11VOHLHX6QR7XQ48,0001675149,2017.0,Q3,2017-07-01,2017-09-30,2018-11-02 16:44:58+00:00,,netincometocommon,Net Income / (Loss) Attributable to Common Shareholders,=,credit,usd,113000000.0
Alcoa Corp,AA,ABPN11VOHLHX6QR7XQ48,0001675149,2017.0,Q3,2017-07-01,2017-09-30,2018-11-02 16:44:58+00:00,basiceps,weightedavebasicsharesos,Weighted Average Basic Shares Outstanding,/,,shares,185000000.0
Alcoa Corp,AA,ABPN11VOHLHX6QR7XQ48,0001675149,2017.0,Q3,2017-07-01,2017-09-30,2018-11-02 16:44:58+00:00,,basiceps,Basic Earnings per Share,=,,usdpershare,0.61
Alcoa Corp,AA,ABPN11VOHLHX6QR7XQ48,0001675149,2017.0,Q3,2017-07-01,2017-09-30,2018-11-02 16:44:58+00:00,dilutedeps,weightedavedilutedsharesos,Weighted Average Diluted Shares Outstanding,/,,shares,185000000.0
Alcoa Corp,AA,ABPN11VOHLHX6QR7XQ48,0001675149,2017.0,Q3,2017-07-01,2017-09-30,2018-11-02 16:44:58+00:00,,dilutedeps,Diluted Earnings per Share,=,,usdpershare,0.6
Alcoa Corp,AA,ABPN11VOHLHX6QR7XQ48,0001675149,2017.0,Q3,2017-07-01,2017-09-30,2018-11-02 16:44:58+00:00,basicdilutedeps,weightedavebasicdilutedsharesos,Weighted Average Basic & Diluted Shares Outstanding,/,,shares,185000000.0
Alcoa Corp,AA,ABPN11VOHLHX6QR7XQ48,0001675149,2017.0,Q3,2017-07-01,2017-09-30,2018-11-02 16:44:58+00:00,,basicdilutedeps,Basic & Diluted Earnings per Share,=,,usdpershare,0.61
Alcoa Corp,AA,ABPN11VOHLHX6QR7XQ48,0001675149,2017.0,Q4,2017-10-01,2017-12-31,,totalrevenue,operatingrevenue,Operating Revenue,+,credit,usd,3174000000.0
Alcoa Corp,AA,ABPN11VOHLHX6QR7XQ48,0001675149,2017.0,Q4,2017-10-01,2017-12-31,,totalgrossprofit,totalrevenue,Total Revenue,+,credit,usd,3174000000.0
Alcoa Corp,AA,ABPN11VOHLHX6QR7XQ48,0001675149,2017.0,Q4,2017-10-01,2017-12-31,,totalcostofrevenue,operatingcostofrevenue,Operating Cost of Revenue,+,debit,usd,2298000000.0
Alcoa Corp,AA,ABPN11VOHLHX6QR7XQ48,0001675149,2017.0,Q4,2017-10-01,2017-12-31,,totalgrossprofit,totalcostofrevenue,Total Cost of Revenue,-,debit,usd,2298000000.0
Alcoa Corp,AA,ABPN11VOHLHX6QR7XQ48,0001675149,2017.0,Q4,2017-10-01,2017-12-31,,totaloperatingincome,totalgrossprofit,Total Gross Profit,+,credit,usd,876000000.0
Alcoa Corp,AA,ABPN11VOHLHX6QR7XQ48,0001675149,2017.0,Q4,2017-10-01,2017-12-31,,totaloperatingexpenses,sgaexpense,"Selling, General & Admin Expense",+,debit,usd,69000000.0
Alcoa Corp,AA,ABPN11VOHLHX6QR7XQ48,0001675149,2017.0,Q4,2017-10-01,2017-12-31,,totaloperatingexpenses,rdexpense,Research & Development Expense,+,debit,usd,9000000.0
Alcoa Corp,AA,ABPN11VOHLHX6QR7XQ48,0001675149,2017.0,Q4,2017-10-01,2017-12-31,,totaloperatingexpenses,depreciationexpense,Depreciation Expense,+,debit,usd,187000000.0
Alcoa Corp,AA,ABPN11VOHLHX6QR7XQ48,0001675149,2017.0,Q4,2017-10-01,2017-12-31,,totaloperatingexpenses,restructuringcharge,Restructuring Charge,+,debit,usd,297000000.0
Alcoa Corp,AA,ABPN11VOHLHX6QR7XQ48,0001675149,2017.0,Q4,2017-10-01,2017-12-31,,totaloperatingincome,totaloperatingexpenses,Total Operating Expenses,-,debit,usd,562000000.0
Alcoa Corp,AA,ABPN11VOHLHX6QR7XQ48,0001675149,2017.0,Q4,2017-10-01,2017-12-31,,totalpretaxincome,totaloperatingincome,Total Operating Income,+,credit,usd,314000000.0
Alcoa Corp,AA,ABPN11VOHLHX6QR7XQ48,0001675149,2017.0,Q4,2017-10-01,2017-12-31,,totalotherincome,totalinterestexpense,Interest Expense,-,debit,usd,27000000.0
Alcoa Corp,AA,ABPN11VOHLHX6QR7XQ48,0001675149,2017.0,Q4,2017-10-01,2017-12-31,,totalotherincome,otherincome,"Other Income / (Expense), net",+,credit,usd,-30000000.0
Alcoa Corp,AA,ABPN11VOHLHX6QR7XQ48,0001675149,2017.0,Q4,2017-10-01,2017-12-31,,totalpretaxincome,totalotherincome,"Total Other Income / (Expense), net",+,credit,usd,-57000000.0
Alcoa Corp,AA,ABPN11VOHLHX6QR7XQ48,0001675149,2017.0,Q4,2017-10-01,2017-12-31,,netincomecontinuing,totalpretaxincome,Total Pre-Tax Income ,+,credit,usd,257000000.0
Alcoa Corp,AA,ABPN11VOHLHX6QR7XQ48,0001675149,2017.0,Q4,2017-10-01,2017-12-31,,netincomecontinuing,incometaxexpense,Income Tax Expense,-,debit,usd,264000000.0
Alcoa Corp,AA,ABPN11VOHLHX6QR7XQ48,0001675149,2017.0,Q4,2017-10-01,2017-12-31,,netincome,netincomecontinuing,Net Income / (Loss) Continuing Operations,+,credit,usd,-7000000.0
Alcoa Corp,AA,ABPN11VOHLHX6QR7XQ48,0001675149,2017.0,Q4,2017-10-01,2017-12-31,,netincometocommon,netincome,Consolidated Net Income / (Loss),+,credit,usd,-7000000.0
Alcoa Corp,AA,ABPN11VOHLHX6QR7XQ48,0001675149,2017.0,Q4,2017-10-01,2017-12-31,,netincometocommon,netincometononcontrollinginterest,Net Income / (Loss) Attributable to Noncontrolling Interest,-,debit,usd,127000000.0
Alcoa Corp,AA,ABPN11VOHLHX6QR7XQ48,0001675149,2017.0,Q4,2017-10-01,2017-12-31,,,netincometocommon,Net Income / (Loss) Attributable to Common Shareholders,=,credit,usd,-134000000.0
Alcoa Corp,AA,ABPN11VOHLHX6QR7XQ48,0001675149,2017.0,Q4,2017-10-01,2017-12-31,,basiceps,weightedavebasicsharesos,Weighted Average Basic Shares Outstanding,/,,shares,184000000.0
Alcoa Corp,AA,ABPN11VOHLHX6QR7XQ48,0001675149,2017.0,Q4,2017-10-01,2017-12-31,,,basiceps,Basic Earnings per Share,=,,usdpershare,-0.74
Alcoa Corp,AA,ABPN11VOHLHX6QR7XQ48,0001675149,2017.0,Q4,2017-10-01,2017-12-31,,dilutedeps,weightedavedilutedsharesos,Weighted Average Diluted Shares Outstanding,/,,shares,184000000.0
Alcoa Corp,AA,ABPN11VOHLHX6QR7XQ48,0001675149,2017.0,Q4,2017-10-01,2017-12-31,,,dilutedeps,Diluted Earnings per Share,=,,usdpershare,-0.72
Alcoa Corp,AA,ABPN11VOHLHX6QR7XQ48,0001675149,2017.0,Q4,2017-10-01,2017-12-31,,basicdilutedeps,weightedavebasicdilutedsharesos,Weighted Average Basic & Diluted Shares Outstanding,/,,shares,184000000.0
Alcoa Corp,AA,ABPN11VOHLHX6QR7XQ48,0001675149,2017.0,Q4,2017-10-01,2017-12-31,,,basicdilutedeps,Basic & Diluted Earnings per Share,=,,usdpershare,-0.74
Alcoa Corp,AA,ABPN11VOHLHX6QR7XQ48,0001675149,2018.0,Q1,2018-01-01,2018-03-31,2019-05-09 16:16:50+00:00,totalrevenue,operatingrevenue,Operating Revenue,+,credit,usd,3090000000.0
Alcoa Corp,AA,ABPN11VOHLHX6QR7XQ48,0001675149,2018.0,Q1,2018-01-01,2018-03-31,2019-05-09 16:16:50+00:00,totalgrossprofit,totalrevenue,Total Revenue,+,credit,usd,3090000000.0
Alcoa Corp,AA,ABPN11VOHLHX6QR7XQ48,0001675149,2018.0,Q1,2018-01-01,2018-03-31,2019-05-09 16:16:50+00:00,totalcostofrevenue,operatingcostofrevenue,Operating Cost of Revenue,+,debit,usd,2302000000.0
Alcoa Corp,AA,ABPN11VOHLHX6QR7XQ48,0001675149,2018.0,Q1,2018-01-01,2018-03-31,2019-05-09 16:16:50+00:00,totalgrossprofit,totalcostofrevenue,Total Cost of Revenue,-,debit,usd,2302000000.0
Alcoa Corp,AA,ABPN11VOHLHX6QR7XQ48,0001675149,2018.0,Q1,2018-01-01,2018-03-31,2019-05-09 16:16:50+00:00,totaloperatingincome,totalgrossprofit,Total Gross Profit,+,credit,usd,788000000.0
Alcoa Corp,AA,ABPN11VOHLHX6QR7XQ48,0001675149,2018.0,Q1,2018-01-01,2018-03-31,2019-05-09 16:16:50+00:00,totaloperatingexpenses,sgaexpense,"Selling, General & Admin Expense",+,debit,usd,67000000.0
Alcoa Corp,AA,ABPN11VOHLHX6QR7XQ48,0001675149,2018.0,Q1,2018-01-01,2018-03-31,2019-05-09 16:16:50+00:00,totaloperatingexpenses,rdexpense,Research & Development Expense,+,debit,usd,8000000.0
Alcoa Corp,AA,ABPN11VOHLHX6QR7XQ48,0001675149,2018.0,Q1,2018-01-01,2018-03-31,2019-05-09 16:16:50+00:00,totaloperatingexpenses,depreciationexpense,Depreciation Expense,+,debit,usd,194000000.0
Alcoa Corp,AA,ABPN11VOHLHX6QR7XQ48,0001675149,2018.0,Q1,2018-01-01,2018-03-31,2019-05-09 16:16:50+00:00,totaloperatingexpenses,restructuringcharge,Restructuring Charge,+,debit,usd,-19000000.0
Alcoa Corp,AA,ABPN11VOHLHX6QR7XQ48,0001675149,2018.0,Q1,2018-01-01,2018-03-31,2019-05-09 16:16:50+00:00,totaloperatingincome,totaloperatingexpenses,Total Operating Expenses,-,debit,usd,250000000.0
Alcoa Corp,AA,ABPN11VOHLHX6QR7XQ48,0001675149,2018.0,Q1,2018-01-01,2018-03-31,2019-05-09 16:16:50+00:00,totalpretaxincome,totaloperatingincome,Total Operating Income,+,credit,usd,538000000.0
Alcoa Corp,AA,ABPN11VOHLHX6QR7XQ48,0001675149,2018.0,Q1,2018-01-01,2018-03-31,2019-05-09 16:16:50+00:00,totalotherincome,totalinterestexpense,Interest Expense,-,debit,usd,26000000.0
Alcoa Corp,AA,ABPN11VOHLHX6QR7XQ48,0001675149,2018.0,Q1,2018-01-01,2018-03-31,2019-05-09 16:16:50+00:00,totalotherincome,otherincome,"Other Income / (Expense), net",+,credit,usd,-21000000.0
Alcoa Corp,AA,ABPN11VOHLHX6QR7XQ48,0001675149,2018.0,Q1,2018-01-01,2018-03-31,2019-05-09 16:16:50+00:00,totalpretaxincome,totalotherincome,"Total Other Income / (Expense), net",+,credit,usd,-47000000.0
Alcoa Corp,AA,ABPN11VOHLHX6QR7XQ48,0001675149,2018.0,Q1,2018-01-01,2018-03-31,2019-05-09 16:16:50+00:00,netincomecontinuing,totalpretaxincome,Total Pre-Tax Income ,+,credit,usd,491000000.0
Alcoa Corp,AA,ABPN11VOHLHX6QR7XQ48,0001675149,2018.0,Q1,2018-01-01,2018-03-31,2019-05-09 16:16:50+00:00,netincomecontinuing,incometaxexpense,Income Tax Expense,-,debit,usd,151000000.0
Alcoa Corp,AA,ABPN11VOHLHX6QR7XQ48,0001675149,2018.0,Q1,2018-01-01,2018-03-31,2019-05-09 16:16:50+00:00,netincome,netincomecontinuing,Net Income / (Loss) Continuing Operations,+,credit,usd,340000000.0
Alcoa Corp,AA,ABPN11VOHLHX6QR7XQ48,0001675149,2018.0,Q1,2018-01-01,2018-03-31,2019-05-09 16:16:50+00:00,netincometocommon,netincome,Consolidated Net Income / (Loss),+,credit,usd,340000000.0
Alcoa Corp,AA,ABPN11VOHLHX6QR7XQ48,0001675149,2018.0,Q1,2018-01-01,2018-03-31,2019-05-09 16:16:50+00:00,netincometocommon,netincometononcontrollinginterest,Net Income / (Loss) Attributable to Noncontrolling Interest,-,debit,usd,145000000.0
Alcoa Corp,AA,ABPN11VOHLHX6QR7XQ48,0001675149,2018.0,Q1,2018-01-01,2018-03-31,2019-05-09 16:16:50+00:00,,netincometocommon,Net Income / (Loss) Attributable to Common Shareholders,=,credit,usd,195000000.0
Alcoa Corp,AA,ABPN11VOHLHX6QR7XQ48,0001675149,2018.0,Q1,2018-01-01,2018-03-31,2019-05-09 16:16:50+00:00,basiceps,weightedavebasicsharesos,Weighted Average Basic Shares Outstanding,/,,shares,186000000.0
Alcoa Corp,AA,ABPN11VOHLHX6QR7XQ48,0001675149,2018.0,Q1,2018-01-01,2018-03-31,2019-05-09 16:16:50+00:00,,basiceps,Basic Earnings per Share,=,,usdpershare,1.05
Alcoa Corp,AA,ABPN11VOHLHX6QR7XQ48,0001675149,2018.0,Q1,2018-01-01,2018-03-31,2019-05-09 16:16:50+00:00,dilutedeps,weightedavedilutedsharesos,Weighted Average Diluted Shares Outstanding,/,,shares,186000000.0
Alcoa Corp,AA,ABPN11VOHLHX6QR7XQ48,0001675149,2018.0,Q1,2018-01-01,2018-03-31,2019-05-09 16:16:50+00:00,,dilutedeps,Diluted Earnings per Share,=,,usdpershare,1.04
Alcoa Corp,AA,ABPN11VOHLHX6QR7XQ48,0001675149,2018.0,Q1,2018-01-01,2018-03-31,2019-05-09 16:16:50+00:00,basicdilutedeps,weightedavebasicdilutedsharesos,Weighted Average Basic & Diluted Shares Outstanding,/,,shares,812500000.0
Alcoa Corp,AA,ABPN11VOHLHX6QR7XQ48,0001675149,2018.0,Q1,2018-01-01,2018-03-31,2019-05-09 16:16:50+00:00,,basicdilutedeps,Basic & Diluted Earnings per Share,=,,usdpershare,0.24
Alcoa Corp,AA,ABPN11VOHLHX6QR7XQ48,0001675149,2018.0,Q2,2018-04-01,2018-06-30,2019-07-31 16:52:34+00:00,totalrevenue,operatingrevenue,Operating Revenue,+,credit,usd,3579000000.0
Alcoa Corp,AA,ABPN11VOHLHX6QR7XQ48,0001675149,2018.0,Q2,2018-04-01,2018-06-30,2019-07-31 16:52:34+00:00,totalgrossprofit,totalrevenue,Total Revenue,+,credit,usd,3579000000.0
Alcoa Corp,AA,ABPN11VOHLHX6QR7XQ48,0001675149,2018.0,Q2,2018-04-01,2018-06-30,2019-07-31 16:52:34+00:00,totalcostofrevenue,operatingcostofrevenue,Operating Cost of Revenue,+,debit,usd,2753000000.0
Alcoa Corp,AA,ABPN11VOHLHX6QR7XQ48,0001675149,2018.0,Q2,2018-04-01,2018-06-30,2019-07-31 16:52:34+00:00,totalgrossprofit,totalcostofrevenue,Total Cost of Revenue,-,debit,usd,2753000000.0
Alcoa Corp,AA,ABPN11VOHLHX6QR7XQ48,0001675149,2018.0,Q2,2018-04-01,2018-06-30,2019-07-31 16:52:34+00:00,totaloperatingincome,totalgrossprofit,Total Gross Profit,+,credit,usd,826000000.0
Alcoa Corp,AA,ABPN11VOHLHX6QR7XQ48,0001675149,2018.0,Q2,2018-04-01,2018-06-30,2019-07-31 16:52:34+00:00,totaloperatingexpenses,sgaexpense,"Selling, General & Admin Expense",+,debit,usd,64000000.0
Alcoa Corp,AA,ABPN11VOHLHX6QR7XQ48,0001675149,2018.0,Q2,2018-04-01,2018-06-30,2019-07-31 16:52:34+00:00,totaloperatingexpenses,rdexpense,Research & Development Expense,+,debit,usd,9000000.0
Alcoa Corp,AA,ABPN11VOHLHX6QR7XQ48,0001675149,2018.0,Q2,2018-04-01,2018-06-30,2019-07-31 16:52:34+00:00,totaloperatingexpenses,depreciationexpense,Depreciation Expense,+,debit,usd,192000000.0
Alcoa Corp,AA,ABPN11VOHLHX6QR7XQ48,0001675149,2018.0,Q2,2018-04-01,2018-06-30,2019-07-31 16:52:34+00:00,totaloperatingexpenses,restructuringcharge,Restructuring Charge,+,debit,usd,231000000.0
Alcoa Corp,AA,ABPN11VOHLHX6QR7XQ48,0001675149,2018.0,Q2,2018-04-01,2018-06-30,2019-07-31 16:52:34+00:00,totaloperatingincome,totaloperatingexpenses,Total Operating Expenses,-,debit,usd,496000000.0
Alcoa Corp,AA,ABPN11VOHLHX6QR7XQ48,0001675149,2018.0,Q2,2018-04-01,2018-06-30,2019-07-31 16:52:34+00:00,totalpretaxincome,totaloperatingincome,Total Operating Income,+,credit,usd,330000000.0
Alcoa Corp,AA,ABPN11VOHLHX6QR7XQ48,0001675149,2018.0,Q2,2018-04-01,2018-06-30,2019-07-31 16:52:34+00:00,totalotherincome,totalinterestexpense,Interest Expense,-,debit,usd,32000000.0
Alcoa Corp,AA,ABPN11VOHLHX6QR7XQ48,0001675149,2018.0,Q2,2018-04-01,2018-06-30,2019-07-31 16:52:34+00:00,totalotherincome,otherincome,"Other Income / (Expense), net",+,credit,usd,-9000000.0
Alcoa Corp,AA,ABPN11VOHLHX6QR7XQ48,0001675149,2018.0,Q2,2018-04-01,2018-06-30,2019-07-31 16:52:34+00:00,totalpretaxincome,totalotherincome,"Total Other Income / (Expense), net",+,credit,usd,-41000000.0
Alcoa Corp,AA,ABPN11VOHLHX6QR7XQ48,0001675149,2018.0,Q2,2018-04-01,2018-06-30,2019-07-31 16:52:34+00:00,netincomecontinuing,totalpretaxincome,Total Pre-Tax Income ,+,credit,usd,289000000.0
Alcoa Corp,AA,ABPN11VOHLHX6QR7XQ48,0001675149,2018.0,Q2,2018-04-01,2018-06-30,2019-07-31 16:52:34+00:00,netincomecontinuing,incometaxexpense,Income Tax Expense,-,debit,usd,158000000.0
Alcoa Corp,AA,ABPN11VOHLHX6QR7XQ48,0001675149,2018.0,Q2,2018-04-01,2018-06-30,2019-07-31 16:52:34+00:00,netincome,netincomecontinuing,Net Income / (Loss) Continuing Operations,+,credit,usd,131000000.0
Alcoa Corp,AA,ABPN11VOHLHX6QR7XQ48,0001675149,2018.0,Q2,2018-04-01,2018-06-30,2019-07-31 16:52:34+00:00,netincometocommon,netincome,Consolidated Net Income / (Loss),+,credit,usd,131000000.0
Alcoa Corp,AA,ABPN11VOHLHX6QR7XQ48,0001675149,2018.0,Q2,2018-04-01,2018-06-30,2019-07-31 16:52:34+00:00,netincometocommon,netincometononcontrollinginterest,Net Income / (Loss) Attributable to Noncontrolling Interest,-,debit,usd,121000000.0
Alcoa Corp,AA,ABPN11VOHLHX6QR7XQ48,0001675149,2018.0,Q2,2018-04-01,2018-06-30,2019-07-31 16:52:34+00:00,,netincometocommon,Net Income / (Loss) Attributable to Common Shareholders,=,credit,usd,10000000.0
Alcoa Corp,AA,ABPN11VOHLHX6QR7XQ48,0001675149,2018.0,Q2,2018-04-01,2018-06-30,2019-07-31 16:52:34+00:00,basiceps,weightedavebasicsharesos,Weighted Average Basic Shares Outstanding,/,,shares,200000000.0
Alcoa Corp,AA,ABPN11VOHLHX6QR7XQ48,0001675149,2018.0,Q2,2018-04-01,2018-06-30,2019-07-31 16:52:34+00:00,,basiceps,Basic Earnings per Share,=,,usdpershare,0.05
Alcoa Corp,AA,ABPN11VOHLHX6QR7XQ48,0001675149,2018.0,Q2,2018-04-01,2018-06-30,2019-07-31 16:52:34+00:00,dilutedeps,weightedavedilutedsharesos,Weighted Average Diluted Shares Outstanding,/,,shares,200000000.0
Alcoa Corp,AA,ABPN11VOHLHX6QR7XQ48,0001675149,2018.0,Q2,2018-04-01,2018-06-30,2019-07-31 16:52:34+00:00,,dilutedeps,Diluted Earnings per Share,=,,usdpershare,0.05
Alcoa Corp,AA,ABPN11VOHLHX6QR7XQ48,0001675149,2018.0,Q2,2018-04-01,2018-06-30,2019-07-31 16:52:34+00:00,basicdilutedeps,weightedavebasicdilutedsharesos,Weighted Average Basic & Diluted Shares Outstanding,/,,shares,200000000.0
Alcoa Corp,AA,ABPN11VOHLHX6QR7XQ48,0001675149,2018.0,Q2,2018-04-01,2018-06-30,2019-07-31 16:52:34+00:00,,basicdilutedeps,Basic & Diluted Earnings per Share,=,,usdpershare,0.05
Alcoa Corp,AA,ABPN11VOHLHX6QR7XQ48,0001675149,2018.0,Q3,2018-07-01,2018-09-30,2019-10-31 16:17:24+00:00,totalrevenue,operatingrevenue,Operating Revenue,+,credit,usd,3390000000.0
Alcoa Corp,AA,ABPN11VOHLHX6QR7XQ48,0001675149,2018.0,Q3,2018-07-01,2018-09-30,2019-10-31 16:17:24+00:00,totalgrossprofit,totalrevenue,Total Revenue,+,credit,usd,3390000000.0
Alcoa Corp,AA,ABPN11VOHLHX6QR7XQ48,0001675149,2018.0,Q3,2018-07-01,2018-09-30,2019-10-31 16:17:24+00:00,totalcostofrevenue,operatingcostofrevenue,Operating Cost of Revenue,+,debit,usd,2485000000.0
Alcoa Corp,AA,ABPN11VOHLHX6QR7XQ48,0001675149,2018.0,Q3,2018-07-01,2018-09-30,2019-10-31 16:17:24+00:00,totalgrossprofit,totalcostofrevenue,Total Cost of Revenue,-,debit,usd,2485000000.0
Alcoa Corp,AA,ABPN11VOHLHX6QR7XQ48,0001675149,2018.0,Q3,2018-07-01,2018-09-30,2019-10-31 16:17:24+00:00,totaloperatingincome,totalgrossprofit,Total Gross Profit,+,credit,usd,905000000.0
Alcoa Corp,AA,ABPN11VOHLHX6QR7XQ48,0001675149,2018.0,Q3,2018-07-01,2018-09-30,2019-10-31 16:17:24+00:00,totaloperatingexpenses,sgaexpense,"Selling, General & Admin Expense",+,debit,usd,58000000.0
Alcoa Corp,AA,ABPN11VOHLHX6QR7XQ48,0001675149,2018.0,Q3,2018-07-01,2018-09-30,2019-10-31 16:17:24+00:00,totaloperatingexpenses,rdexpense,Research & Development Expense,+,debit,usd,7000000.0
Alcoa Corp,AA,ABPN11VOHLHX6QR7XQ48,0001675149,2018.0,Q3,2018-07-01,2018-09-30,2019-10-31 16:17:24+00:00,totaloperatingexpenses,depreciationexpense,Depreciation Expense,+,debit,usd,173000000.0
Alcoa Corp,AA,ABPN11VOHLHX6QR7XQ48,0001675149,2018.0,Q3,2018-07-01,2018-09-30,2019-10-31 16:17:24+00:00,totaloperatingexpenses,restructuringcharge,Restructuring Charge,+,debit,usd,177000000.0
Alcoa Corp,AA,ABPN11VOHLHX6QR7XQ48,0001675149,2018.0,Q3,2018-07-01,2018-09-30,2019-10-31 16:17:24+00:00,totaloperatingincome,totaloperatingexpenses,Total Operating Expenses,-,debit,usd,415000000.0
Alcoa Corp,AA,ABPN11VOHLHX6QR7XQ48,0001675149,2018.0,Q3,2018-07-01,2018-09-30,2019-10-31 16:17:24+00:00,totalpretaxincome,totaloperatingincome,Total Operating Income,+,credit,usd,490000000.0
Alcoa Corp,AA,ABPN11VOHLHX6QR7XQ48,0001675149,2018.0,Q3,2018-07-01,2018-09-30,2019-10-31 16:17:24+00:00,totalotherincome,totalinterestexpense,Interest Expense,-,debit,usd,33000000.0
Alcoa Corp,AA,ABPN11VOHLHX6QR7XQ48,0001675149,2018.0,Q3,2018-07-01,2018-09-30,2019-10-31 16:17:24+00:00,totalotherincome,otherincome,"Other Income / (Expense), net",+,credit,usd,-2000000.0
Alcoa Corp,AA,ABPN11VOHLHX6QR7XQ48,0001675149,2018.0,Q3,2018-07-01,2018-09-30,2019-10-31 16:17:24+00:00,totalpretaxincome,totalotherincome,"Total Other Income / (Expense), net",+,credit,usd,-35000000.0
Alcoa Corp,AA,ABPN11VOHLHX6QR7XQ48,0001675149,2018.0,Q3,2018-07-01,2018-09-30,2019-10-31 16:17:24+00:00,netincomecontinuing,totalpretaxincome,Total Pre-Tax Income ,+,credit,usd,455000000.0
Alcoa Corp,AA,ABPN11VOHLHX6QR7XQ48,0001675149,2018.0,Q3,2018-07-01,2018-09-30,2019-10-31 16:17:24+00:00,netincomecontinuing,incometaxexpense,Income Tax Expense,-,debit,usd,260000000.0
Alcoa Corp,AA,ABPN11VOHLHX6QR7XQ48,0001675149,2018.0,Q3,2018-07-01,2018-09-30,2019-10-31 16:17:24+00:00,netincome,netincomecontinuing,Net Income / (Loss) Continuing Operations,+,credit,usd,195000000.0
Alcoa Corp,AA,ABPN11VOHLHX6QR7XQ48,0001675149,2018.0,Q3,2018-07-01,2018-09-30,2019-10-31 16:17:24+00:00,netincometocommon,netincome,Consolidated Net Income / (Loss),+,credit,usd,195000000.0
Alcoa Corp,AA,ABPN11VOHLHX6QR7XQ48,0001675149,2018.0,Q3,2018-07-01,2018-09-30,2019-10-31 16:17:24+00:00,netincometocommon,netincometononcontrollinginterest,Net Income / (Loss) Attributable to Noncontrolling Interest,-,debit,usd,201000000.0
Alcoa Corp,AA,ABPN11VOHLHX6QR7XQ48,0001675149,2018.0,Q3,2018-07-01,2018-09-30,2019-10-31 16:17:24+00:00,,netincometocommon,Net Income / (Loss) Attributable to Common Shareholders,=,credit,usd,-6000000.0
Alcoa Corp,AA,ABPN11VOHLHX6QR7XQ48,0001675149,2018.0,Q3,2018-07-01,2018-09-30,2019-10-31 16:17:24+00:00,basiceps,weightedavebasicsharesos,Weighted Average Basic Shares Outstanding,/,,shares,200000000.0
Alcoa Corp,AA,ABPN11VOHLHX6QR7XQ48,0001675149,2018.0,Q3,2018-07-01,2018-09-30,2019-10-31 16:17:24+00:00,,basiceps,Basic Earnings per Share,=,,usdpershare,-0.03
Alcoa Corp,AA,ABPN11VOHLHX6QR7XQ48,0001675149,2018.0,Q3,2018-07-01,2018-09-30,2019-10-31 16:17:24+00:00,dilutedeps,weightedavedilutedsharesos,Weighted Average Diluted Shares Outstanding,/,,shares,200000000.0
Alcoa Corp,AA,ABPN11VOHLHX6QR7XQ48,0001675149,2018.0,Q3,2018-07-01,2018-09-30,2019-10-31 16:17:24+00:00,,dilutedeps,Diluted Earnings per Share,=,,usdpershare,-0.03
Alcoa Corp,AA,ABPN11VOHLHX6QR7XQ48,0001675149,2018.0,Q3,2018-07-01,2018-09-30,2019-10-31 16:17:24+00:00,basicdilutedeps,weightedavebasicdilutedsharesos,Weighted Average Basic & Diluted Shares Outstanding,/,,shares,200000000.0
Alcoa Corp,AA,ABPN11VOHLHX6QR7XQ48,0001675149,2018.0,Q3,2018-07-01,2018-09-30,2019-10-31 16:17:24+00:00,,basicdilutedeps,Basic & Diluted Earnings per Share,=,,usdpershare,-0.03
Alcoa Corp,AA,ABPN11VOHLHX6QR7XQ48,0001675149,2018.0,Q4,2018-10-01,2018-12-31,,totalrevenue,operatingrevenue,Operating Revenue,+,credit,usd,3344000000.0
Alcoa Corp,AA,ABPN11VOHLHX6QR7XQ48,0001675149,2018.0,Q4,2018-10-01,2018-12-31,,totalgrossprofit,totalrevenue,Total Revenue,+,credit,usd,3344000000.0
Alcoa Corp,AA,ABPN11VOHLHX6QR7XQ48,0001675149,2018.0,Q4,2018-10-01,2018-12-31,,totalcostofrevenue,operatingcostofrevenue,Operating Cost of Revenue,+,debit,usd,2513000000.0
Alcoa Corp,AA,ABPN11VOHLHX6QR7XQ48,0001675149,2018.0,Q4,2018-10-01,2018-12-31,,totalgrossprofit,totalcostofrevenue,Total Cost of Revenue,-,debit,usd,2513000000.0
Alcoa Corp,AA,ABPN11VOHLHX6QR7XQ48,0001675149,2018.0,Q4,2018-10-01,2018-12-31,,totaloperatingincome,totalgrossprofit,Total Gross Profit,+,credit,usd,831000000.0
Alcoa Corp,AA,ABPN11VOHLHX6QR7XQ48,0001675149,2018.0,Q4,2018-10-01,2018-12-31,,totaloperatingexpenses,sgaexpense,"Selling, General & Admin Expense",+,debit,usd,59000000.0
Alcoa Corp,AA,ABPN11VOHLHX6QR7XQ48,0001675149,2018.0,Q4,2018-10-01,2018-12-31,,totaloperatingexpenses,rdexpense,Research & Development Expense,+,debit,usd,7000000.0
Alcoa Corp,AA,ABPN11VOHLHX6QR7XQ48,0001675149,2018.0,Q4,2018-10-01,2018-12-31,,totaloperatingexpenses,depreciationexpense,Depreciation Expense,+,debit,usd,174000000.0
Alcoa Corp,AA,ABPN11VOHLHX6QR7XQ48,0001675149,2018.0,Q4,2018-10-01,2018-12-31,,totaloperatingexpenses,restructuringcharge,Restructuring Charge,+,debit,usd,138000000.0
Alcoa Corp,AA,ABPN11VOHLHX6QR7XQ48,0001675149,2018.0,Q4,2018-10-01,2018-12-31,,totaloperatingincome,totaloperatingexpenses,Total Operating Expenses,-,debit,usd,378000000.0
Alcoa Corp,AA,ABPN11VOHLHX6QR7XQ48,0001675149,2018.0,Q4,2018-10-01,2018-12-31,,totalpretaxincome,totaloperatingincome,Total Operating Income,+,credit,usd,453000000.0
Alcoa Corp,AA,ABPN11VOHLHX6QR7XQ48,0001675149,2018.0,Q4,2018-10-01,2018-12-31,,totalotherincome,totalinterestexpense,Interest Expense,-,debit,usd,31000000.0
Alcoa Corp,AA,ABPN11VOHLHX6QR7XQ48,0001675149,2018.0,Q4,2018-10-01,2018-12-31,,totalotherincome,otherincome,"Other Income / (Expense), net",+,credit,usd,-32000000.0
Alcoa Corp,AA,ABPN11VOHLHX6QR7XQ48,0001675149,2018.0,Q4,2018-10-01,2018-12-31,,totalpretaxincome,totalotherincome,"Total Other Income / (Expense), net",+,credit,usd,-63000000.0
Alcoa Corp,AA,ABPN11VOHLHX6QR7XQ48,0001675149,2018.0,Q4,2018-10-01,2018-12-31,,netincomecontinuing,totalpretaxincome,Total Pre-Tax Income ,+,credit,usd,390000000.0
Alcoa Corp,AA,ABPN11VOHLHX6QR7XQ48,0001675149,2018.0,Q4,2018-10-01,2018-12-31,,netincomecontinuing,incometaxexpense,Income Tax Expense,-,debit,usd,163000000.0
Alcoa Corp,AA,ABPN11VOHLHX6QR7XQ48,0001675149,2018.0,Q4,2018-10-01,2018-12-31,,netincome,netincomecontinuing,Net Income / (Loss) Continuing Operations,+,credit,usd,227000000.0
Alcoa Corp,AA,ABPN11VOHLHX6QR7XQ48,0001675149,2018.0,Q4,2018-10-01,2018-12-31,,netincometocommon,netincome,Consolidated Net Income / (Loss),+,credit,usd,227000000.0
Alcoa Corp,AA,ABPN11VOHLHX6QR7XQ48,0001675149,2018.0,Q4,2018-10-01,2018-12-31,,netincometocommon,netincometononcontrollinginterest,Net Income / (Loss) Attributable to Noncontrolling Interest,-,debit,usd,176000000.0
Alcoa Corp,AA,ABPN11VOHLHX6QR7XQ48,0001675149,2018.0,Q4,2018-10-01,2018-12-31,,,netincometocommon,Net Income / (Loss) Attributable to Common Shareholders,=,credit,usd,51000000.0
Alcoa Corp,AA,ABPN11VOHLHX6QR7XQ48,0001675149,2018.0,Q4,2018-10-01,2018-12-31,,basiceps,weightedavebasicsharesos,Weighted Average Basic Shares Outstanding,/,,shares,186000000.0
Alcoa Corp,AA,ABPN11VOHLHX6QR7XQ48,0001675149,2018.0,Q4,2018-10-01,2018-12-31,,,basiceps,Basic Earnings per Share,=,,usdpershare,0.27
Alcoa Corp,AA,ABPN11VOHLHX6QR7XQ48,0001675149,2018.0,Q4,2018-10-01,2018-12-31,,dilutedeps,weightedavedilutedsharesos,Weighted Average Diluted Shares Outstanding,/,,shares,186000000.0
Alcoa Corp,AA,ABPN11VOHLHX6QR7XQ48,0001675149,2018.0,Q4,2018-10-01,2018-12-31,,,dilutedeps,Diluted Earnings per Share,=,,usdpershare,0.27
Alcoa Corp,AA,ABPN11VOHLHX6QR7XQ48,0001675149,2018.0,Q4,2018-10-01,2018-12-31,,basicdilutedeps,weightedavebasicdilutedsharesos,Weighted Average Basic & Diluted Shares Outstanding,/,,shares,186000000.0
Alcoa Corp,AA,ABPN11VOHLHX6QR7XQ48,0001675149,2018.0,Q4,2018-10-01,2018-12-31,,,basicdilutedeps,Basic & Diluted Earnings per Share,=,,usdpershare,1.08
Alcoa Corp,AA,ABPN11VOHLHX6QR7XQ48,0001675149,2019.0,Q1,2019-01-01,2019-03-31,2020-04-29 17:26:52+00:00,totalrevenue,operatingrevenue,Operating Revenue,+,credit,usd,2719000000.0
Alcoa Corp,AA,ABPN11VOHLHX6QR7XQ48,0001675149,2019.0,Q1,2019-01-01,2019-03-31,2020-04-29 17:26:52+00:00,totalgrossprofit,totalrevenue,Total Revenue,+,credit,usd,2719000000.0
Alcoa Corp,AA,ABPN11VOHLHX6QR7XQ48,0001675149,2019.0,Q1,2019-01-01,2019-03-31,2020-04-29 17:26:52+00:00,totalcostofrevenue,operatingcostofrevenue,Operating Cost of Revenue,+,debit,usd,2180000000.0
Alcoa Corp,AA,ABPN11VOHLHX6QR7XQ48,0001675149,2019.0,Q1,2019-01-01,2019-03-31,2020-04-29 17:26:52+00:00,totalgrossprofit,totalcostofrevenue,Total Cost of Revenue,-,debit,usd,2180000000.0
Alcoa Corp,AA,ABPN11VOHLHX6QR7XQ48,0001675149,2019.0,Q1,2019-01-01,2019-03-31,2020-04-29 17:26:52+00:00,totaloperatingincome,totalgrossprofit,Total Gross Profit,+,credit,usd,539000000.0
Alcoa Corp,AA,ABPN11VOHLHX6QR7XQ48,0001675149,2019.0,Q1,2019-01-01,2019-03-31,2020-04-29 17:26:52+00:00,totaloperatingexpenses,sgaexpense,"Selling, General & Admin Expense",+,debit,usd,84000000.0
Alcoa Corp,AA,ABPN11VOHLHX6QR7XQ48,0001675149,2019.0,Q1,2019-01-01,2019-03-31,2020-04-29 17:26:52+00:00,totaloperatingexpenses,rdexpense,Research & Development Expense,+,debit,usd,7000000.0
Alcoa Corp,AA,ABPN11VOHLHX6QR7XQ48,0001675149,2019.0,Q1,2019-01-01,2019-03-31,2020-04-29 17:26:52+00:00,totaloperatingexpenses,depreciationexpense,Depreciation Expense,+,debit,usd,172000000.0
Alcoa Corp,AA,ABPN11VOHLHX6QR7XQ48,0001675149,2019.0,Q1,2019-01-01,2019-03-31,2020-04-29 17:26:52+00:00,totaloperatingexpenses,restructuringcharge,Restructuring Charge,+,debit,usd,113000000.0
Alcoa Corp,AA,ABPN11VOHLHX6QR7XQ48,0001675149,2019.0,Q1,2019-01-01,2019-03-31,2020-04-29 17:26:52+00:00,totaloperatingincome,totaloperatingexpenses,Total Operating Expenses,-,debit,usd,376000000.0
Alcoa Corp,AA,ABPN11VOHLHX6QR7XQ48,0001675149,2019.0,Q1,2019-01-01,2019-03-31,2020-04-29 17:26:52+00:00,totalpretaxincome,totaloperatingincome,Total Operating Income,+,credit,usd,163000000.0
Alcoa Corp,AA,ABPN11VOHLHX6QR7XQ48,0001675149,2019.0,Q1,2019-01-01,2019-03-31,2020-04-29 17:26:52+00:00,totalotherincome,totalinterestexpense,Interest Expense,-,debit,usd,30000000.0
Alcoa Corp,AA,ABPN11VOHLHX6QR7XQ48,0001675149,2019.0,Q1,2019-01-01,2019-03-31,2020-04-29 17:26:52+00:00,totalotherincome,otherincome,"Other Income / (Expense), net",+,credit,usd,-41000000.0
Alcoa Corp,AA,ABPN11VOHLHX6QR7XQ48,0001675149,2019.0,Q1,2019-01-01,2019-03-31,2020-04-29 17:26:52+00:00,totalpretaxincome,totalotherincome,"Total Other Income / (Expense), net",+,credit,usd,-71000000.0
Alcoa Corp,AA,ABPN11VOHLHX6QR7XQ48,0001675149,2019.0,Q1,2019-01-01,2019-03-31,2020-04-29 17:26:52+00:00,netincomecontinuing,totalpretaxincome,Total Pre-Tax Income ,+,credit,usd,92000000.0
Alcoa Corp,AA,ABPN11VOHLHX6QR7XQ48,0001675149,2019.0,Q1,2019-01-01,2019-03-31,2020-04-29 17:26:52+00:00,netincomecontinuing,incometaxexpense,Income Tax Expense,-,debit,usd,150000000.0
Alcoa Corp,AA,ABPN11VOHLHX6QR7XQ48,0001675149,2019.0,Q1,2019-01-01,2019-03-31,2020-04-29 17:26:52+00:00,netincome,netincomecontinuing,Net Income / (Loss) Continuing Operations,+,credit,usd,-58000000.0
Alcoa Corp,AA,ABPN11VOHLHX6QR7XQ48,0001675149,2019.0,Q1,2019-01-01,2019-03-31,2020-04-29 17:26:52+00:00,netincometocommon,netincome,Consolidated Net Income / (Loss),+,credit,usd,-58000000.0
Alcoa Corp,AA,ABPN11VOHLHX6QR7XQ48,0001675149,2019.0,Q1,2019-01-01,2019-03-31,2020-04-29 17:26:52+00:00,netincometocommon,netincometononcontrollinginterest,Net Income / (Loss) Attributable to Noncontrolling Interest,-,debit,usd,141000000.0
Alcoa Corp,AA,ABPN11VOHLHX6QR7XQ48,0001675149,2019.0,Q1,2019-01-01,2019-03-31,2020-04-29 17:26:52+00:00,,netincometocommon,Net Income / (Loss) Attributable to Common Shareholders,=,credit,usd,-199000000.0
Alcoa Corp,AA,ABPN11VOHLHX6QR7XQ48,0001675149,2019.0,Q1,2019-01-01,2019-03-31,2020-04-29 17:26:52+00:00,basiceps,weightedavebasicsharesos,Weighted Average Basic Shares Outstanding,/,,shares,185000000.0
Alcoa Corp,AA,ABPN11VOHLHX6QR7XQ48,0001675149,2019.0,Q1,2019-01-01,2019-03-31,2020-04-29 17:26:52+00:00,,basiceps,Basic Earnings per Share,=,,usdpershare,-1.07
Alcoa Corp,AA,ABPN11VOHLHX6QR7XQ48,0001675149,2019.0,Q1,2019-01-01,2019-03-31,2020-04-29 17:26:52+00:00,dilutedeps,weightedavedilutedsharesos,Weighted Average Diluted Shares Outstanding,/,,shares,185000000.0
Alcoa Corp,AA,ABPN11VOHLHX6QR7XQ48,0001675149,2019.0,Q1,2019-01-01,2019-03-31,2020-04-29 17:26:52+00:00,,dilutedeps,Diluted Earnings per Share,=,,usdpershare,-1.07
Alcoa Corp,AA,ABPN11VOHLHX6QR7XQ48,0001675149,2019.0,Q1,2019-01-01,2019-03-31,2020-04-29 17:26:52+00:00,basicdilutedeps,weightedavebasicdilutedsharesos,Weighted Average Basic & Diluted Shares Outstanding,/,,shares,185000000.0
Alcoa Corp,AA,ABPN11VOHLHX6QR7XQ48,0001675149,2019.0,Q1,2019-01-01,2019-03-31,2020-04-29 17:26:52+00:00,,basicdilutedeps,Basic & Diluted Earnings per Share,=,,usdpershare,-1.07
Alcoa Corp,AA,ABPN11VOHLHX6QR7XQ48,0001675149,2019.0,Q2,2019-04-01,2019-06-30,2019-07-31 16:52:34+00:00,totalrevenue,operatingrevenue,Operating Revenue,+,credit,usd,2711000000.0
Alcoa Corp,AA,ABPN11VOHLHX6QR7XQ48,0001675149,2019.0,Q2,2019-04-01,2019-06-30,2019-07-31 16:52:34+00:00,totalgrossprofit,totalrevenue,Total Revenue,+,credit,usd,2711000000.0
Alcoa Corp,AA,ABPN11VOHLHX6QR7XQ48,0001675149,2019.0,Q2,2019-04-01,2019-06-30,2019-07-31 16:52:34+00:00,totalcostofrevenue,operatingcostofrevenue,Operating Cost of Revenue,+,debit,usd,2189000000.0
Alcoa Corp,AA,ABPN11VOHLHX6QR7XQ48,0001675149,2019.0,Q2,2019-04-01,2019-06-30,2019-07-31 16:52:34+00:00,totalgrossprofit,totalcostofrevenue,Total Cost of Revenue,-,debit,usd,2189000000.0
Alcoa Corp,AA,ABPN11VOHLHX6QR7XQ48,0001675149,2019.0,Q2,2019-04-01,2019-06-30,2019-07-31 16:52:34+00:00,totaloperatingincome,totalgrossprofit,Total Gross Profit,+,credit,usd,522000000.0
Alcoa Corp,AA,ABPN11VOHLHX6QR7XQ48,0001675149,2019.0,Q2,2019-04-01,2019-06-30,2019-07-31 16:52:34+00:00,totaloperatingexpenses,sgaexpense,"Selling, General & Admin Expense",+,debit,usd,68000000.0
Alcoa Corp,AA,ABPN11VOHLHX6QR7XQ48,0001675149,2019.0,Q2,2019-04-01,2019-06-30,2019-07-31 16:52:34+00:00,totaloperatingexpenses,rdexpense,Research & Development Expense,+,debit,usd,7000000.0
Alcoa Corp,AA,ABPN11VOHLHX6QR7XQ48,0001675149,2019.0,Q2,2019-04-01,2019-06-30,2019-07-31 16:52:34+00:00,totaloperatingexpenses,depreciationexpense,Depreciation Expense,+,debit,usd,174000000.0
Alcoa Corp,AA,ABPN11VOHLHX6QR7XQ48,0001675149,2019.0,Q2,2019-04-01,2019-06-30,2019-07-31 16:52:34+00:00,totaloperatingexpenses,restructuringcharge,Restructuring Charge,+,debit,usd,370000000.0
Alcoa Corp,AA,ABPN11VOHLHX6QR7XQ48,0001675149,2019.0,Q2,2019-04-01,2019-06-30,2019-07-31 16:52:34+00:00,totaloperatingincome,totaloperatingexpenses,Total Operating Expenses,-,debit,usd,619000000.0
Alcoa Corp,AA,ABPN11VOHLHX6QR7XQ48,0001675149,2019.0,Q2,2019-04-01,2019-06-30,2019-07-31 16:52:34+00:00,totalpretaxincome,totaloperatingincome,Total Operating Income,+,credit,usd,-97000000.0
Alcoa Corp,AA,ABPN11VOHLHX6QR7XQ48,0001675149,2019.0,Q2,2019-04-01,2019-06-30,2019-07-31 16:52:34+00:00,totalotherincome,totalinterestexpense,Interest Expense,-,debit,usd,30000000.0
Alcoa Corp,AA,ABPN11VOHLHX6QR7XQ48,0001675149,2019.0,Q2,2019-04-01,2019-06-30,2019-07-31 16:52:34+00:00,totalotherincome,otherincome,"Other Income / (Expense), net",+,credit,usd,-50000000.0
Alcoa Corp,AA,ABPN11VOHLHX6QR7XQ48,0001675149,2019.0,Q2,2019-04-01,2019-06-30,2019-07-31 16:52:34+00:00,totalpretaxincome,totalotherincome,"Total Other Income / (Expense), net",+,credit,usd,-80000000.0
Alcoa Corp,AA,ABPN11VOHLHX6QR7XQ48,0001675149,2019.0,Q2,2019-04-01,2019-06-30,2019-07-31 16:52:34+00:00,netincomecontinuing,totalpretaxincome,Total Pre-Tax Income ,+,credit,usd,-177000000.0
Alcoa Corp,AA,ABPN11VOHLHX6QR7XQ48,0001675149,2019.0,Q2,2019-04-01,2019-06-30,2019-07-31 16:52:34+00:00,netincomecontinuing,incometaxexpense,Income Tax Expense,-,debit,usd,116000000.0
Alcoa Corp,AA,ABPN11VOHLHX6QR7XQ48,0001675149,2019.0,Q2,2019-04-01,2019-06-30,2019-07-31 16:52:34+00:00,netincome,netincomecontinuing,Net Income / (Loss) Continuing Operations,+,credit,usd,-293000000.0
Alcoa Corp,AA,ABPN11VOHLHX6QR7XQ48,0001675149,2019.0,Q2,2019-04-01,2019-06-30,2019-07-31 16:52:34+00:00,netincometocommon,netincome,Consolidated Net Income / (Loss),+,credit,usd,-293000000.0
Alcoa Corp,AA,ABPN11VOHLHX6QR7XQ48,0001675149,2019.0,Q2,2019-04-01,2019-06-30,2019-07-31 16:52:34+00:00,netincometocommon,netincometononcontrollinginterest,Net Income / (Loss) Attributable to Noncontrolling Interest,-,debit,usd,109000000.0
Alcoa Corp,AA,ABPN11VOHLHX6QR7XQ48,0001675149,2019.0,Q2,2019-04-01,2019-06-30,2019-07-31 16:52:34+00:00,,netincometocommon,Net Income / (Loss) Attributable to Common Shareholders,=,credit,usd,-402000000.0
Alcoa Corp,AA,ABPN11VOHLHX6QR7XQ48,0001675149,2019.0,Q2,2019-04-01,2019-06-30,2019-07-31 16:52:34+00:00,basiceps,weightedavebasicsharesos,Weighted Average Basic Shares Outstanding,/,,shares,186000000.0
Alcoa Corp,AA,ABPN11VOHLHX6QR7XQ48,0001675149,2019.0,Q2,2019-04-01,2019-06-30,2019-07-31 16:52:34+00:00,,basiceps,Basic Earnings per Share,=,,usdpershare,-2.17
Alcoa Corp,AA,ABPN11VOHLHX6QR7XQ48,0001675149,2019.0,Q2,2019-04-01,2019-06-30,2019-07-31 16:52:34+00:00,dilutedeps,weightedavedilutedsharesos,Weighted Average Diluted Shares Outstanding,/,,shares,186000000.0
Alcoa Corp,AA,ABPN11VOHLHX6QR7XQ48,0001675149,2019.0,Q2,2019-04-01,2019-06-30,2019-07-31 16:52:34+00:00,,dilutedeps,Diluted Earnings per Share,=,,usdpershare,-2.17
Alcoa Corp,AA,ABPN11VOHLHX6QR7XQ48,0001675149,2019.0,Q2,2019-04-01,2019-06-30,2019-07-31 16:52:34+00:00,basicdilutedeps,weightedavebasicdilutedsharesos,Weighted Average Basic & Diluted Shares Outstanding,/,,shares,3092300000.0
Alcoa Corp,AA,ABPN11VOHLHX6QR7XQ48,0001675149,2019.0,Q2,2019-04-01,2019-06-30,2019-07-31 16:52:34+00:00,,basicdilutedeps,Basic & Diluted Earnings per Share,=,,usdpershare,-0.13
Alcoa Corp,AA,ABPN11VOHLHX6QR7XQ48,0001675149,2019.0,Q3,2019-07-01,2019-09-30,2019-10-31 16:17:24+00:00,totalrevenue,operatingrevenue,Operating Revenue,+,credit,usd,2567000000.0
Alcoa Corp,AA,ABPN11VOHLHX6QR7XQ48,0001675149,2019.0,Q3,2019-07-01,2019-09-30,2019-10-31 16:17:24+00:00,totalgrossprofit,totalrevenue,Total Revenue,+,credit,usd,2567000000.0
Alcoa Corp,AA,ABPN11VOHLHX6QR7XQ48,0001675149,2019.0,Q3,2019-07-01,2019-09-30,2019-10-31 16:17:24+00:00,totalcostofrevenue,operatingcostofrevenue,Operating Cost of Revenue,+,debit,usd,2120000000.0
Alcoa Corp,AA,ABPN11VOHLHX6QR7XQ48,0001675149,2019.0,Q3,2019-07-01,2019-09-30,2019-10-31 16:17:24+00:00,totalgrossprofit,totalcostofrevenue,Total Cost of Revenue,-,debit,usd,2120000000.0
Alcoa Corp,AA,ABPN11VOHLHX6QR7XQ48,0001675149,2019.0,Q3,2019-07-01,2019-09-30,2019-10-31 16:17:24+00:00,totaloperatingincome,totalgrossprofit,Total Gross Profit,+,credit,usd,447000000.0
Alcoa Corp,AA,ABPN11VOHLHX6QR7XQ48,0001675149,2019.0,Q3,2019-07-01,2019-09-30,2019-10-31 16:17:24+00:00,totaloperatingexpenses,sgaexpense,"Selling, General & Admin Expense",+,debit,usd,66000000.0
Alcoa Corp,AA,ABPN11VOHLHX6QR7XQ48,0001675149,2019.0,Q3,2019-07-01,2019-09-30,2019-10-31 16:17:24+00:00,totaloperatingexpenses,rdexpense,Research & Development Expense,+,debit,usd,7000000.0
Alcoa Corp,AA,ABPN11VOHLHX6QR7XQ48,0001675149,2019.0,Q3,2019-07-01,2019-09-30,2019-10-31 16:17:24+00:00,totaloperatingexpenses,depreciationexpense,Depreciation Expense,+,debit,usd,184000000.0
Alcoa Corp,AA,ABPN11VOHLHX6QR7XQ48,0001675149,2019.0,Q3,2019-07-01,2019-09-30,2019-10-31 16:17:24+00:00,totaloperatingexpenses,restructuringcharge,Restructuring Charge,+,debit,usd,185000000.0
Alcoa Corp,AA,ABPN11VOHLHX6QR7XQ48,0001675149,2019.0,Q3,2019-07-01,2019-09-30,2019-10-31 16:17:24+00:00,totaloperatingincome,totaloperatingexpenses,Total Operating Expenses,-,debit,usd,442000000.0
Alcoa Corp,AA,ABPN11VOHLHX6QR7XQ48,0001675149,2019.0,Q3,2019-07-01,2019-09-30,2019-10-31 16:17:24+00:00,totalpretaxincome,totaloperatingincome,Total Operating Income,+,credit,usd,5000000.0
Alcoa Corp,AA,ABPN11VOHLHX6QR7XQ48,0001675149,2019.0,Q3,2019-07-01,2019-09-30,2019-10-31 16:17:24+00:00,totalotherincome,totalinterestexpense,Interest Expense,-,debit,usd,30000000.0
Alcoa Corp,AA,ABPN11VOHLHX6QR7XQ48,0001675149,2019.0,Q3,2019-07-01,2019-09-30,2019-10-31 16:17:24+00:00,totalotherincome,otherincome,"Other Income / (Expense), net",+,credit,usd,-27000000.0
Alcoa Corp,AA,ABPN11VOHLHX6QR7XQ48,0001675149,2019.0,Q3,2019-07-01,2019-09-30,2019-10-31 16:17:24+00:00,totalpretaxincome,totalotherincome,"Total Other Income / (Expense), net",+,credit,usd,-57000000.0
Alcoa Corp,AA,ABPN11VOHLHX6QR7XQ48,0001675149,2019.0,Q3,2019-07-01,2019-09-30,2019-10-31 16:17:24+00:00,netincomecontinuing,totalpretaxincome,Total Pre-Tax Income ,+,credit,usd,-52000000.0
Alcoa Corp,AA,ABPN11VOHLHX6QR7XQ48,0001675149,2019.0,Q3,2019-07-01,2019-09-30,2019-10-31 16:17:24+00:00,netincomecontinuing,incometaxexpense,Income Tax Expense,-,debit,usd,95000000.0
Alcoa Corp,AA,ABPN11VOHLHX6QR7XQ48,0001675149,2019.0,Q3,2019-07-01,2019-09-30,2019-10-31 16:17:24+00:00,netincome,netincomecontinuing,Net Income / (Loss) Continuing Operations,+,credit,usd,-147000000.0
Alcoa Corp,AA,ABPN11VOHLHX6QR7XQ48,0001675149,2019.0,Q3,2019-07-01,2019-09-30,2019-10-31 16:17:24+00:00,netincometocommon,netincome,Consolidated Net Income / (Loss),+,credit,usd,-147000000.0
Alcoa Corp,AA,ABPN11VOHLHX6QR7XQ48,0001675149,2019.0,Q3,2019-07-01,2019-09-30,2019-10-31 16:17:24+00:00,netincometocommon,netincometononcontrollinginterest,Net Income / (Loss) Attributable to Noncontrolling Interest,-,debit,usd,74000000.0
Alcoa Corp,AA,ABPN11VOHLHX6QR7XQ48,0001675149,2019.0,Q3,2019-07-01,2019-09-30,2019-10-31 16:17:24+00:00,,netincometocommon,Net Income / (Loss) Attributable to Common Shareholders,=,credit,usd,-221000000.0
Alcoa Corp,AA,ABPN11VOHLHX6QR7XQ48,0001675149,2019.0,Q3,2019-07-01,2019-09-30,2019-10-31 16:17:24+00:00,basiceps,weightedavebasicsharesos,Weighted Average Basic Shares Outstanding,/,,shares,186000000.0
Alcoa Corp,AA,ABPN11VOHLHX6QR7XQ48,0001675149,2019.0,Q3,2019-07-01,2019-09-30,2019-10-31 16:17:24+00:00,,basiceps,Basic Earnings per Share,=,,usdpershare,-1.19
Alcoa Corp,AA,ABPN11VOHLHX6QR7XQ48,0001675149,2019.0,Q3,2019-07-01,2019-09-30,2019-10-31 16:17:24+00:00,dilutedeps,weightedavedilutedsharesos,Weighted Average Diluted Shares Outstanding,/,,shares,186000000.0
Alcoa Corp,AA,ABPN11VOHLHX6QR7XQ48,0001675149,2019.0,Q3,2019-07-01,2019-09-30,2019-10-31 16:17:24+00:00,,dilutedeps,Diluted Earnings per Share,=,,usdpershare,-1.19
Alcoa Corp,AA,ABPN11VOHLHX6QR7XQ48,0001675149,2019.0,Q3,2019-07-01,2019-09-30,2019-10-31 16:17:24+00:00,basicdilutedeps,weightedavebasicdilutedsharesos,Weighted Average Basic & Diluted Shares Outstanding,/,,shares,186000000.0
Alcoa Corp,AA,ABPN11VOHLHX6QR7XQ48,0001675149,2019.0,Q3,2019-07-01,2019-09-30,2019-10-31 16:17:24+00:00,,basicdilutedeps,Basic & Diluted Earnings per Share,=,,usdpershare,-1.19
Alcoa Corp,AA,ABPN11VOHLHX6QR7XQ48,0001675149,2019.0,Q4,2019-10-01,2019-12-31,,totalrevenue,operatingrevenue,Operating Revenue,+,credit,usd,2436000000.0
Alcoa Corp,AA,ABPN11VOHLHX6QR7XQ48,0001675149,2019.0,Q4,2019-10-01,2019-12-31,,totalgrossprofit,totalrevenue,Total Revenue,+,credit,usd,2436000000.0
Alcoa Corp,AA,ABPN11VOHLHX6QR7XQ48,0001675149,2019.0,Q4,2019-10-01,2019-12-31,,totalcostofrevenue,operatingcostofrevenue,Operating Cost of Revenue,+,debit,usd,2048000000.0
Alcoa Corp,AA,ABPN11VOHLHX6QR7XQ48,0001675149,2019.0,Q4,2019-10-01,2019-12-31,,totalgrossprofit,totalcostofrevenue,Total Cost of Revenue,-,debit,usd,2048000000.0
Alcoa Corp,AA,ABPN11VOHLHX6QR7XQ48,0001675149,2019.0,Q4,2019-10-01,2019-12-31,,totaloperatingincome,totalgrossprofit,Total Gross Profit,+,credit,usd,388000000.0
Alcoa Corp,AA,ABPN11VOHLHX6QR7XQ48,0001675149,2019.0,Q4,2019-10-01,2019-12-31,,totaloperatingexpenses,sgaexpense,"Selling, General & Admin Expense",+,debit,usd,62000000.0
Alcoa Corp,AA,ABPN11VOHLHX6QR7XQ48,0001675149,2019.0,Q4,2019-10-01,2019-12-31,,totaloperatingexpenses,rdexpense,Research & Development Expense,+,debit,usd,6000000.0
Alcoa Corp,AA,ABPN11VOHLHX6QR7XQ48,0001675149,2019.0,Q4,2019-10-01,2019-12-31,,totaloperatingexpenses,depreciationexpense,Depreciation Expense,+,debit,usd,183000000.0
Alcoa Corp,AA,ABPN11VOHLHX6QR7XQ48,0001675149,2019.0,Q4,2019-10-01,2019-12-31,,totaloperatingexpenses,restructuringcharge,Restructuring Charge,+,debit,usd,363000000.0
Alcoa Corp,AA,ABPN11VOHLHX6QR7XQ48,0001675149,2019.0,Q4,2019-10-01,2019-12-31,,totaloperatingincome,totaloperatingexpenses,Total Operating Expenses,-,debit,usd,614000000.0
Alcoa Corp,AA,ABPN11VOHLHX6QR7XQ48,0001675149,2019.0,Q4,2019-10-01,2019-12-31,,totalpretaxincome,totaloperatingincome,Total Operating Income,+,credit,usd,-226000000.0
Alcoa Corp,AA,ABPN11VOHLHX6QR7XQ48,0001675149,2019.0,Q4,2019-10-01,2019-12-31,,totalotherincome,totalinterestexpense,Interest Expense,-,debit,usd,31000000.0
Alcoa Corp,AA,ABPN11VOHLHX6QR7XQ48,0001675149,2019.0,Q4,2019-10-01,2019-12-31,,totalotherincome,otherincome,"Other Income / (Expense), net",+,credit,usd,-44000000.0
Alcoa Corp,AA,ABPN11VOHLHX6QR7XQ48,0001675149,2019.0,Q4,2019-10-01,2019-12-31,,totalpretaxincome,totalotherincome,"Total Other Income / (Expense), net",+,credit,usd,-75000000.0
Alcoa Corp,AA,ABPN11VOHLHX6QR7XQ48,0001675149,2019.0,Q4,2019-10-01,2019-12-31,,netincomecontinuing,totalpretaxincome,Total Pre-Tax Income ,+,credit,usd,-301000000.0
Alcoa Corp,AA,ABPN11VOHLHX6QR7XQ48,0001675149,2019.0,Q4,2019-10-01,2019-12-31,,netincomecontinuing,incometaxexpense,Income Tax Expense,-,debit,usd,54000000.0
Alcoa Corp,AA,ABPN11VOHLHX6QR7XQ48,0001675149,2019.0,Q4,2019-10-01,2019-12-31,,netincome,netincomecontinuing,Net Income / (Loss) Continuing Operations,+,credit,usd,-355000000.0
Alcoa Corp,AA,ABPN11VOHLHX6QR7XQ48,0001675149,2019.0,Q4,2019-10-01,2019-12-31,,netincometocommon,netincome,Consolidated Net Income / (Loss),+,credit,usd,-355000000.0
Alcoa Corp,AA,ABPN11VOHLHX6QR7XQ48,0001675149,2019.0,Q4,2019-10-01,2019-12-31,,netincometocommon,netincometononcontrollinginterest,Net Income / (Loss) Attributable to Noncontrolling Interest,-,debit,usd,-52000000.0
Alcoa Corp,AA,ABPN11VOHLHX6QR7XQ48,0001675149,2019.0,Q4,2019-10-01,2019-12-31,,,netincometocommon,Net Income / (Loss) Attributable to Common Shareholders,=,credit,usd,-303000000.0
Alcoa Corp,AA,ABPN11VOHLHX6QR7XQ48,0001675149,2019.0,Q4,2019-10-01,2019-12-31,,basiceps,weightedavebasicsharesos,Weighted Average Basic Shares Outstanding,/,,shares,185000000.0
Alcoa Corp,AA,ABPN11VOHLHX6QR7XQ48,0001675149,2019.0,Q4,2019-10-01,2019-12-31,,,basiceps,Basic Earnings per Share,=,,usdpershare,-1.64
Alcoa Corp,AA,ABPN11VOHLHX6QR7XQ48,0001675149,2019.0,Q4,2019-10-01,2019-12-31,,dilutedeps,weightedavedilutedsharesos,Weighted Average Diluted Shares Outstanding,/,,shares,185000000.0
Alcoa Corp,AA,ABPN11VOHLHX6QR7XQ48,0001675149,2019.0,Q4,2019-10-01,2019-12-31,,,dilutedeps,Diluted Earnings per Share,=,,usdpershare,-1.64
Alcoa Corp,AA,ABPN11VOHLHX6QR7XQ48,0001675149,2019.0,Q4,2019-10-01,2019-12-31,,basicdilutedeps,weightedavebasicdilutedsharesos,Weighted Average Basic & Diluted Shares Outstanding,/,,shares,185000000.0
Alcoa Corp,AA,ABPN11VOHLHX6QR7XQ48,0001675149,2019.0,Q4,2019-10-01,2019-12-31,,,basicdilutedeps,Basic & Diluted Earnings per Share,=,,usdpershare,-3.68
