company_name,company_ticker,company_lei,company_cik,year,quarter,start_date,end_date,filing_date,parent,tag,financial_name,factor,balance,unit,value
Corning Inc,GLW,549300X2937PB0CJ7I56,0000024741,2008.0,Q3,2008-07-01,2008-09-30,,netincomecontinuing,netincome,Consolidated Net Income / (Loss),+,credit,usd,768000000.0
Corning Inc,GLW,549300X2937PB0CJ7I56,0000024741,2008.0,Q3,2008-07-01,2008-09-30,,netcashfromcontinuingoperatingactivities,netincomecontinuing,Net Income / (Loss) Continuing Operations,+,credit,usd,768000000.0
Corning Inc,GLW,549300X2937PB0CJ7I56,0000024741,2008.0,Q3,2008-07-01,2008-09-30,,netcashfromcontinuingoperatingactivities,depreciationexpense,Depreciation Expense,+,debit,usd,164000000.0
Corning Inc,GLW,549300X2937PB0CJ7I56,0000024741,2008.0,Q3,2008-07-01,2008-09-30,,netcashfromcontinuingoperatingactivities,amortizationexpense,Amortization Expense,+,debit,usd,2000000.0
Corning Inc,GLW,549300X2937PB0CJ7I56,0000024741,2008.0,Q3,2008-07-01,2008-09-30,,netcashfromcontinuingoperatingactivities,noncashadjustmentstonetincome,Non-Cash Adjustments To Reconcile Net Income,+,debit,usd,-215000000.0
Corning Inc,GLW,549300X2937PB0CJ7I56,0000024741,2008.0,Q3,2008-07-01,2008-09-30,,netcashfromcontinuingoperatingactivities,increasedecreaseinoperatingcapital,"Changes in Operating Assets and Liabilities, net",+,debit,usd,44000000.0
Corning Inc,GLW,549300X2937PB0CJ7I56,0000024741,2008.0,Q3,2008-07-01,2008-09-30,,netcashfromoperatingactivities,netcashfromcontinuingoperatingactivities,Net Cash From Continuing Operating Activities,+,debit,usd,763000000.0
Corning Inc,GLW,549300X2937PB0CJ7I56,0000024741,2008.0,Q3,2008-07-01,2008-09-30,,netchangeincash,netcashfromoperatingactivities,Net Cash From Operating Activities,+,debit,usd,763000000.0
Corning Inc,GLW,549300X2937PB0CJ7I56,0000024741,2008.0,Q3,2008-07-01,2008-09-30,,netcashfromcontinuinginvestingactivities,purchaseofplantpropertyandequipment,"Purchase of Property, Plant & Equipment",+,debit,usd,-291000000.0
Corning Inc,GLW,549300X2937PB0CJ7I56,0000024741,2008.0,Q3,2008-07-01,2008-09-30,,netcashfromcontinuinginvestingactivities,acquisitions,Acquisitions,+,debit,usd,-15000000.0
Corning Inc,GLW,549300X2937PB0CJ7I56,0000024741,2008.0,Q3,2008-07-01,2008-09-30,,netcashfromcontinuinginvestingactivities,purchaseofinvestments,Purchase of Investments,+,debit,usd,-104000000.0
Corning Inc,GLW,549300X2937PB0CJ7I56,0000024741,2008.0,Q3,2008-07-01,2008-09-30,,netcashfromcontinuinginvestingactivities,saleofplantpropertyandequipment,"Sale of Property, Plant & Equipment",+,debit,usd,15000000.0
Corning Inc,GLW,549300X2937PB0CJ7I56,0000024741,2008.0,Q3,2008-07-01,2008-09-30,,netcashfromcontinuinginvestingactivities,saleofinvestments,Sale and/or Maturity of Investments,+,debit,usd,750000000.0
Corning Inc,GLW,549300X2937PB0CJ7I56,0000024741,2008.0,Q3,2008-07-01,2008-09-30,,netcashfrominvestingactivities,netcashfromcontinuinginvestingactivities,Net Cash From Continuing Investing Activities,+,debit,usd,355000000.0
Corning Inc,GLW,549300X2937PB0CJ7I56,0000024741,2008.0,Q3,2008-07-01,2008-09-30,,netchangeincash,netcashfrominvestingactivities,Net Cash From Investing Activities,+,debit,usd,355000000.0
Corning Inc,GLW,549300X2937PB0CJ7I56,0000024741,2008.0,Q3,2008-07-01,2008-09-30,,netcashfromcontinuingfinancingactivities,repaymentofdebt,Repayment of Debt,+,debit,usd,-8000000.0
Corning Inc,GLW,549300X2937PB0CJ7I56,0000024741,2008.0,Q3,2008-07-01,2008-09-30,,netcashfromcontinuingfinancingactivities,repurchaseofcommonequity,Repurchase of Common Equity,+,debit,usd,-500000000.0
Corning Inc,GLW,549300X2937PB0CJ7I56,0000024741,2008.0,Q3,2008-07-01,2008-09-30,,netcashfromcontinuingfinancingactivities,paymentofdividends,Payment of Dividends,+,debit,usd,-77000000.0
Corning Inc,GLW,549300X2937PB0CJ7I56,0000024741,2008.0,Q3,2008-07-01,2008-09-30,,netcashfromcontinuingfinancingactivities,issuanceofcommonequity,Issuance of Common Equity,+,debit,usd,4000000.0
Corning Inc,GLW,549300X2937PB0CJ7I56,0000024741,2008.0,Q3,2008-07-01,2008-09-30,,netcashfromcontinuingfinancingactivities,otherfinancingactivitiesnet,"Other Financing Activities, net",+,debit,usd,5000000.0
Corning Inc,GLW,549300X2937PB0CJ7I56,0000024741,2008.0,Q3,2008-07-01,2008-09-30,,netcashfromfinancingactivities,netcashfromcontinuingfinancingactivities,Net Cash From Continuing Financing Activities,+,debit,usd,-576000000.0
Corning Inc,GLW,549300X2937PB0CJ7I56,0000024741,2008.0,Q3,2008-07-01,2008-09-30,,netchangeincash,netcashfromfinancingactivities,Net Cash From Financing Activities,+,debit,usd,-576000000.0
Corning Inc,GLW,549300X2937PB0CJ7I56,0000024741,2008.0,Q3,2008-07-01,2008-09-30,,netchangeincash,effectofexchangeratechanges,Effect of Exchange Rate Changes,+,debit,usd,-121000000.0
Corning Inc,GLW,549300X2937PB0CJ7I56,0000024741,2008.0,Q3,2008-07-01,2008-09-30,,,netchangeincash,Net Change in Cash & Equivalents,=,debit,usd,421000000.0
Corning Inc,GLW,549300X2937PB0CJ7I56,0000024741,2009.0,Q1,2009-01-01,2009-03-31,2010-04-30 16:00:53+00:00,netincomecontinuing,netincome,Consolidated Net Income / (Loss),+,credit,usd,14000000.0
Corning Inc,GLW,549300X2937PB0CJ7I56,0000024741,2009.0,Q1,2009-01-01,2009-03-31,2010-04-30 16:00:53+00:00,netcashfromcontinuingoperatingactivities,netincomecontinuing,Net Income / (Loss) Continuing Operations,+,credit,usd,14000000.0
Corning Inc,GLW,549300X2937PB0CJ7I56,0000024741,2009.0,Q1,2009-01-01,2009-03-31,2010-04-30 16:00:53+00:00,netcashfromcontinuingoperatingactivities,depreciationexpense,Depreciation Expense,+,debit,usd,175000000.0
Corning Inc,GLW,549300X2937PB0CJ7I56,0000024741,2009.0,Q1,2009-01-01,2009-03-31,2010-04-30 16:00:53+00:00,netcashfromcontinuingoperatingactivities,amortizationexpense,Amortization Expense,+,debit,usd,3000000.0
Corning Inc,GLW,549300X2937PB0CJ7I56,0000024741,2009.0,Q1,2009-01-01,2009-03-31,2010-04-30 16:00:53+00:00,netcashfromcontinuingoperatingactivities,noncashadjustmentstonetincome,Non-Cash Adjustments To Reconcile Net Income,+,debit,usd,326000000.0
Corning Inc,GLW,549300X2937PB0CJ7I56,0000024741,2009.0,Q1,2009-01-01,2009-03-31,2010-04-30 16:00:53+00:00,netcashfromcontinuingoperatingactivities,increasedecreaseinoperatingcapital,"Changes in Operating Assets and Liabilities, net",+,debit,usd,-254000000.0
Corning Inc,GLW,549300X2937PB0CJ7I56,0000024741,2009.0,Q1,2009-01-01,2009-03-31,2010-04-30 16:00:53+00:00,netcashfromoperatingactivities,netcashfromcontinuingoperatingactivities,Net Cash From Continuing Operating Activities,+,debit,usd,264000000.0
Corning Inc,GLW,549300X2937PB0CJ7I56,0000024741,2009.0,Q1,2009-01-01,2009-03-31,2010-04-30 16:00:53+00:00,netchangeincash,netcashfromoperatingactivities,Net Cash From Operating Activities,+,debit,usd,264000000.0
Corning Inc,GLW,549300X2937PB0CJ7I56,0000024741,2009.0,Q1,2009-01-01,2009-03-31,2010-04-30 16:00:53+00:00,netcashfromcontinuinginvestingactivities,purchaseofplantpropertyandequipment,"Purchase of Property, Plant & Equipment",+,debit,usd,-276000000.0
Corning Inc,GLW,549300X2937PB0CJ7I56,0000024741,2009.0,Q1,2009-01-01,2009-03-31,2010-04-30 16:00:53+00:00,netcashfromcontinuinginvestingactivities,purchaseofinvestments,Purchase of Investments,+,debit,usd,-104000000.0
Corning Inc,GLW,549300X2937PB0CJ7I56,0000024741,2009.0,Q1,2009-01-01,2009-03-31,2010-04-30 16:00:53+00:00,netcashfromcontinuinginvestingactivities,saleofplantpropertyandequipment,"Sale of Property, Plant & Equipment",+,debit,usd,12000000.0
Corning Inc,GLW,549300X2937PB0CJ7I56,0000024741,2009.0,Q1,2009-01-01,2009-03-31,2010-04-30 16:00:53+00:00,netcashfromcontinuinginvestingactivities,saleofinvestments,Sale and/or Maturity of Investments,+,debit,usd,242000000.0
Corning Inc,GLW,549300X2937PB0CJ7I56,0000024741,2009.0,Q1,2009-01-01,2009-03-31,2010-04-30 16:00:53+00:00,netcashfrominvestingactivities,netcashfromcontinuinginvestingactivities,Net Cash From Continuing Investing Activities,+,debit,usd,-126000000.0
Corning Inc,GLW,549300X2937PB0CJ7I56,0000024741,2009.0,Q1,2009-01-01,2009-03-31,2010-04-30 16:00:53+00:00,netchangeincash,netcashfrominvestingactivities,Net Cash From Investing Activities,+,debit,usd,-126000000.0
Corning Inc,GLW,549300X2937PB0CJ7I56,0000024741,2009.0,Q1,2009-01-01,2009-03-31,2010-04-30 16:00:53+00:00,netcashfromcontinuingfinancingactivities,repaymentofdebt,Repayment of Debt,+,debit,usd,-72000000.0
Corning Inc,GLW,549300X2937PB0CJ7I56,0000024741,2009.0,Q1,2009-01-01,2009-03-31,2010-04-30 16:00:53+00:00,netcashfromcontinuingfinancingactivities,paymentofdividends,Payment of Dividends,+,debit,usd,-78000000.0
Corning Inc,GLW,549300X2937PB0CJ7I56,0000024741,2009.0,Q1,2009-01-01,2009-03-31,2010-04-30 16:00:53+00:00,netcashfromcontinuingfinancingactivities,issuanceofdebt,Issuance of Debt,+,debit,usd,1000000.0
Corning Inc,GLW,549300X2937PB0CJ7I56,0000024741,2009.0,Q1,2009-01-01,2009-03-31,2010-04-30 16:00:53+00:00,netcashfromcontinuingfinancingactivities,issuanceofcommonequity,Issuance of Common Equity,+,debit,usd,5000000.0
Corning Inc,GLW,549300X2937PB0CJ7I56,0000024741,2009.0,Q1,2009-01-01,2009-03-31,2010-04-30 16:00:53+00:00,netcashfromcontinuingfinancingactivities,otherfinancingactivitiesnet,"Other Financing Activities, net",+,debit,usd,1000000.0
Corning Inc,GLW,549300X2937PB0CJ7I56,0000024741,2009.0,Q1,2009-01-01,2009-03-31,2010-04-30 16:00:53+00:00,netcashfromfinancingactivities,netcashfromcontinuingfinancingactivities,Net Cash From Continuing Financing Activities,+,debit,usd,-143000000.0
Corning Inc,GLW,549300X2937PB0CJ7I56,0000024741,2009.0,Q1,2009-01-01,2009-03-31,2010-04-30 16:00:53+00:00,netchangeincash,netcashfromfinancingactivities,Net Cash From Financing Activities,+,debit,usd,-143000000.0
Corning Inc,GLW,549300X2937PB0CJ7I56,0000024741,2009.0,Q1,2009-01-01,2009-03-31,2010-04-30 16:00:53+00:00,netchangeincash,effectofexchangeratechanges,Effect of Exchange Rate Changes,+,debit,usd,-88000000.0
Corning Inc,GLW,549300X2937PB0CJ7I56,0000024741,2009.0,Q1,2009-01-01,2009-03-31,2010-04-30 16:00:53+00:00,,netchangeincash,Net Change in Cash & Equivalents,=,debit,usd,-93000000.0
Corning Inc,GLW,549300X2937PB0CJ7I56,0000024741,2009.0,Q2,2009-04-01,2009-06-30,,netincomecontinuing,netincome,Consolidated Net Income / (Loss),+,credit,usd,611000000.0
Corning Inc,GLW,549300X2937PB0CJ7I56,0000024741,2009.0,Q2,2009-04-01,2009-06-30,,netcashfromcontinuingoperatingactivities,netincomecontinuing,Net Income / (Loss) Continuing Operations,+,credit,usd,611000000.0
Corning Inc,GLW,549300X2937PB0CJ7I56,0000024741,2009.0,Q2,2009-04-01,2009-06-30,,netcashfromcontinuingoperatingactivities,depreciationexpense,Depreciation Expense,+,debit,usd,184000000.0
Corning Inc,GLW,549300X2937PB0CJ7I56,0000024741,2009.0,Q2,2009-04-01,2009-06-30,,netcashfromcontinuingoperatingactivities,amortizationexpense,Amortization Expense,+,debit,usd,2000000.0
Corning Inc,GLW,549300X2937PB0CJ7I56,0000024741,2009.0,Q2,2009-04-01,2009-06-30,,netcashfromcontinuingoperatingactivities,noncashadjustmentstonetincome,Non-Cash Adjustments To Reconcile Net Income,+,debit,usd,-353000000.0
Corning Inc,GLW,549300X2937PB0CJ7I56,0000024741,2009.0,Q2,2009-04-01,2009-06-30,,netcashfromcontinuingoperatingactivities,increasedecreaseinoperatingcapital,"Changes in Operating Assets and Liabilities, net",+,debit,usd,-76000000.0
Corning Inc,GLW,549300X2937PB0CJ7I56,0000024741,2009.0,Q2,2009-04-01,2009-06-30,,netcashfromoperatingactivities,netcashfromcontinuingoperatingactivities,Net Cash From Continuing Operating Activities,+,debit,usd,368000000.0
Corning Inc,GLW,549300X2937PB0CJ7I56,0000024741,2009.0,Q2,2009-04-01,2009-06-30,,netchangeincash,netcashfromoperatingactivities,Net Cash From Operating Activities,+,debit,usd,368000000.0
Corning Inc,GLW,549300X2937PB0CJ7I56,0000024741,2009.0,Q2,2009-04-01,2009-06-30,,netcashfromcontinuinginvestingactivities,purchaseofplantpropertyandequipment,"Purchase of Property, Plant & Equipment",+,debit,usd,-215000000.0
Corning Inc,GLW,549300X2937PB0CJ7I56,0000024741,2009.0,Q2,2009-04-01,2009-06-30,,netcashfromcontinuinginvestingactivities,purchaseofinvestments,Purchase of Investments,+,debit,usd,-301000000.0
Corning Inc,GLW,549300X2937PB0CJ7I56,0000024741,2009.0,Q2,2009-04-01,2009-06-30,,netcashfromcontinuinginvestingactivities,saleofplantpropertyandequipment,"Sale of Property, Plant & Equipment",+,debit,usd,3000000.0
Corning Inc,GLW,549300X2937PB0CJ7I56,0000024741,2009.0,Q2,2009-04-01,2009-06-30,,netcashfromcontinuinginvestingactivities,saleofinvestments,Sale and/or Maturity of Investments,+,debit,usd,274000000.0
Corning Inc,GLW,549300X2937PB0CJ7I56,0000024741,2009.0,Q2,2009-04-01,2009-06-30,,netcashfrominvestingactivities,netcashfromcontinuinginvestingactivities,Net Cash From Continuing Investing Activities,+,debit,usd,-239000000.0
Corning Inc,GLW,549300X2937PB0CJ7I56,0000024741,2009.0,Q2,2009-04-01,2009-06-30,,netchangeincash,netcashfrominvestingactivities,Net Cash From Investing Activities,+,debit,usd,-239000000.0
Corning Inc,GLW,549300X2937PB0CJ7I56,0000024741,2009.0,Q2,2009-04-01,2009-06-30,,netcashfromcontinuingfinancingactivities,repaymentofdebt,Repayment of Debt,+,debit,usd,-3000000.0
Corning Inc,GLW,549300X2937PB0CJ7I56,0000024741,2009.0,Q2,2009-04-01,2009-06-30,,netcashfromcontinuingfinancingactivities,paymentofdividends,Payment of Dividends,+,debit,usd,-78000000.0
Corning Inc,GLW,549300X2937PB0CJ7I56,0000024741,2009.0,Q2,2009-04-01,2009-06-30,,netcashfromcontinuingfinancingactivities,issuanceofdebt,Issuance of Debt,+,debit,usd,348000000.0
Corning Inc,GLW,549300X2937PB0CJ7I56,0000024741,2009.0,Q2,2009-04-01,2009-06-30,,netcashfromcontinuingfinancingactivities,issuanceofcommonequity,Issuance of Common Equity,+,debit,usd,7000000.0
Corning Inc,GLW,549300X2937PB0CJ7I56,0000024741,2009.0,Q2,2009-04-01,2009-06-30,,netcashfromcontinuingfinancingactivities,otherfinancingactivitiesnet,"Other Financing Activities, net",+,debit,usd,3000000.0
Corning Inc,GLW,549300X2937PB0CJ7I56,0000024741,2009.0,Q2,2009-04-01,2009-06-30,,netcashfromfinancingactivities,netcashfromcontinuingfinancingactivities,Net Cash From Continuing Financing Activities,+,debit,usd,277000000.0
Corning Inc,GLW,549300X2937PB0CJ7I56,0000024741,2009.0,Q2,2009-04-01,2009-06-30,,netchangeincash,netcashfromfinancingactivities,Net Cash From Financing Activities,+,debit,usd,277000000.0
Corning Inc,GLW,549300X2937PB0CJ7I56,0000024741,2009.0,Q2,2009-04-01,2009-06-30,,netchangeincash,effectofexchangeratechanges,Effect of Exchange Rate Changes,+,debit,usd,48000000.0
Corning Inc,GLW,549300X2937PB0CJ7I56,0000024741,2009.0,Q2,2009-04-01,2009-06-30,,,netchangeincash,Net Change in Cash & Equivalents,=,debit,usd,454000000.0
Corning Inc,GLW,549300X2937PB0CJ7I56,0000024741,2009.0,Q3,2009-07-01,2009-09-30,,netincomecontinuing,netincome,Consolidated Net Income / (Loss),+,credit,usd,643000000.0
Corning Inc,GLW,549300X2937PB0CJ7I56,0000024741,2009.0,Q3,2009-07-01,2009-09-30,,netcashfromcontinuingoperatingactivities,netincomecontinuing,Net Income / (Loss) Continuing Operations,+,credit,usd,643000000.0
Corning Inc,GLW,549300X2937PB0CJ7I56,0000024741,2009.0,Q3,2009-07-01,2009-09-30,,netcashfromcontinuingoperatingactivities,depreciationexpense,Depreciation Expense,+,debit,usd,227000000.0
Corning Inc,GLW,549300X2937PB0CJ7I56,0000024741,2009.0,Q3,2009-07-01,2009-09-30,,netcashfromcontinuingoperatingactivities,amortizationexpense,Amortization Expense,+,debit,usd,3000000.0
Corning Inc,GLW,549300X2937PB0CJ7I56,0000024741,2009.0,Q3,2009-07-01,2009-09-30,,netcashfromcontinuingoperatingactivities,noncashadjustmentstonetincome,Non-Cash Adjustments To Reconcile Net Income,+,debit,usd,-416000000.0
Corning Inc,GLW,549300X2937PB0CJ7I56,0000024741,2009.0,Q3,2009-07-01,2009-09-30,,netcashfromcontinuingoperatingactivities,increasedecreaseinoperatingcapital,"Changes in Operating Assets and Liabilities, net",+,debit,usd,75000000.0
Corning Inc,GLW,549300X2937PB0CJ7I56,0000024741,2009.0,Q3,2009-07-01,2009-09-30,,netcashfromoperatingactivities,netcashfromcontinuingoperatingactivities,Net Cash From Continuing Operating Activities,+,debit,usd,532000000.0
Corning Inc,GLW,549300X2937PB0CJ7I56,0000024741,2009.0,Q3,2009-07-01,2009-09-30,,netchangeincash,netcashfromoperatingactivities,Net Cash From Operating Activities,+,debit,usd,532000000.0
Corning Inc,GLW,549300X2937PB0CJ7I56,0000024741,2009.0,Q3,2009-07-01,2009-09-30,,netcashfromcontinuinginvestingactivities,purchaseofplantpropertyandequipment,"Purchase of Property, Plant & Equipment",+,debit,usd,-236000000.0
Corning Inc,GLW,549300X2937PB0CJ7I56,0000024741,2009.0,Q3,2009-07-01,2009-09-30,,netcashfromcontinuinginvestingactivities,acquisitions,Acquisitions,+,debit,usd,-410000000.0
Corning Inc,GLW,549300X2937PB0CJ7I56,0000024741,2009.0,Q3,2009-07-01,2009-09-30,,netcashfromcontinuinginvestingactivities,purchaseofinvestments,Purchase of Investments,+,debit,usd,-471000000.0
Corning Inc,GLW,549300X2937PB0CJ7I56,0000024741,2009.0,Q3,2009-07-01,2009-09-30,,netcashfromcontinuinginvestingactivities,saleofinvestments,Sale and/or Maturity of Investments,+,debit,usd,343000000.0
Corning Inc,GLW,549300X2937PB0CJ7I56,0000024741,2009.0,Q3,2009-07-01,2009-09-30,,netcashfrominvestingactivities,netcashfromcontinuinginvestingactivities,Net Cash From Continuing Investing Activities,+,debit,usd,-774000000.0
Corning Inc,GLW,549300X2937PB0CJ7I56,0000024741,2009.0,Q3,2009-07-01,2009-09-30,,netchangeincash,netcashfrominvestingactivities,Net Cash From Investing Activities,+,debit,usd,-774000000.0
Corning Inc,GLW,549300X2937PB0CJ7I56,0000024741,2009.0,Q3,2009-07-01,2009-09-30,,netcashfromcontinuingfinancingactivities,repaymentofdebt,Repayment of Debt,+,debit,usd,-19000000.0
Corning Inc,GLW,549300X2937PB0CJ7I56,0000024741,2009.0,Q3,2009-07-01,2009-09-30,,netcashfromcontinuingfinancingactivities,paymentofdividends,Payment of Dividends,+,debit,usd,-78000000.0
Corning Inc,GLW,549300X2937PB0CJ7I56,0000024741,2009.0,Q3,2009-07-01,2009-09-30,,netcashfromcontinuingfinancingactivities,issuanceofcommonequity,Issuance of Common Equity,+,debit,usd,6000000.0
Corning Inc,GLW,549300X2937PB0CJ7I56,0000024741,2009.0,Q3,2009-07-01,2009-09-30,,netcashfromcontinuingfinancingactivities,otherfinancingactivitiesnet,"Other Financing Activities, net",+,debit,usd,4000000.0
Corning Inc,GLW,549300X2937PB0CJ7I56,0000024741,2009.0,Q3,2009-07-01,2009-09-30,,netcashfromfinancingactivities,netcashfromcontinuingfinancingactivities,Net Cash From Continuing Financing Activities,+,debit,usd,-87000000.0
Corning Inc,GLW,549300X2937PB0CJ7I56,0000024741,2009.0,Q3,2009-07-01,2009-09-30,,netchangeincash,netcashfromfinancingactivities,Net Cash From Financing Activities,+,debit,usd,-87000000.0
Corning Inc,GLW,549300X2937PB0CJ7I56,0000024741,2009.0,Q3,2009-07-01,2009-09-30,,netchangeincash,effectofexchangeratechanges,Effect of Exchange Rate Changes,+,debit,usd,57000000.0
Corning Inc,GLW,549300X2937PB0CJ7I56,0000024741,2009.0,Q3,2009-07-01,2009-09-30,,,netchangeincash,Net Change in Cash & Equivalents,=,debit,usd,-272000000.0
Corning Inc,GLW,549300X2937PB0CJ7I56,0000024741,2009.0,Q4,2009-10-01,2009-12-31,,netincomecontinuing,netincome,Consolidated Net Income / (Loss),+,credit,usd,740000000.0
Corning Inc,GLW,549300X2937PB0CJ7I56,0000024741,2009.0,Q4,2009-10-01,2009-12-31,,netcashfromcontinuingoperatingactivities,netincomecontinuing,Net Income / (Loss) Continuing Operations,+,credit,usd,740000000.0
Corning Inc,GLW,549300X2937PB0CJ7I56,0000024741,2009.0,Q4,2009-10-01,2009-12-31,,netcashfromcontinuingoperatingactivities,depreciationexpense,Depreciation Expense,+,debit,usd,196000000.0
Corning Inc,GLW,549300X2937PB0CJ7I56,0000024741,2009.0,Q4,2009-10-01,2009-12-31,,netcashfromcontinuingoperatingactivities,amortizationexpense,Amortization Expense,+,debit,usd,2000000.0
Corning Inc,GLW,549300X2937PB0CJ7I56,0000024741,2009.0,Q4,2009-10-01,2009-12-31,,netcashfromcontinuingoperatingactivities,noncashadjustmentstonetincome,Non-Cash Adjustments To Reconcile Net Income,+,debit,usd,-125000000.0
Corning Inc,GLW,549300X2937PB0CJ7I56,0000024741,2009.0,Q4,2009-10-01,2009-12-31,,netcashfromcontinuingoperatingactivities,increasedecreaseinoperatingcapital,"Changes in Operating Assets and Liabilities, net",+,debit,usd,100000000.0
Corning Inc,GLW,549300X2937PB0CJ7I56,0000024741,2009.0,Q4,2009-10-01,2009-12-31,,netcashfromoperatingactivities,netcashfromcontinuingoperatingactivities,Net Cash From Continuing Operating Activities,+,debit,usd,913000000.0
Corning Inc,GLW,549300X2937PB0CJ7I56,0000024741,2009.0,Q4,2009-10-01,2009-12-31,,netchangeincash,netcashfromoperatingactivities,Net Cash From Operating Activities,+,debit,usd,913000000.0
Corning Inc,GLW,549300X2937PB0CJ7I56,0000024741,2009.0,Q4,2009-10-01,2009-12-31,,netcashfromcontinuinginvestingactivities,purchaseofplantpropertyandequipment,"Purchase of Property, Plant & Equipment",+,debit,usd,-163000000.0
Corning Inc,GLW,549300X2937PB0CJ7I56,0000024741,2009.0,Q4,2009-10-01,2009-12-31,,netcashfromcontinuinginvestingactivities,purchaseofinvestments,Purchase of Investments,+,debit,usd,-496000000.0
Corning Inc,GLW,549300X2937PB0CJ7I56,0000024741,2009.0,Q4,2009-10-01,2009-12-31,,netcashfromcontinuinginvestingactivities,saleofplantpropertyandequipment,"Sale of Property, Plant & Equipment",+,debit,usd,6000000.0
Corning Inc,GLW,549300X2937PB0CJ7I56,0000024741,2009.0,Q4,2009-10-01,2009-12-31,,netcashfromcontinuinginvestingactivities,saleofinvestments,Sale and/or Maturity of Investments,+,debit,usd,422000000.0
Corning Inc,GLW,549300X2937PB0CJ7I56,0000024741,2009.0,Q4,2009-10-01,2009-12-31,,netcashfrominvestingactivities,netcashfromcontinuinginvestingactivities,Net Cash From Continuing Investing Activities,+,debit,usd,-231000000.0
Corning Inc,GLW,549300X2937PB0CJ7I56,0000024741,2009.0,Q4,2009-10-01,2009-12-31,,netchangeincash,netcashfrominvestingactivities,Net Cash From Investing Activities,+,debit,usd,-231000000.0
Corning Inc,GLW,549300X2937PB0CJ7I56,0000024741,2009.0,Q4,2009-10-01,2009-12-31,,netcashfromcontinuingfinancingactivities,repaymentofdebt,Repayment of Debt,+,debit,usd,-2000000.0
Corning Inc,GLW,549300X2937PB0CJ7I56,0000024741,2009.0,Q4,2009-10-01,2009-12-31,,netcashfromcontinuingfinancingactivities,paymentofdividends,Payment of Dividends,+,debit,usd,-78000000.0
Corning Inc,GLW,549300X2937PB0CJ7I56,0000024741,2009.0,Q4,2009-10-01,2009-12-31,,netcashfromcontinuingfinancingactivities,issuanceofcommonequity,Issuance of Common Equity,+,debit,usd,2000000.0
Corning Inc,GLW,549300X2937PB0CJ7I56,0000024741,2009.0,Q4,2009-10-01,2009-12-31,,netcashfromcontinuingfinancingactivities,otherfinancingactivitiesnet,"Other Financing Activities, net",+,debit,usd,16000000.0
Corning Inc,GLW,549300X2937PB0CJ7I56,0000024741,2009.0,Q4,2009-10-01,2009-12-31,,netcashfromfinancingactivities,netcashfromcontinuingfinancingactivities,Net Cash From Continuing Financing Activities,+,debit,usd,-62000000.0
Corning Inc,GLW,549300X2937PB0CJ7I56,0000024741,2009.0,Q4,2009-10-01,2009-12-31,,netchangeincash,netcashfromfinancingactivities,Net Cash From Financing Activities,+,debit,usd,-62000000.0
Corning Inc,GLW,549300X2937PB0CJ7I56,0000024741,2009.0,Q4,2009-10-01,2009-12-31,,netchangeincash,effectofexchangeratechanges,Effect of Exchange Rate Changes,+,debit,usd,-41000000.0
Corning Inc,GLW,549300X2937PB0CJ7I56,0000024741,2009.0,Q4,2009-10-01,2009-12-31,,,netchangeincash,Net Change in Cash & Equivalents,=,debit,usd,579000000.0
Corning Inc,GLW,549300X2937PB0CJ7I56,0000024741,2010.0,Q1,2010-01-01,2010-03-31,2011-04-29 16:02:35+00:00,netincomecontinuing,netincome,Consolidated Net Income / (Loss),+,credit,usd,816000000.0
Corning Inc,GLW,549300X2937PB0CJ7I56,0000024741,2010.0,Q1,2010-01-01,2010-03-31,2011-04-29 16:02:35+00:00,netcashfromcontinuingoperatingactivities,netincomecontinuing,Net Income / (Loss) Continuing Operations,+,credit,usd,816000000.0
Corning Inc,GLW,549300X2937PB0CJ7I56,0000024741,2010.0,Q1,2010-01-01,2010-03-31,2011-04-29 16:02:35+00:00,netcashfromcontinuingoperatingactivities,depreciationexpense,Depreciation Expense,+,debit,usd,206000000.0
Corning Inc,GLW,549300X2937PB0CJ7I56,0000024741,2010.0,Q1,2010-01-01,2010-03-31,2011-04-29 16:02:35+00:00,netcashfromcontinuingoperatingactivities,amortizationexpense,Amortization Expense,+,debit,usd,2000000.0
Corning Inc,GLW,549300X2937PB0CJ7I56,0000024741,2010.0,Q1,2010-01-01,2010-03-31,2011-04-29 16:02:35+00:00,netcashfromcontinuingoperatingactivities,noncashadjustmentstonetincome,Non-Cash Adjustments To Reconcile Net Income,+,debit,usd,-270000000.0
Corning Inc,GLW,549300X2937PB0CJ7I56,0000024741,2010.0,Q1,2010-01-01,2010-03-31,2011-04-29 16:02:35+00:00,netcashfromcontinuingoperatingactivities,increasedecreaseinoperatingcapital,"Changes in Operating Assets and Liabilities, net",+,debit,usd,-111000000.0
Corning Inc,GLW,549300X2937PB0CJ7I56,0000024741,2010.0,Q1,2010-01-01,2010-03-31,2011-04-29 16:02:35+00:00,netcashfromoperatingactivities,netcashfromcontinuingoperatingactivities,Net Cash From Continuing Operating Activities,+,debit,usd,643000000.0
Corning Inc,GLW,549300X2937PB0CJ7I56,0000024741,2010.0,Q1,2010-01-01,2010-03-31,2011-04-29 16:02:35+00:00,netchangeincash,netcashfromoperatingactivities,Net Cash From Operating Activities,+,debit,usd,643000000.0
Corning Inc,GLW,549300X2937PB0CJ7I56,0000024741,2010.0,Q1,2010-01-01,2010-03-31,2011-04-29 16:02:35+00:00,netcashfromcontinuinginvestingactivities,purchaseofplantpropertyandequipment,"Purchase of Property, Plant & Equipment",+,debit,usd,-173000000.0
Corning Inc,GLW,549300X2937PB0CJ7I56,0000024741,2010.0,Q1,2010-01-01,2010-03-31,2011-04-29 16:02:35+00:00,netcashfromcontinuinginvestingactivities,purchaseofinvestments,Purchase of Investments,+,debit,usd,-224000000.0
Corning Inc,GLW,549300X2937PB0CJ7I56,0000024741,2010.0,Q1,2010-01-01,2010-03-31,2011-04-29 16:02:35+00:00,netcashfromcontinuinginvestingactivities,saleofinvestments,Sale and/or Maturity of Investments,+,debit,usd,472000000.0
Corning Inc,GLW,549300X2937PB0CJ7I56,0000024741,2010.0,Q1,2010-01-01,2010-03-31,2011-04-29 16:02:35+00:00,netcashfromcontinuinginvestingactivities,otherinvestingactivitiesnet,"Other Investing Activities, net",+,debit,usd,2000000.0
Corning Inc,GLW,549300X2937PB0CJ7I56,0000024741,2010.0,Q1,2010-01-01,2010-03-31,2011-04-29 16:02:35+00:00,netcashfrominvestingactivities,netcashfromcontinuinginvestingactivities,Net Cash From Continuing Investing Activities,+,debit,usd,77000000.0
Corning Inc,GLW,549300X2937PB0CJ7I56,0000024741,2010.0,Q1,2010-01-01,2010-03-31,2011-04-29 16:02:35+00:00,netchangeincash,netcashfrominvestingactivities,Net Cash From Investing Activities,+,debit,usd,77000000.0
Corning Inc,GLW,549300X2937PB0CJ7I56,0000024741,2010.0,Q1,2010-01-01,2010-03-31,2011-04-29 16:02:35+00:00,netcashfromcontinuingfinancingactivities,repaymentofdebt,Repayment of Debt,+,debit,usd,-58000000.0
Corning Inc,GLW,549300X2937PB0CJ7I56,0000024741,2010.0,Q1,2010-01-01,2010-03-31,2011-04-29 16:02:35+00:00,netcashfromcontinuingfinancingactivities,paymentofdividends,Payment of Dividends,+,debit,usd,-78000000.0
Corning Inc,GLW,549300X2937PB0CJ7I56,0000024741,2010.0,Q1,2010-01-01,2010-03-31,2011-04-29 16:02:35+00:00,netcashfromcontinuingfinancingactivities,issuanceofcommonequity,Issuance of Common Equity,+,debit,usd,4000000.0
Corning Inc,GLW,549300X2937PB0CJ7I56,0000024741,2010.0,Q1,2010-01-01,2010-03-31,2011-04-29 16:02:35+00:00,netcashfromcontinuingfinancingactivities,otherfinancingactivitiesnet,"Other Financing Activities, net",+,debit,usd,21000000.0
Corning Inc,GLW,549300X2937PB0CJ7I56,0000024741,2010.0,Q1,2010-01-01,2010-03-31,2011-04-29 16:02:35+00:00,netcashfromfinancingactivities,netcashfromcontinuingfinancingactivities,Net Cash From Continuing Financing Activities,+,debit,usd,-111000000.0
Corning Inc,GLW,549300X2937PB0CJ7I56,0000024741,2010.0,Q1,2010-01-01,2010-03-31,2011-04-29 16:02:35+00:00,netchangeincash,netcashfromfinancingactivities,Net Cash From Financing Activities,+,debit,usd,-111000000.0
Corning Inc,GLW,549300X2937PB0CJ7I56,0000024741,2010.0,Q1,2010-01-01,2010-03-31,2011-04-29 16:02:35+00:00,netchangeincash,effectofexchangeratechanges,Effect of Exchange Rate Changes,+,debit,usd,-75000000.0
Corning Inc,GLW,549300X2937PB0CJ7I56,0000024741,2010.0,Q1,2010-01-01,2010-03-31,2011-04-29 16:02:35+00:00,,netchangeincash,Net Change in Cash & Equivalents,=,debit,usd,534000000.0
Corning Inc,GLW,549300X2937PB0CJ7I56,0000024741,2010.0,Q2,2010-04-01,2010-06-30,,netincomecontinuing,netincome,Consolidated Net Income / (Loss),+,credit,usd,913000000.0
Corning Inc,GLW,549300X2937PB0CJ7I56,0000024741,2010.0,Q2,2010-04-01,2010-06-30,,netcashfromcontinuingoperatingactivities,netincomecontinuing,Net Income / (Loss) Continuing Operations,+,credit,usd,913000000.0
Corning Inc,GLW,549300X2937PB0CJ7I56,0000024741,2010.0,Q2,2010-04-01,2010-06-30,,netcashfromcontinuingoperatingactivities,depreciationexpense,Depreciation Expense,+,debit,usd,206000000.0
Corning Inc,GLW,549300X2937PB0CJ7I56,0000024741,2010.0,Q2,2010-04-01,2010-06-30,,netcashfromcontinuingoperatingactivities,amortizationexpense,Amortization Expense,+,debit,usd,2000000.0
Corning Inc,GLW,549300X2937PB0CJ7I56,0000024741,2010.0,Q2,2010-04-01,2010-06-30,,netcashfromcontinuingoperatingactivities,noncashadjustmentstonetincome,Non-Cash Adjustments To Reconcile Net Income,+,debit,usd,-478000000.0
Corning Inc,GLW,549300X2937PB0CJ7I56,0000024741,2010.0,Q2,2010-04-01,2010-06-30,,netcashfromcontinuingoperatingactivities,increasedecreaseinoperatingcapital,"Changes in Operating Assets and Liabilities, net",+,debit,usd,29000000.0
Corning Inc,GLW,549300X2937PB0CJ7I56,0000024741,2010.0,Q2,2010-04-01,2010-06-30,,netcashfromoperatingactivities,netcashfromcontinuingoperatingactivities,Net Cash From Continuing Operating Activities,+,debit,usd,672000000.0
Corning Inc,GLW,549300X2937PB0CJ7I56,0000024741,2010.0,Q2,2010-04-01,2010-06-30,,netchangeincash,netcashfromoperatingactivities,Net Cash From Operating Activities,+,debit,usd,672000000.0
Corning Inc,GLW,549300X2937PB0CJ7I56,0000024741,2010.0,Q2,2010-04-01,2010-06-30,,netcashfromcontinuinginvestingactivities,purchaseofplantpropertyandequipment,"Purchase of Property, Plant & Equipment",+,debit,usd,-136000000.0
Corning Inc,GLW,549300X2937PB0CJ7I56,0000024741,2010.0,Q2,2010-04-01,2010-06-30,,netcashfromcontinuinginvestingactivities,purchaseofinvestments,Purchase of Investments,+,debit,usd,-670000000.0
Corning Inc,GLW,549300X2937PB0CJ7I56,0000024741,2010.0,Q2,2010-04-01,2010-06-30,,netcashfromcontinuinginvestingactivities,saleofinvestments,Sale and/or Maturity of Investments,+,debit,usd,422000000.0
Corning Inc,GLW,549300X2937PB0CJ7I56,0000024741,2010.0,Q2,2010-04-01,2010-06-30,,netcashfrominvestingactivities,netcashfromcontinuinginvestingactivities,Net Cash From Continuing Investing Activities,+,debit,usd,-384000000.0
Corning Inc,GLW,549300X2937PB0CJ7I56,0000024741,2010.0,Q2,2010-04-01,2010-06-30,,netchangeincash,netcashfrominvestingactivities,Net Cash From Investing Activities,+,debit,usd,-384000000.0
Corning Inc,GLW,549300X2937PB0CJ7I56,0000024741,2010.0,Q2,2010-04-01,2010-06-30,,netcashfromcontinuingfinancingactivities,repaymentofdebt,Repayment of Debt,+,debit,usd,-3000000.0
Corning Inc,GLW,549300X2937PB0CJ7I56,0000024741,2010.0,Q2,2010-04-01,2010-06-30,,netcashfromcontinuingfinancingactivities,paymentofdividends,Payment of Dividends,+,debit,usd,-78000000.0
Corning Inc,GLW,549300X2937PB0CJ7I56,0000024741,2010.0,Q2,2010-04-01,2010-06-30,,netcashfromcontinuingfinancingactivities,issuanceofcommonequity,Issuance of Common Equity,+,debit,usd,11000000.0
Corning Inc,GLW,549300X2937PB0CJ7I56,0000024741,2010.0,Q2,2010-04-01,2010-06-30,,netcashfromcontinuingfinancingactivities,otherfinancingactivitiesnet,"Other Financing Activities, net",+,debit,usd,8000000.0
Corning Inc,GLW,549300X2937PB0CJ7I56,0000024741,2010.0,Q2,2010-04-01,2010-06-30,,netcashfromfinancingactivities,netcashfromcontinuingfinancingactivities,Net Cash From Continuing Financing Activities,+,debit,usd,-62000000.0
Corning Inc,GLW,549300X2937PB0CJ7I56,0000024741,2010.0,Q2,2010-04-01,2010-06-30,,netchangeincash,netcashfromfinancingactivities,Net Cash From Financing Activities,+,debit,usd,-62000000.0
Corning Inc,GLW,549300X2937PB0CJ7I56,0000024741,2010.0,Q2,2010-04-01,2010-06-30,,netchangeincash,effectofexchangeratechanges,Effect of Exchange Rate Changes,+,debit,usd,-87000000.0
Corning Inc,GLW,549300X2937PB0CJ7I56,0000024741,2010.0,Q2,2010-04-01,2010-06-30,,,netchangeincash,Net Change in Cash & Equivalents,=,debit,usd,139000000.0
Corning Inc,GLW,549300X2937PB0CJ7I56,0000024741,2010.0,Q3,2010-07-01,2010-09-30,,netincomecontinuing,netincome,Consolidated Net Income / (Loss),+,credit,usd,785000000.0
Corning Inc,GLW,549300X2937PB0CJ7I56,0000024741,2010.0,Q3,2010-07-01,2010-09-30,,netcashfromcontinuingoperatingactivities,netincomecontinuing,Net Income / (Loss) Continuing Operations,+,credit,usd,785000000.0
Corning Inc,GLW,549300X2937PB0CJ7I56,0000024741,2010.0,Q3,2010-07-01,2010-09-30,,netcashfromcontinuingoperatingactivities,depreciationexpense,Depreciation Expense,+,debit,usd,212000000.0
Corning Inc,GLW,549300X2937PB0CJ7I56,0000024741,2010.0,Q3,2010-07-01,2010-09-30,,netcashfromcontinuingoperatingactivities,amortizationexpense,Amortization Expense,+,debit,usd,2000000.0
Corning Inc,GLW,549300X2937PB0CJ7I56,0000024741,2010.0,Q3,2010-07-01,2010-09-30,,netcashfromcontinuingoperatingactivities,noncashadjustmentstonetincome,Non-Cash Adjustments To Reconcile Net Income,+,debit,usd,-442000000.0
Corning Inc,GLW,549300X2937PB0CJ7I56,0000024741,2010.0,Q3,2010-07-01,2010-09-30,,netcashfromcontinuingoperatingactivities,increasedecreaseinoperatingcapital,"Changes in Operating Assets and Liabilities, net",+,debit,usd,-129000000.0
Corning Inc,GLW,549300X2937PB0CJ7I56,0000024741,2010.0,Q3,2010-07-01,2010-09-30,,netcashfromoperatingactivities,netcashfromcontinuingoperatingactivities,Net Cash From Continuing Operating Activities,+,debit,usd,428000000.0
Corning Inc,GLW,549300X2937PB0CJ7I56,0000024741,2010.0,Q3,2010-07-01,2010-09-30,,netchangeincash,netcashfromoperatingactivities,Net Cash From Operating Activities,+,debit,usd,428000000.0
Corning Inc,GLW,549300X2937PB0CJ7I56,0000024741,2010.0,Q3,2010-07-01,2010-09-30,,netcashfromcontinuinginvestingactivities,purchaseofplantpropertyandequipment,"Purchase of Property, Plant & Equipment",+,debit,usd,-225000000.0
Corning Inc,GLW,549300X2937PB0CJ7I56,0000024741,2010.0,Q3,2010-07-01,2010-09-30,,netcashfromcontinuinginvestingactivities,purchaseofinvestments,Purchase of Investments,+,debit,usd,-1106000000.0
Corning Inc,GLW,549300X2937PB0CJ7I56,0000024741,2010.0,Q3,2010-07-01,2010-09-30,,netcashfromcontinuinginvestingactivities,saleofplantpropertyandequipment,"Sale of Property, Plant & Equipment",+,debit,usd,1000000.0
Corning Inc,GLW,549300X2937PB0CJ7I56,0000024741,2010.0,Q3,2010-07-01,2010-09-30,,netcashfromcontinuinginvestingactivities,saleofinvestments,Sale and/or Maturity of Investments,+,debit,usd,424000000.0
Corning Inc,GLW,549300X2937PB0CJ7I56,0000024741,2010.0,Q3,2010-07-01,2010-09-30,,netcashfromcontinuinginvestingactivities,otherinvestingactivitiesnet,"Other Investing Activities, net",+,debit,usd,4000000.0
Corning Inc,GLW,549300X2937PB0CJ7I56,0000024741,2010.0,Q3,2010-07-01,2010-09-30,,netcashfrominvestingactivities,netcashfromcontinuinginvestingactivities,Net Cash From Continuing Investing Activities,+,debit,usd,-902000000.0
Corning Inc,GLW,549300X2937PB0CJ7I56,0000024741,2010.0,Q3,2010-07-01,2010-09-30,,netchangeincash,netcashfrominvestingactivities,Net Cash From Investing Activities,+,debit,usd,-902000000.0
Corning Inc,GLW,549300X2937PB0CJ7I56,0000024741,2010.0,Q3,2010-07-01,2010-09-30,,netcashfromcontinuingfinancingactivities,repaymentofdebt,Repayment of Debt,+,debit,usd,-274000000.0
Corning Inc,GLW,549300X2937PB0CJ7I56,0000024741,2010.0,Q3,2010-07-01,2010-09-30,,netcashfromcontinuingfinancingactivities,paymentofdividends,Payment of Dividends,+,debit,usd,-79000000.0
Corning Inc,GLW,549300X2937PB0CJ7I56,0000024741,2010.0,Q3,2010-07-01,2010-09-30,,netcashfromcontinuingfinancingactivities,issuanceofdebt,Issuance of Debt,+,debit,usd,689000000.0
Corning Inc,GLW,549300X2937PB0CJ7I56,0000024741,2010.0,Q3,2010-07-01,2010-09-30,,netcashfromcontinuingfinancingactivities,otherfinancingactivitiesnet,"Other Financing Activities, net",+,debit,usd,10000000.0
Corning Inc,GLW,549300X2937PB0CJ7I56,0000024741,2010.0,Q3,2010-07-01,2010-09-30,,netcashfromfinancingactivities,netcashfromcontinuingfinancingactivities,Net Cash From Continuing Financing Activities,+,debit,usd,346000000.0
Corning Inc,GLW,549300X2937PB0CJ7I56,0000024741,2010.0,Q3,2010-07-01,2010-09-30,,netchangeincash,netcashfromfinancingactivities,Net Cash From Financing Activities,+,debit,usd,346000000.0
Corning Inc,GLW,549300X2937PB0CJ7I56,0000024741,2010.0,Q3,2010-07-01,2010-09-30,,netchangeincash,effectofexchangeratechanges,Effect of Exchange Rate Changes,+,debit,usd,216000000.0
Corning Inc,GLW,549300X2937PB0CJ7I56,0000024741,2010.0,Q3,2010-07-01,2010-09-30,,,netchangeincash,Net Change in Cash & Equivalents,=,debit,usd,88000000.0
Corning Inc,GLW,549300X2937PB0CJ7I56,0000024741,2010.0,Q4,2010-10-01,2010-12-31,,netincomecontinuing,netincome,Consolidated Net Income / (Loss),+,credit,usd,1044000000.0
Corning Inc,GLW,549300X2937PB0CJ7I56,0000024741,2010.0,Q4,2010-10-01,2010-12-31,,netcashfromcontinuingoperatingactivities,netincomecontinuing,Net Income / (Loss) Continuing Operations,+,credit,usd,1044000000.0
Corning Inc,GLW,549300X2937PB0CJ7I56,0000024741,2010.0,Q4,2010-10-01,2010-12-31,,netcashfromcontinuingoperatingactivities,depreciationexpense,Depreciation Expense,+,debit,usd,222000000.0
Corning Inc,GLW,549300X2937PB0CJ7I56,0000024741,2010.0,Q4,2010-10-01,2010-12-31,,netcashfromcontinuingoperatingactivities,amortizationexpense,Amortization Expense,+,debit,usd,2000000.0
Corning Inc,GLW,549300X2937PB0CJ7I56,0000024741,2010.0,Q4,2010-10-01,2010-12-31,,netcashfromcontinuingoperatingactivities,noncashadjustmentstonetincome,Non-Cash Adjustments To Reconcile Net Income,+,debit,usd,731000000.0
Corning Inc,GLW,549300X2937PB0CJ7I56,0000024741,2010.0,Q4,2010-10-01,2010-12-31,,netcashfromcontinuingoperatingactivities,increasedecreaseinoperatingcapital,"Changes in Operating Assets and Liabilities, net",+,debit,usd,93000000.0
Corning Inc,GLW,549300X2937PB0CJ7I56,0000024741,2010.0,Q4,2010-10-01,2010-12-31,,netcashfromoperatingactivities,netcashfromcontinuingoperatingactivities,Net Cash From Continuing Operating Activities,+,debit,usd,2092000000.0
Corning Inc,GLW,549300X2937PB0CJ7I56,0000024741,2010.0,Q4,2010-10-01,2010-12-31,,netchangeincash,netcashfromoperatingactivities,Net Cash From Operating Activities,+,debit,usd,2092000000.0
Corning Inc,GLW,549300X2937PB0CJ7I56,0000024741,2010.0,Q4,2010-10-01,2010-12-31,,netcashfromcontinuinginvestingactivities,purchaseofplantpropertyandequipment,"Purchase of Property, Plant & Equipment",+,debit,usd,-473000000.0
Corning Inc,GLW,549300X2937PB0CJ7I56,0000024741,2010.0,Q4,2010-10-01,2010-12-31,,netcashfromcontinuinginvestingactivities,acquisitions,Acquisitions,+,debit,usd,-63000000.0
Corning Inc,GLW,549300X2937PB0CJ7I56,0000024741,2010.0,Q4,2010-10-01,2010-12-31,,netcashfromcontinuinginvestingactivities,purchaseofinvestments,Purchase of Investments,+,debit,usd,-768000000.0
Corning Inc,GLW,549300X2937PB0CJ7I56,0000024741,2010.0,Q4,2010-10-01,2010-12-31,,netcashfromcontinuinginvestingactivities,saleofinvestments,Sale and/or Maturity of Investments,+,debit,usd,743000000.0
Corning Inc,GLW,549300X2937PB0CJ7I56,0000024741,2010.0,Q4,2010-10-01,2010-12-31,,netcashfromcontinuinginvestingactivities,otherinvestingactivitiesnet,"Other Investing Activities, net",+,debit,usd,1000000.0
Corning Inc,GLW,549300X2937PB0CJ7I56,0000024741,2010.0,Q4,2010-10-01,2010-12-31,,netcashfrominvestingactivities,netcashfromcontinuinginvestingactivities,Net Cash From Continuing Investing Activities,+,debit,usd,-560000000.0
Corning Inc,GLW,549300X2937PB0CJ7I56,0000024741,2010.0,Q4,2010-10-01,2010-12-31,,netchangeincash,netcashfrominvestingactivities,Net Cash From Investing Activities,+,debit,usd,-560000000.0
Corning Inc,GLW,549300X2937PB0CJ7I56,0000024741,2010.0,Q4,2010-10-01,2010-12-31,,netcashfromcontinuingfinancingactivities,repaymentofdebt,Repayment of Debt,+,debit,usd,-113000000.0
Corning Inc,GLW,549300X2937PB0CJ7I56,0000024741,2010.0,Q4,2010-10-01,2010-12-31,,netcashfromcontinuingfinancingactivities,paymentofdividends,Payment of Dividends,+,debit,usd,-78000000.0
Corning Inc,GLW,549300X2937PB0CJ7I56,0000024741,2010.0,Q4,2010-10-01,2010-12-31,,netcashfromcontinuingfinancingactivities,otherfinancingactivitiesnet,"Other Financing Activities, net",+,debit,usd,16000000.0
Corning Inc,GLW,549300X2937PB0CJ7I56,0000024741,2010.0,Q4,2010-10-01,2010-12-31,,netcashfromfinancingactivities,netcashfromcontinuingfinancingactivities,Net Cash From Continuing Financing Activities,+,debit,usd,-175000000.0
Corning Inc,GLW,549300X2937PB0CJ7I56,0000024741,2010.0,Q4,2010-10-01,2010-12-31,,netchangeincash,netcashfromfinancingactivities,Net Cash From Financing Activities,+,debit,usd,-175000000.0
Corning Inc,GLW,549300X2937PB0CJ7I56,0000024741,2010.0,Q4,2010-10-01,2010-12-31,,netchangeincash,effectofexchangeratechanges,Effect of Exchange Rate Changes,+,debit,usd,-61000000.0
Corning Inc,GLW,549300X2937PB0CJ7I56,0000024741,2010.0,Q4,2010-10-01,2010-12-31,,,netchangeincash,Net Change in Cash & Equivalents,=,debit,usd,1296000000.0
Corning Inc,GLW,549300X2937PB0CJ7I56,0000024741,2011.0,Q1,2011-01-01,2011-03-31,2012-04-27 16:03:08+00:00,netincomecontinuing,netincome,Consolidated Net Income / (Loss),+,credit,usd,748000000.0
Corning Inc,GLW,549300X2937PB0CJ7I56,0000024741,2011.0,Q1,2011-01-01,2011-03-31,2012-04-27 16:03:08+00:00,netcashfromcontinuingoperatingactivities,netincomecontinuing,Net Income / (Loss) Continuing Operations,+,credit,usd,748000000.0
Corning Inc,GLW,549300X2937PB0CJ7I56,0000024741,2011.0,Q1,2011-01-01,2011-03-31,2012-04-27 16:03:08+00:00,netcashfromcontinuingoperatingactivities,depreciationexpense,Depreciation Expense,+,debit,usd,226000000.0
Corning Inc,GLW,549300X2937PB0CJ7I56,0000024741,2011.0,Q1,2011-01-01,2011-03-31,2012-04-27 16:03:08+00:00,netcashfromcontinuingoperatingactivities,amortizationexpense,Amortization Expense,+,debit,usd,3000000.0
Corning Inc,GLW,549300X2937PB0CJ7I56,0000024741,2011.0,Q1,2011-01-01,2011-03-31,2012-04-27 16:03:08+00:00,netcashfromcontinuingoperatingactivities,noncashadjustmentstonetincome,Non-Cash Adjustments To Reconcile Net Income,+,debit,usd,45000000.0
Corning Inc,GLW,549300X2937PB0CJ7I56,0000024741,2011.0,Q1,2011-01-01,2011-03-31,2012-04-27 16:03:08+00:00,netcashfromcontinuingoperatingactivities,increasedecreaseinoperatingcapital,"Changes in Operating Assets and Liabilities, net",+,debit,usd,-449000000.0
Corning Inc,GLW,549300X2937PB0CJ7I56,0000024741,2011.0,Q1,2011-01-01,2011-03-31,2012-04-27 16:03:08+00:00,netcashfromoperatingactivities,netcashfromcontinuingoperatingactivities,Net Cash From Continuing Operating Activities,+,debit,usd,573000000.0
Corning Inc,GLW,549300X2937PB0CJ7I56,0000024741,2011.0,Q1,2011-01-01,2011-03-31,2012-04-27 16:03:08+00:00,netchangeincash,netcashfromoperatingactivities,Net Cash From Operating Activities,+,debit,usd,573000000.0
Corning Inc,GLW,549300X2937PB0CJ7I56,0000024741,2011.0,Q1,2011-01-01,2011-03-31,2012-04-27 16:03:08+00:00,netcashfromcontinuinginvestingactivities,purchaseofplantpropertyandequipment,"Purchase of Property, Plant & Equipment",+,debit,usd,-532000000.0
Corning Inc,GLW,549300X2937PB0CJ7I56,0000024741,2011.0,Q1,2011-01-01,2011-03-31,2012-04-27 16:03:08+00:00,netcashfromcontinuinginvestingactivities,acquisitions,Acquisitions,+,debit,usd,-148000000.0
Corning Inc,GLW,549300X2937PB0CJ7I56,0000024741,2011.0,Q1,2011-01-01,2011-03-31,2012-04-27 16:03:08+00:00,netcashfromcontinuinginvestingactivities,purchaseofinvestments,Purchase of Investments,+,debit,usd,-883000000.0
Corning Inc,GLW,549300X2937PB0CJ7I56,0000024741,2011.0,Q1,2011-01-01,2011-03-31,2012-04-27 16:03:08+00:00,netcashfromcontinuinginvestingactivities,saleofinvestments,Sale and/or Maturity of Investments,+,debit,usd,903000000.0
Corning Inc,GLW,549300X2937PB0CJ7I56,0000024741,2011.0,Q1,2011-01-01,2011-03-31,2012-04-27 16:03:08+00:00,netcashfromcontinuinginvestingactivities,otherinvestingactivitiesnet,"Other Investing Activities, net",+,debit,usd,3000000.0
Corning Inc,GLW,549300X2937PB0CJ7I56,0000024741,2011.0,Q1,2011-01-01,2011-03-31,2012-04-27 16:03:08+00:00,netcashfrominvestingactivities,netcashfromcontinuinginvestingactivities,Net Cash From Continuing Investing Activities,+,debit,usd,-657000000.0
Corning Inc,GLW,549300X2937PB0CJ7I56,0000024741,2011.0,Q1,2011-01-01,2011-03-31,2012-04-27 16:03:08+00:00,netchangeincash,netcashfrominvestingactivities,Net Cash From Investing Activities,+,debit,usd,-657000000.0
Corning Inc,GLW,549300X2937PB0CJ7I56,0000024741,2011.0,Q1,2011-01-01,2011-03-31,2012-04-27 16:03:08+00:00,netcashfromcontinuingfinancingactivities,repaymentofdebt,Repayment of Debt,+,debit,usd,-42000000.0
Corning Inc,GLW,549300X2937PB0CJ7I56,0000024741,2011.0,Q1,2011-01-01,2011-03-31,2012-04-27 16:03:08+00:00,netcashfromcontinuingfinancingactivities,paymentofdividends,Payment of Dividends,+,debit,usd,-79000000.0
Corning Inc,GLW,549300X2937PB0CJ7I56,0000024741,2011.0,Q1,2011-01-01,2011-03-31,2012-04-27 16:03:08+00:00,netcashfromcontinuingfinancingactivities,otherfinancingactivitiesnet,"Other Financing Activities, net",+,debit,usd,64000000.0
Corning Inc,GLW,549300X2937PB0CJ7I56,0000024741,2011.0,Q1,2011-01-01,2011-03-31,2012-04-27 16:03:08+00:00,netcashfromfinancingactivities,netcashfromcontinuingfinancingactivities,Net Cash From Continuing Financing Activities,+,debit,usd,-57000000.0
Corning Inc,GLW,549300X2937PB0CJ7I56,0000024741,2011.0,Q1,2011-01-01,2011-03-31,2012-04-27 16:03:08+00:00,netchangeincash,netcashfromfinancingactivities,Net Cash From Financing Activities,+,debit,usd,-57000000.0
Corning Inc,GLW,549300X2937PB0CJ7I56,0000024741,2011.0,Q1,2011-01-01,2011-03-31,2012-04-27 16:03:08+00:00,netchangeincash,effectofexchangeratechanges,Effect of Exchange Rate Changes,+,debit,usd,113000000.0
Corning Inc,GLW,549300X2937PB0CJ7I56,0000024741,2011.0,Q1,2011-01-01,2011-03-31,2012-04-27 16:03:08+00:00,,netchangeincash,Net Change in Cash & Equivalents,=,debit,usd,-28000000.0
Corning Inc,GLW,549300X2937PB0CJ7I56,0000024741,2011.0,Q2,2011-04-01,2011-06-30,,netincomecontinuing,netincome,Consolidated Net Income / (Loss),+,credit,usd,755000000.0
Corning Inc,GLW,549300X2937PB0CJ7I56,0000024741,2011.0,Q2,2011-04-01,2011-06-30,,netcashfromcontinuingoperatingactivities,netincomecontinuing,Net Income / (Loss) Continuing Operations,+,credit,usd,755000000.0
Corning Inc,GLW,549300X2937PB0CJ7I56,0000024741,2011.0,Q2,2011-04-01,2011-06-30,,netcashfromcontinuingoperatingactivities,depreciationexpense,Depreciation Expense,+,debit,usd,232000000.0
Corning Inc,GLW,549300X2937PB0CJ7I56,0000024741,2011.0,Q2,2011-04-01,2011-06-30,,netcashfromcontinuingoperatingactivities,amortizationexpense,Amortization Expense,+,debit,usd,4000000.0
Corning Inc,GLW,549300X2937PB0CJ7I56,0000024741,2011.0,Q2,2011-04-01,2011-06-30,,netcashfromcontinuingoperatingactivities,noncashadjustmentstonetincome,Non-Cash Adjustments To Reconcile Net Income,+,debit,usd,-303000000.0
Corning Inc,GLW,549300X2937PB0CJ7I56,0000024741,2011.0,Q2,2011-04-01,2011-06-30,,netcashfromcontinuingoperatingactivities,increasedecreaseinoperatingcapital,"Changes in Operating Assets and Liabilities, net",+,debit,usd,-142000000.0
Corning Inc,GLW,549300X2937PB0CJ7I56,0000024741,2011.0,Q2,2011-04-01,2011-06-30,,netcashfromoperatingactivities,netcashfromcontinuingoperatingactivities,Net Cash From Continuing Operating Activities,+,debit,usd,546000000.0
Corning Inc,GLW,549300X2937PB0CJ7I56,0000024741,2011.0,Q2,2011-04-01,2011-06-30,,netchangeincash,netcashfromoperatingactivities,Net Cash From Operating Activities,+,debit,usd,546000000.0
Corning Inc,GLW,549300X2937PB0CJ7I56,0000024741,2011.0,Q2,2011-04-01,2011-06-30,,netcashfromcontinuinginvestingactivities,purchaseofplantpropertyandequipment,"Purchase of Property, Plant & Equipment",+,debit,usd,-494000000.0
Corning Inc,GLW,549300X2937PB0CJ7I56,0000024741,2011.0,Q2,2011-04-01,2011-06-30,,netcashfromcontinuinginvestingactivities,purchaseofinvestments,Purchase of Investments,+,debit,usd,-962000000.0
Corning Inc,GLW,549300X2937PB0CJ7I56,0000024741,2011.0,Q2,2011-04-01,2011-06-30,,netcashfromcontinuinginvestingactivities,saleofinvestments,Sale and/or Maturity of Investments,+,debit,usd,949000000.0
Corning Inc,GLW,549300X2937PB0CJ7I56,0000024741,2011.0,Q2,2011-04-01,2011-06-30,,netcashfromcontinuinginvestingactivities,otherinvestingactivitiesnet,"Other Investing Activities, net",+,debit,usd,2000000.0
Corning Inc,GLW,549300X2937PB0CJ7I56,0000024741,2011.0,Q2,2011-04-01,2011-06-30,,netcashfrominvestingactivities,netcashfromcontinuinginvestingactivities,Net Cash From Continuing Investing Activities,+,debit,usd,-505000000.0
Corning Inc,GLW,549300X2937PB0CJ7I56,0000024741,2011.0,Q2,2011-04-01,2011-06-30,,netchangeincash,netcashfrominvestingactivities,Net Cash From Investing Activities,+,debit,usd,-505000000.0
Corning Inc,GLW,549300X2937PB0CJ7I56,0000024741,2011.0,Q2,2011-04-01,2011-06-30,,netcashfromcontinuingfinancingactivities,repaymentofdebt,Repayment of Debt,+,debit,usd,-2000000.0
Corning Inc,GLW,549300X2937PB0CJ7I56,0000024741,2011.0,Q2,2011-04-01,2011-06-30,,netcashfromcontinuingfinancingactivities,paymentofdividends,Payment of Dividends,+,debit,usd,-79000000.0
Corning Inc,GLW,549300X2937PB0CJ7I56,0000024741,2011.0,Q2,2011-04-01,2011-06-30,,netcashfromcontinuingfinancingactivities,otherfinancingactivitiesnet,"Other Financing Activities, net",+,debit,usd,9000000.0
Corning Inc,GLW,549300X2937PB0CJ7I56,0000024741,2011.0,Q2,2011-04-01,2011-06-30,,netcashfromfinancingactivities,netcashfromcontinuingfinancingactivities,Net Cash From Continuing Financing Activities,+,debit,usd,-72000000.0
Corning Inc,GLW,549300X2937PB0CJ7I56,0000024741,2011.0,Q2,2011-04-01,2011-06-30,,netchangeincash,netcashfromfinancingactivities,Net Cash From Financing Activities,+,debit,usd,-72000000.0
Corning Inc,GLW,549300X2937PB0CJ7I56,0000024741,2011.0,Q2,2011-04-01,2011-06-30,,netchangeincash,effectofexchangeratechanges,Effect of Exchange Rate Changes,+,debit,usd,70000000.0
Corning Inc,GLW,549300X2937PB0CJ7I56,0000024741,2011.0,Q2,2011-04-01,2011-06-30,,,netchangeincash,Net Change in Cash & Equivalents,=,debit,usd,39000000.0
Corning Inc,GLW,549300X2937PB0CJ7I56,0000024741,2011.0,Q3,2011-07-01,2011-09-30,,netincomecontinuing,netincome,Consolidated Net Income / (Loss),+,credit,usd,811000000.0
Corning Inc,GLW,549300X2937PB0CJ7I56,0000024741,2011.0,Q3,2011-07-01,2011-09-30,,netcashfromcontinuingoperatingactivities,netincomecontinuing,Net Income / (Loss) Continuing Operations,+,credit,usd,811000000.0
Corning Inc,GLW,549300X2937PB0CJ7I56,0000024741,2011.0,Q3,2011-07-01,2011-09-30,,netcashfromcontinuingoperatingactivities,depreciationexpense,Depreciation Expense,+,debit,usd,241000000.0
Corning Inc,GLW,549300X2937PB0CJ7I56,0000024741,2011.0,Q3,2011-07-01,2011-09-30,,netcashfromcontinuingoperatingactivities,amortizationexpense,Amortization Expense,+,debit,usd,4000000.0
Corning Inc,GLW,549300X2937PB0CJ7I56,0000024741,2011.0,Q3,2011-07-01,2011-09-30,,netcashfromcontinuingoperatingactivities,noncashadjustmentstonetincome,Non-Cash Adjustments To Reconcile Net Income,+,debit,usd,-191000000.0
Corning Inc,GLW,549300X2937PB0CJ7I56,0000024741,2011.0,Q3,2011-07-01,2011-09-30,,netcashfromcontinuingoperatingactivities,increasedecreaseinoperatingcapital,"Changes in Operating Assets and Liabilities, net",+,debit,usd,48000000.0
Corning Inc,GLW,549300X2937PB0CJ7I56,0000024741,2011.0,Q3,2011-07-01,2011-09-30,,netcashfromoperatingactivities,netcashfromcontinuingoperatingactivities,Net Cash From Continuing Operating Activities,+,debit,usd,913000000.0
Corning Inc,GLW,549300X2937PB0CJ7I56,0000024741,2011.0,Q3,2011-07-01,2011-09-30,,netchangeincash,netcashfromoperatingactivities,Net Cash From Operating Activities,+,debit,usd,913000000.0
Corning Inc,GLW,549300X2937PB0CJ7I56,0000024741,2011.0,Q3,2011-07-01,2011-09-30,,netcashfromcontinuinginvestingactivities,purchaseofplantpropertyandequipment,"Purchase of Property, Plant & Equipment",+,debit,usd,-640000000.0
Corning Inc,GLW,549300X2937PB0CJ7I56,0000024741,2011.0,Q3,2011-07-01,2011-09-30,,netcashfromcontinuinginvestingactivities,purchaseofinvestments,Purchase of Investments,+,debit,usd,-348000000.0
Corning Inc,GLW,549300X2937PB0CJ7I56,0000024741,2011.0,Q3,2011-07-01,2011-09-30,,netcashfromcontinuinginvestingactivities,saleofinvestments,Sale and/or Maturity of Investments,+,debit,usd,574000000.0
Corning Inc,GLW,549300X2937PB0CJ7I56,0000024741,2011.0,Q3,2011-07-01,2011-09-30,,netcashfromcontinuinginvestingactivities,otherinvestingactivitiesnet,"Other Investing Activities, net",+,debit,usd,-4000000.0
Corning Inc,GLW,549300X2937PB0CJ7I56,0000024741,2011.0,Q3,2011-07-01,2011-09-30,,netcashfrominvestingactivities,netcashfromcontinuinginvestingactivities,Net Cash From Continuing Investing Activities,+,debit,usd,-418000000.0
Corning Inc,GLW,549300X2937PB0CJ7I56,0000024741,2011.0,Q3,2011-07-01,2011-09-30,,netchangeincash,netcashfrominvestingactivities,Net Cash From Investing Activities,+,debit,usd,-418000000.0
Corning Inc,GLW,549300X2937PB0CJ7I56,0000024741,2011.0,Q3,2011-07-01,2011-09-30,,netcashfromcontinuingfinancingactivities,repaymentofdebt,Repayment of Debt,+,debit,usd,-10000000.0
Corning Inc,GLW,549300X2937PB0CJ7I56,0000024741,2011.0,Q3,2011-07-01,2011-09-30,,netcashfromcontinuingfinancingactivities,paymentofdividends,Payment of Dividends,+,debit,usd,-79000000.0
Corning Inc,GLW,549300X2937PB0CJ7I56,0000024741,2011.0,Q3,2011-07-01,2011-09-30,,netcashfromcontinuingfinancingactivities,issuanceofdebt,Issuance of Debt,+,debit,usd,34000000.0
Corning Inc,GLW,549300X2937PB0CJ7I56,0000024741,2011.0,Q3,2011-07-01,2011-09-30,,netcashfromcontinuingfinancingactivities,otherfinancingactivitiesnet,"Other Financing Activities, net",+,debit,usd,9000000.0
Corning Inc,GLW,549300X2937PB0CJ7I56,0000024741,2011.0,Q3,2011-07-01,2011-09-30,,netcashfromfinancingactivities,netcashfromcontinuingfinancingactivities,Net Cash From Continuing Financing Activities,+,debit,usd,-46000000.0
Corning Inc,GLW,549300X2937PB0CJ7I56,0000024741,2011.0,Q3,2011-07-01,2011-09-30,,netchangeincash,netcashfromfinancingactivities,Net Cash From Financing Activities,+,debit,usd,-46000000.0
Corning Inc,GLW,549300X2937PB0CJ7I56,0000024741,2011.0,Q3,2011-07-01,2011-09-30,,netchangeincash,effectofexchangeratechanges,Effect of Exchange Rate Changes,+,debit,usd,-157000000.0
Corning Inc,GLW,549300X2937PB0CJ7I56,0000024741,2011.0,Q3,2011-07-01,2011-09-30,,,netchangeincash,Net Change in Cash & Equivalents,=,debit,usd,292000000.0
Corning Inc,GLW,549300X2937PB0CJ7I56,0000024741,2011.0,Q4,2011-10-01,2011-12-31,,netincomecontinuing,netincome,Consolidated Net Income / (Loss),+,credit,usd,503000000.0
Corning Inc,GLW,549300X2937PB0CJ7I56,0000024741,2011.0,Q4,2011-10-01,2011-12-31,,netcashfromcontinuingoperatingactivities,netincomecontinuing,Net Income / (Loss) Continuing Operations,+,credit,usd,503000000.0
Corning Inc,GLW,549300X2937PB0CJ7I56,0000024741,2011.0,Q4,2011-10-01,2011-12-31,,netcashfromcontinuingoperatingactivities,depreciationexpense,Depreciation Expense,+,debit,usd,243000000.0
Corning Inc,GLW,549300X2937PB0CJ7I56,0000024741,2011.0,Q4,2011-10-01,2011-12-31,,netcashfromcontinuingoperatingactivities,amortizationexpense,Amortization Expense,+,debit,usd,4000000.0
Corning Inc,GLW,549300X2937PB0CJ7I56,0000024741,2011.0,Q4,2011-10-01,2011-12-31,,netcashfromcontinuingoperatingactivities,noncashadjustmentstonetincome,Non-Cash Adjustments To Reconcile Net Income,+,debit,usd,193000000.0
Corning Inc,GLW,549300X2937PB0CJ7I56,0000024741,2011.0,Q4,2011-10-01,2011-12-31,,netcashfromcontinuingoperatingactivities,increasedecreaseinoperatingcapital,"Changes in Operating Assets and Liabilities, net",+,debit,usd,214000000.0
Corning Inc,GLW,549300X2937PB0CJ7I56,0000024741,2011.0,Q4,2011-10-01,2011-12-31,,netcashfromoperatingactivities,netcashfromcontinuingoperatingactivities,Net Cash From Continuing Operating Activities,+,debit,usd,1157000000.0
Corning Inc,GLW,549300X2937PB0CJ7I56,0000024741,2011.0,Q4,2011-10-01,2011-12-31,,netchangeincash,netcashfromoperatingactivities,Net Cash From Operating Activities,+,debit,usd,1157000000.0
Corning Inc,GLW,549300X2937PB0CJ7I56,0000024741,2011.0,Q4,2011-10-01,2011-12-31,,netcashfromcontinuinginvestingactivities,purchaseofplantpropertyandequipment,"Purchase of Property, Plant & Equipment",+,debit,usd,-766000000.0
Corning Inc,GLW,549300X2937PB0CJ7I56,0000024741,2011.0,Q4,2011-10-01,2011-12-31,,netcashfromcontinuinginvestingactivities,acquisitions,Acquisitions,+,debit,usd,-67000000.0
Corning Inc,GLW,549300X2937PB0CJ7I56,0000024741,2011.0,Q4,2011-10-01,2011-12-31,,netcashfromcontinuinginvestingactivities,purchaseofinvestments,Purchase of Investments,+,debit,usd,-389000000.0
Corning Inc,GLW,549300X2937PB0CJ7I56,0000024741,2011.0,Q4,2011-10-01,2011-12-31,,netcashfromcontinuinginvestingactivities,saleofplantpropertyandequipment,"Sale of Property, Plant & Equipment",+,debit,usd,2000000.0
Corning Inc,GLW,549300X2937PB0CJ7I56,0000024741,2011.0,Q4,2011-10-01,2011-12-31,,netcashfromcontinuinginvestingactivities,saleofinvestments,Sale and/or Maturity of Investments,+,debit,usd,745000000.0
Corning Inc,GLW,549300X2937PB0CJ7I56,0000024741,2011.0,Q4,2011-10-01,2011-12-31,,netcashfromcontinuinginvestingactivities,otherinvestingactivitiesnet,"Other Investing Activities, net",+,debit,usd,-1000000.0
Corning Inc,GLW,549300X2937PB0CJ7I56,0000024741,2011.0,Q4,2011-10-01,2011-12-31,,netcashfrominvestingactivities,netcashfromcontinuinginvestingactivities,Net Cash From Continuing Investing Activities,+,debit,usd,-476000000.0
Corning Inc,GLW,549300X2937PB0CJ7I56,0000024741,2011.0,Q4,2011-10-01,2011-12-31,,netchangeincash,netcashfrominvestingactivities,Net Cash From Investing Activities,+,debit,usd,-476000000.0
Corning Inc,GLW,549300X2937PB0CJ7I56,0000024741,2011.0,Q4,2011-10-01,2011-12-31,,netcashfromcontinuingfinancingactivities,repaymentofdebt,Repayment of Debt,+,debit,usd,-2000000.0
Corning Inc,GLW,549300X2937PB0CJ7I56,0000024741,2011.0,Q4,2011-10-01,2011-12-31,,netcashfromcontinuingfinancingactivities,repurchaseofcommonequity,Repurchase of Common Equity,+,debit,usd,-780000000.0
Corning Inc,GLW,549300X2937PB0CJ7I56,0000024741,2011.0,Q4,2011-10-01,2011-12-31,,netcashfromcontinuingfinancingactivities,paymentofdividends,Payment of Dividends,+,debit,usd,-117000000.0
Corning Inc,GLW,549300X2937PB0CJ7I56,0000024741,2011.0,Q4,2011-10-01,2011-12-31,,netcashfromcontinuingfinancingactivities,issuanceofdebt,Issuance of Debt,+,debit,usd,86000000.0
Corning Inc,GLW,549300X2937PB0CJ7I56,0000024741,2011.0,Q4,2011-10-01,2011-12-31,,netcashfromcontinuingfinancingactivities,otherfinancingactivitiesnet,"Other Financing Activities, net",+,debit,usd,8000000.0
Corning Inc,GLW,549300X2937PB0CJ7I56,0000024741,2011.0,Q4,2011-10-01,2011-12-31,,netcashfromfinancingactivities,netcashfromcontinuingfinancingactivities,Net Cash From Continuing Financing Activities,+,debit,usd,-805000000.0
Corning Inc,GLW,549300X2937PB0CJ7I56,0000024741,2011.0,Q4,2011-10-01,2011-12-31,,netchangeincash,netcashfromfinancingactivities,Net Cash From Financing Activities,+,debit,usd,-805000000.0
Corning Inc,GLW,549300X2937PB0CJ7I56,0000024741,2011.0,Q4,2011-10-01,2011-12-31,,netchangeincash,effectofexchangeratechanges,Effect of Exchange Rate Changes,+,debit,usd,-116000000.0
Corning Inc,GLW,549300X2937PB0CJ7I56,0000024741,2011.0,Q4,2011-10-01,2011-12-31,,,netchangeincash,Net Change in Cash & Equivalents,=,debit,usd,-240000000.0
Corning Inc,GLW,549300X2937PB0CJ7I56,0000024741,2012.0,Q1,2012-01-01,2012-03-31,2013-04-26 16:03:53+00:00,netincomecontinuing,netincome,Consolidated Net Income / (Loss),+,credit,usd,474000000.0
Corning Inc,GLW,549300X2937PB0CJ7I56,0000024741,2012.0,Q1,2012-01-01,2012-03-31,2013-04-26 16:03:53+00:00,netcashfromcontinuingoperatingactivities,netincomecontinuing,Net Income / (Loss) Continuing Operations,+,credit,usd,474000000.0
Corning Inc,GLW,549300X2937PB0CJ7I56,0000024741,2012.0,Q1,2012-01-01,2012-03-31,2013-04-26 16:03:53+00:00,netcashfromcontinuingoperatingactivities,depreciationexpense,Depreciation Expense,+,debit,usd,235000000.0
Corning Inc,GLW,549300X2937PB0CJ7I56,0000024741,2012.0,Q1,2012-01-01,2012-03-31,2013-04-26 16:03:53+00:00,netcashfromcontinuingoperatingactivities,amortizationexpense,Amortization Expense,+,debit,usd,5000000.0
Corning Inc,GLW,549300X2937PB0CJ7I56,0000024741,2012.0,Q1,2012-01-01,2012-03-31,2013-04-26 16:03:53+00:00,netcashfromcontinuingoperatingactivities,noncashadjustmentstonetincome,Non-Cash Adjustments To Reconcile Net Income,+,debit,usd,246000000.0
Corning Inc,GLW,549300X2937PB0CJ7I56,0000024741,2012.0,Q1,2012-01-01,2012-03-31,2013-04-26 16:03:53+00:00,netcashfromcontinuingoperatingactivities,increasedecreaseinoperatingcapital,"Changes in Operating Assets and Liabilities, net",+,debit,usd,-198000000.0
Corning Inc,GLW,549300X2937PB0CJ7I56,0000024741,2012.0,Q1,2012-01-01,2012-03-31,2013-04-26 16:03:53+00:00,netcashfromoperatingactivities,netcashfromcontinuingoperatingactivities,Net Cash From Continuing Operating Activities,+,debit,usd,762000000.0
Corning Inc,GLW,549300X2937PB0CJ7I56,0000024741,2012.0,Q1,2012-01-01,2012-03-31,2013-04-26 16:03:53+00:00,netchangeincash,netcashfromoperatingactivities,Net Cash From Operating Activities,+,debit,usd,762000000.0
Corning Inc,GLW,549300X2937PB0CJ7I56,0000024741,2012.0,Q1,2012-01-01,2012-03-31,2013-04-26 16:03:53+00:00,netcashfromcontinuinginvestingactivities,purchaseofplantpropertyandequipment,"Purchase of Property, Plant & Equipment",+,debit,usd,-412000000.0
Corning Inc,GLW,549300X2937PB0CJ7I56,0000024741,2012.0,Q1,2012-01-01,2012-03-31,2013-04-26 16:03:53+00:00,netcashfromcontinuinginvestingactivities,purchaseofinvestments,Purchase of Investments,+,debit,usd,-528000000.0
Corning Inc,GLW,549300X2937PB0CJ7I56,0000024741,2012.0,Q1,2012-01-01,2012-03-31,2013-04-26 16:03:53+00:00,netcashfromcontinuinginvestingactivities,saleofinvestments,Sale and/or Maturity of Investments,+,debit,usd,341000000.0
Corning Inc,GLW,549300X2937PB0CJ7I56,0000024741,2012.0,Q1,2012-01-01,2012-03-31,2013-04-26 16:03:53+00:00,netcashfromcontinuinginvestingactivities,otherinvestingactivitiesnet,"Other Investing Activities, net",+,debit,usd,-5000000.0
Corning Inc,GLW,549300X2937PB0CJ7I56,0000024741,2012.0,Q1,2012-01-01,2012-03-31,2013-04-26 16:03:53+00:00,netcashfrominvestingactivities,netcashfromcontinuinginvestingactivities,Net Cash From Continuing Investing Activities,+,debit,usd,-604000000.0
Corning Inc,GLW,549300X2937PB0CJ7I56,0000024741,2012.0,Q1,2012-01-01,2012-03-31,2013-04-26 16:03:53+00:00,netchangeincash,netcashfrominvestingactivities,Net Cash From Investing Activities,+,debit,usd,-604000000.0
Corning Inc,GLW,549300X2937PB0CJ7I56,0000024741,2012.0,Q1,2012-01-01,2012-03-31,2013-04-26 16:03:53+00:00,netcashfromcontinuingfinancingactivities,repaymentofdebt,Repayment of Debt,+,debit,usd,-11000000.0
Corning Inc,GLW,549300X2937PB0CJ7I56,0000024741,2012.0,Q1,2012-01-01,2012-03-31,2013-04-26 16:03:53+00:00,netcashfromcontinuingfinancingactivities,repurchaseofcommonequity,Repurchase of Common Equity,+,debit,usd,-72000000.0
Corning Inc,GLW,549300X2937PB0CJ7I56,0000024741,2012.0,Q1,2012-01-01,2012-03-31,2013-04-26 16:03:53+00:00,netcashfromcontinuingfinancingactivities,paymentofdividends,Payment of Dividends,+,debit,usd,-114000000.0
Corning Inc,GLW,549300X2937PB0CJ7I56,0000024741,2012.0,Q1,2012-01-01,2012-03-31,2013-04-26 16:03:53+00:00,netcashfromcontinuingfinancingactivities,issuanceofdebt,Issuance of Debt,+,debit,usd,791000000.0
Corning Inc,GLW,549300X2937PB0CJ7I56,0000024741,2012.0,Q1,2012-01-01,2012-03-31,2013-04-26 16:03:53+00:00,netcashfromcontinuingfinancingactivities,otherfinancingactivitiesnet,"Other Financing Activities, net",+,debit,usd,-2000000.0
Corning Inc,GLW,549300X2937PB0CJ7I56,0000024741,2012.0,Q1,2012-01-01,2012-03-31,2013-04-26 16:03:53+00:00,netcashfromfinancingactivities,netcashfromcontinuingfinancingactivities,Net Cash From Continuing Financing Activities,+,debit,usd,592000000.0
Corning Inc,GLW,549300X2937PB0CJ7I56,0000024741,2012.0,Q1,2012-01-01,2012-03-31,2013-04-26 16:03:53+00:00,netchangeincash,netcashfromfinancingactivities,Net Cash From Financing Activities,+,debit,usd,592000000.0
Corning Inc,GLW,549300X2937PB0CJ7I56,0000024741,2012.0,Q1,2012-01-01,2012-03-31,2013-04-26 16:03:53+00:00,netchangeincash,effectofexchangeratechanges,Effect of Exchange Rate Changes,+,debit,usd,79000000.0
Corning Inc,GLW,549300X2937PB0CJ7I56,0000024741,2012.0,Q1,2012-01-01,2012-03-31,2013-04-26 16:03:53+00:00,,netchangeincash,Net Change in Cash & Equivalents,=,debit,usd,829000000.0
Corning Inc,GLW,549300X2937PB0CJ7I56,0000024741,2012.0,Q2,2012-04-01,2012-06-30,,netincomecontinuing,netincome,Consolidated Net Income / (Loss),+,credit,usd,474000000.0
Corning Inc,GLW,549300X2937PB0CJ7I56,0000024741,2012.0,Q2,2012-04-01,2012-06-30,,netcashfromcontinuingoperatingactivities,netincomecontinuing,Net Income / (Loss) Continuing Operations,+,credit,usd,474000000.0
Corning Inc,GLW,549300X2937PB0CJ7I56,0000024741,2012.0,Q2,2012-04-01,2012-06-30,,netcashfromcontinuingoperatingactivities,depreciationexpense,Depreciation Expense,+,debit,usd,238000000.0
Corning Inc,GLW,549300X2937PB0CJ7I56,0000024741,2012.0,Q2,2012-04-01,2012-06-30,,netcashfromcontinuingoperatingactivities,amortizationexpense,Amortization Expense,+,debit,usd,4000000.0
Corning Inc,GLW,549300X2937PB0CJ7I56,0000024741,2012.0,Q2,2012-04-01,2012-06-30,,netcashfromcontinuingoperatingactivities,noncashadjustmentstonetincome,Non-Cash Adjustments To Reconcile Net Income,+,debit,usd,-233000000.0
Corning Inc,GLW,549300X2937PB0CJ7I56,0000024741,2012.0,Q2,2012-04-01,2012-06-30,,netcashfromcontinuingoperatingactivities,increasedecreaseinoperatingcapital,"Changes in Operating Assets and Liabilities, net",+,debit,usd,87000000.0
Corning Inc,GLW,549300X2937PB0CJ7I56,0000024741,2012.0,Q2,2012-04-01,2012-06-30,,netcashfromoperatingactivities,netcashfromcontinuingoperatingactivities,Net Cash From Continuing Operating Activities,+,debit,usd,570000000.0
Corning Inc,GLW,549300X2937PB0CJ7I56,0000024741,2012.0,Q2,2012-04-01,2012-06-30,,netchangeincash,netcashfromoperatingactivities,Net Cash From Operating Activities,+,debit,usd,570000000.0
Corning Inc,GLW,549300X2937PB0CJ7I56,0000024741,2012.0,Q2,2012-04-01,2012-06-30,,netcashfromcontinuinginvestingactivities,purchaseofplantpropertyandequipment,"Purchase of Property, Plant & Equipment",+,debit,usd,-441000000.0
Corning Inc,GLW,549300X2937PB0CJ7I56,0000024741,2012.0,Q2,2012-04-01,2012-06-30,,netcashfromcontinuinginvestingactivities,acquisitions,Acquisitions,+,debit,usd,-111000000.0
Corning Inc,GLW,549300X2937PB0CJ7I56,0000024741,2012.0,Q2,2012-04-01,2012-06-30,,netcashfromcontinuinginvestingactivities,purchaseofinvestments,Purchase of Investments,+,debit,usd,-640000000.0
Corning Inc,GLW,549300X2937PB0CJ7I56,0000024741,2012.0,Q2,2012-04-01,2012-06-30,,netcashfromcontinuinginvestingactivities,saleofinvestments,Sale and/or Maturity of Investments,+,debit,usd,648000000.0
Corning Inc,GLW,549300X2937PB0CJ7I56,0000024741,2012.0,Q2,2012-04-01,2012-06-30,,netcashfromcontinuinginvestingactivities,otherinvestingactivitiesnet,"Other Investing Activities, net",+,debit,usd,9000000.0
Corning Inc,GLW,549300X2937PB0CJ7I56,0000024741,2012.0,Q2,2012-04-01,2012-06-30,,netcashfrominvestingactivities,netcashfromcontinuinginvestingactivities,Net Cash From Continuing Investing Activities,+,debit,usd,-535000000.0
Corning Inc,GLW,549300X2937PB0CJ7I56,0000024741,2012.0,Q2,2012-04-01,2012-06-30,,netchangeincash,netcashfrominvestingactivities,Net Cash From Investing Activities,+,debit,usd,-535000000.0
Corning Inc,GLW,549300X2937PB0CJ7I56,0000024741,2012.0,Q2,2012-04-01,2012-06-30,,netcashfromcontinuingfinancingactivities,repaymentofdebt,Repayment of Debt,+,debit,usd,-3000000.0
Corning Inc,GLW,549300X2937PB0CJ7I56,0000024741,2012.0,Q2,2012-04-01,2012-06-30,,netcashfromcontinuingfinancingactivities,repurchaseofcommonequity,Repurchase of Common Equity,+,debit,usd,-314000000.0
Corning Inc,GLW,549300X2937PB0CJ7I56,0000024741,2012.0,Q2,2012-04-01,2012-06-30,,netcashfromcontinuingfinancingactivities,paymentofdividends,Payment of Dividends,+,debit,usd,-113000000.0
Corning Inc,GLW,549300X2937PB0CJ7I56,0000024741,2012.0,Q2,2012-04-01,2012-06-30,,netcashfromcontinuingfinancingactivities,issuanceofdebt,Issuance of Debt,+,debit,usd,95000000.0
Corning Inc,GLW,549300X2937PB0CJ7I56,0000024741,2012.0,Q2,2012-04-01,2012-06-30,,netcashfromcontinuingfinancingactivities,otherfinancingactivitiesnet,"Other Financing Activities, net",+,debit,usd,3000000.0
Corning Inc,GLW,549300X2937PB0CJ7I56,0000024741,2012.0,Q2,2012-04-01,2012-06-30,,netcashfromfinancingactivities,netcashfromcontinuingfinancingactivities,Net Cash From Continuing Financing Activities,+,debit,usd,-332000000.0
Corning Inc,GLW,549300X2937PB0CJ7I56,0000024741,2012.0,Q2,2012-04-01,2012-06-30,,netchangeincash,netcashfromfinancingactivities,Net Cash From Financing Activities,+,debit,usd,-332000000.0
Corning Inc,GLW,549300X2937PB0CJ7I56,0000024741,2012.0,Q2,2012-04-01,2012-06-30,,netchangeincash,effectofexchangeratechanges,Effect of Exchange Rate Changes,+,debit,usd,-185000000.0
Corning Inc,GLW,549300X2937PB0CJ7I56,0000024741,2012.0,Q2,2012-04-01,2012-06-30,,,netchangeincash,Net Change in Cash & Equivalents,=,debit,usd,-482000000.0
Corning Inc,GLW,549300X2937PB0CJ7I56,0000024741,2012.0,Q3,2012-07-01,2012-09-30,,netincomecontinuing,netincome,Consolidated Net Income / (Loss),+,credit,usd,533000000.0
Corning Inc,GLW,549300X2937PB0CJ7I56,0000024741,2012.0,Q3,2012-07-01,2012-09-30,,netcashfromcontinuingoperatingactivities,netincomecontinuing,Net Income / (Loss) Continuing Operations,+,credit,usd,533000000.0
Corning Inc,GLW,549300X2937PB0CJ7I56,0000024741,2012.0,Q3,2012-07-01,2012-09-30,,netcashfromcontinuingoperatingactivities,depreciationexpense,Depreciation Expense,+,debit,usd,244000000.0
Corning Inc,GLW,549300X2937PB0CJ7I56,0000024741,2012.0,Q3,2012-07-01,2012-09-30,,netcashfromcontinuingoperatingactivities,amortizationexpense,Amortization Expense,+,debit,usd,4000000.0
Corning Inc,GLW,549300X2937PB0CJ7I56,0000024741,2012.0,Q3,2012-07-01,2012-09-30,,netcashfromcontinuingoperatingactivities,noncashadjustmentstonetincome,Non-Cash Adjustments To Reconcile Net Income,+,debit,usd,-154000000.0
Corning Inc,GLW,549300X2937PB0CJ7I56,0000024741,2012.0,Q3,2012-07-01,2012-09-30,,netcashfromcontinuingoperatingactivities,increasedecreaseinoperatingcapital,"Changes in Operating Assets and Liabilities, net",+,debit,usd,7000000.0
Corning Inc,GLW,549300X2937PB0CJ7I56,0000024741,2012.0,Q3,2012-07-01,2012-09-30,,netcashfromoperatingactivities,netcashfromcontinuingoperatingactivities,Net Cash From Continuing Operating Activities,+,debit,usd,634000000.0
Corning Inc,GLW,549300X2937PB0CJ7I56,0000024741,2012.0,Q3,2012-07-01,2012-09-30,,netchangeincash,netcashfromoperatingactivities,Net Cash From Operating Activities,+,debit,usd,634000000.0
Corning Inc,GLW,549300X2937PB0CJ7I56,0000024741,2012.0,Q3,2012-07-01,2012-09-30,,netcashfromcontinuinginvestingactivities,purchaseofplantpropertyandequipment,"Purchase of Property, Plant & Equipment",+,debit,usd,-422000000.0
Corning Inc,GLW,549300X2937PB0CJ7I56,0000024741,2012.0,Q3,2012-07-01,2012-09-30,,netcashfromcontinuinginvestingactivities,purchaseofinvestments,Purchase of Investments,+,debit,usd,-691000000.0
Corning Inc,GLW,549300X2937PB0CJ7I56,0000024741,2012.0,Q3,2012-07-01,2012-09-30,,netcashfromcontinuinginvestingactivities,saleofinvestments,Sale and/or Maturity of Investments,+,debit,usd,629000000.0
Corning Inc,GLW,549300X2937PB0CJ7I56,0000024741,2012.0,Q3,2012-07-01,2012-09-30,,netcashfromcontinuinginvestingactivities,otherinvestingactivitiesnet,"Other Investing Activities, net",+,debit,usd,2000000.0
Corning Inc,GLW,549300X2937PB0CJ7I56,0000024741,2012.0,Q3,2012-07-01,2012-09-30,,netcashfrominvestingactivities,netcashfromcontinuinginvestingactivities,Net Cash From Continuing Investing Activities,+,debit,usd,-482000000.0
Corning Inc,GLW,549300X2937PB0CJ7I56,0000024741,2012.0,Q3,2012-07-01,2012-09-30,,netchangeincash,netcashfrominvestingactivities,Net Cash From Investing Activities,+,debit,usd,-482000000.0
Corning Inc,GLW,549300X2937PB0CJ7I56,0000024741,2012.0,Q3,2012-07-01,2012-09-30,,netcashfromcontinuingfinancingactivities,repaymentofdebt,Repayment of Debt,+,debit,usd,-11000000.0
Corning Inc,GLW,549300X2937PB0CJ7I56,0000024741,2012.0,Q3,2012-07-01,2012-09-30,,netcashfromcontinuingfinancingactivities,repurchaseofcommonequity,Repurchase of Common Equity,+,debit,usd,-194000000.0
Corning Inc,GLW,549300X2937PB0CJ7I56,0000024741,2012.0,Q3,2012-07-01,2012-09-30,,netcashfromcontinuingfinancingactivities,paymentofdividends,Payment of Dividends,+,debit,usd,-112000000.0
Corning Inc,GLW,549300X2937PB0CJ7I56,0000024741,2012.0,Q3,2012-07-01,2012-09-30,,netcashfromcontinuingfinancingactivities,issuanceofdebt,Issuance of Debt,+,debit,usd,144000000.0
Corning Inc,GLW,549300X2937PB0CJ7I56,0000024741,2012.0,Q3,2012-07-01,2012-09-30,,netcashfromcontinuingfinancingactivities,otherfinancingactivitiesnet,"Other Financing Activities, net",+,debit,usd,7000000.0
Corning Inc,GLW,549300X2937PB0CJ7I56,0000024741,2012.0,Q3,2012-07-01,2012-09-30,,netcashfromfinancingactivities,netcashfromcontinuingfinancingactivities,Net Cash From Continuing Financing Activities,+,debit,usd,-166000000.0
Corning Inc,GLW,549300X2937PB0CJ7I56,0000024741,2012.0,Q3,2012-07-01,2012-09-30,,netchangeincash,netcashfromfinancingactivities,Net Cash From Financing Activities,+,debit,usd,-166000000.0
Corning Inc,GLW,549300X2937PB0CJ7I56,0000024741,2012.0,Q3,2012-07-01,2012-09-30,,netchangeincash,effectofexchangeratechanges,Effect of Exchange Rate Changes,+,debit,usd,-42000000.0
Corning Inc,GLW,549300X2937PB0CJ7I56,0000024741,2012.0,Q3,2012-07-01,2012-09-30,,,netchangeincash,Net Change in Cash & Equivalents,=,debit,usd,-56000000.0
Corning Inc,GLW,549300X2937PB0CJ7I56,0000024741,2012.0,Q4,2012-10-01,2012-12-31,,netincomecontinuing,netincome,Consolidated Net Income / (Loss),+,credit,usd,155000000.0
Corning Inc,GLW,549300X2937PB0CJ7I56,0000024741,2012.0,Q4,2012-10-01,2012-12-31,,netcashfromcontinuingoperatingactivities,netincomecontinuing,Net Income / (Loss) Continuing Operations,+,credit,usd,155000000.0
Corning Inc,GLW,549300X2937PB0CJ7I56,0000024741,2012.0,Q4,2012-10-01,2012-12-31,,netcashfromcontinuingoperatingactivities,depreciationexpense,Depreciation Expense,+,debit,usd,261000000.0
Corning Inc,GLW,549300X2937PB0CJ7I56,0000024741,2012.0,Q4,2012-10-01,2012-12-31,,netcashfromcontinuingoperatingactivities,amortizationexpense,Amortization Expense,+,debit,usd,6000000.0
Corning Inc,GLW,549300X2937PB0CJ7I56,0000024741,2012.0,Q4,2012-10-01,2012-12-31,,netcashfromcontinuingoperatingactivities,noncashadjustmentstonetincome,Non-Cash Adjustments To Reconcile Net Income,+,debit,usd,1069000000.0
Corning Inc,GLW,549300X2937PB0CJ7I56,0000024741,2012.0,Q4,2012-10-01,2012-12-31,,netcashfromcontinuingoperatingactivities,increasedecreaseinoperatingcapital,"Changes in Operating Assets and Liabilities, net",+,debit,usd,-251000000.0
Corning Inc,GLW,549300X2937PB0CJ7I56,0000024741,2012.0,Q4,2012-10-01,2012-12-31,,netcashfromoperatingactivities,netcashfromcontinuingoperatingactivities,Net Cash From Continuing Operating Activities,+,debit,usd,1240000000.0
Corning Inc,GLW,549300X2937PB0CJ7I56,0000024741,2012.0,Q4,2012-10-01,2012-12-31,,netchangeincash,netcashfromoperatingactivities,Net Cash From Operating Activities,+,debit,usd,1240000000.0
Corning Inc,GLW,549300X2937PB0CJ7I56,0000024741,2012.0,Q4,2012-10-01,2012-12-31,,netcashfromcontinuinginvestingactivities,purchaseofplantpropertyandequipment,"Purchase of Property, Plant & Equipment",+,debit,usd,-526000000.0
Corning Inc,GLW,549300X2937PB0CJ7I56,0000024741,2012.0,Q4,2012-10-01,2012-12-31,,netcashfromcontinuinginvestingactivities,acquisitions,Acquisitions,+,debit,usd,-723000000.0
Corning Inc,GLW,549300X2937PB0CJ7I56,0000024741,2012.0,Q4,2012-10-01,2012-12-31,,netcashfromcontinuinginvestingactivities,purchaseofinvestments,Purchase of Investments,+,debit,usd,-411000000.0
Corning Inc,GLW,549300X2937PB0CJ7I56,0000024741,2012.0,Q4,2012-10-01,2012-12-31,,netcashfromcontinuinginvestingactivities,saleofinvestments,Sale and/or Maturity of Investments,+,debit,usd,651000000.0
Corning Inc,GLW,549300X2937PB0CJ7I56,0000024741,2012.0,Q4,2012-10-01,2012-12-31,,netcashfromcontinuinginvestingactivities,otherinvestingactivitiesnet,"Other Investing Activities, net",+,debit,usd,2000000.0
Corning Inc,GLW,549300X2937PB0CJ7I56,0000024741,2012.0,Q4,2012-10-01,2012-12-31,,netcashfrominvestingactivities,netcashfromcontinuinginvestingactivities,Net Cash From Continuing Investing Activities,+,debit,usd,-1007000000.0
Corning Inc,GLW,549300X2937PB0CJ7I56,0000024741,2012.0,Q4,2012-10-01,2012-12-31,,netchangeincash,netcashfrominvestingactivities,Net Cash From Investing Activities,+,debit,usd,-1007000000.0
Corning Inc,GLW,549300X2937PB0CJ7I56,0000024741,2012.0,Q4,2012-10-01,2012-12-31,,netcashfromcontinuingfinancingactivities,repaymentofdebt,Repayment of Debt,+,debit,usd,-282000000.0
Corning Inc,GLW,549300X2937PB0CJ7I56,0000024741,2012.0,Q4,2012-10-01,2012-12-31,,netcashfromcontinuingfinancingactivities,repurchaseofcommonequity,Repurchase of Common Equity,+,debit,usd,-140000000.0
Corning Inc,GLW,549300X2937PB0CJ7I56,0000024741,2012.0,Q4,2012-10-01,2012-12-31,,netcashfromcontinuingfinancingactivities,paymentofdividends,Payment of Dividends,+,debit,usd,-133000000.0
Corning Inc,GLW,549300X2937PB0CJ7I56,0000024741,2012.0,Q4,2012-10-01,2012-12-31,,netcashfromcontinuingfinancingactivities,issuanceofdebt,Issuance of Debt,+,debit,usd,334000000.0
Corning Inc,GLW,549300X2937PB0CJ7I56,0000024741,2012.0,Q4,2012-10-01,2012-12-31,,netcashfromcontinuingfinancingactivities,otherfinancingactivitiesnet,"Other Financing Activities, net",+,debit,usd,12000000.0
Corning Inc,GLW,549300X2937PB0CJ7I56,0000024741,2012.0,Q4,2012-10-01,2012-12-31,,netcashfromfinancingactivities,netcashfromcontinuingfinancingactivities,Net Cash From Continuing Financing Activities,+,debit,usd,-209000000.0
Corning Inc,GLW,549300X2937PB0CJ7I56,0000024741,2012.0,Q4,2012-10-01,2012-12-31,,netchangeincash,netcashfromfinancingactivities,Net Cash From Financing Activities,+,debit,usd,-209000000.0
Corning Inc,GLW,549300X2937PB0CJ7I56,0000024741,2012.0,Q4,2012-10-01,2012-12-31,,netchangeincash,effectofexchangeratechanges,Effect of Exchange Rate Changes,+,debit,usd,12000000.0
Corning Inc,GLW,549300X2937PB0CJ7I56,0000024741,2012.0,Q4,2012-10-01,2012-12-31,,,netchangeincash,Net Change in Cash & Equivalents,=,debit,usd,36000000.0
Corning Inc,GLW,549300X2937PB0CJ7I56,0000024741,2013.0,Q1,2013-01-01,2013-03-31,2014-04-28 16:52:21+00:00,netincomecontinuing,netincome,Consolidated Net Income / (Loss),+,credit,usd,494000000.0
Corning Inc,GLW,549300X2937PB0CJ7I56,0000024741,2013.0,Q1,2013-01-01,2013-03-31,2014-04-28 16:52:21+00:00,netcashfromcontinuingoperatingactivities,netincomecontinuing,Net Income / (Loss) Continuing Operations,+,credit,usd,494000000.0
Corning Inc,GLW,549300X2937PB0CJ7I56,0000024741,2013.0,Q1,2013-01-01,2013-03-31,2014-04-28 16:52:21+00:00,netcashfromcontinuingoperatingactivities,depreciationexpense,Depreciation Expense,+,debit,usd,248000000.0
Corning Inc,GLW,549300X2937PB0CJ7I56,0000024741,2013.0,Q1,2013-01-01,2013-03-31,2014-04-28 16:52:21+00:00,netcashfromcontinuingoperatingactivities,amortizationexpense,Amortization Expense,+,debit,usd,7000000.0
Corning Inc,GLW,549300X2937PB0CJ7I56,0000024741,2013.0,Q1,2013-01-01,2013-03-31,2014-04-28 16:52:21+00:00,netcashfromcontinuingoperatingactivities,noncashadjustmentstonetincome,Non-Cash Adjustments To Reconcile Net Income,+,debit,usd,-10000000.0
Corning Inc,GLW,549300X2937PB0CJ7I56,0000024741,2013.0,Q1,2013-01-01,2013-03-31,2014-04-28 16:52:21+00:00,netcashfromcontinuingoperatingactivities,increasedecreaseinoperatingcapital,"Changes in Operating Assets and Liabilities, net",+,debit,usd,-116000000.0
Corning Inc,GLW,549300X2937PB0CJ7I56,0000024741,2013.0,Q1,2013-01-01,2013-03-31,2014-04-28 16:52:21+00:00,netcashfromoperatingactivities,netcashfromcontinuingoperatingactivities,Net Cash From Continuing Operating Activities,+,debit,usd,623000000.0
Corning Inc,GLW,549300X2937PB0CJ7I56,0000024741,2013.0,Q1,2013-01-01,2013-03-31,2014-04-28 16:52:21+00:00,netchangeincash,netcashfromoperatingactivities,Net Cash From Operating Activities,+,debit,usd,623000000.0
Corning Inc,GLW,549300X2937PB0CJ7I56,0000024741,2013.0,Q1,2013-01-01,2013-03-31,2014-04-28 16:52:21+00:00,netcashfromcontinuinginvestingactivities,purchaseofplantpropertyandequipment,"Purchase of Property, Plant & Equipment",+,debit,usd,-194000000.0
Corning Inc,GLW,549300X2937PB0CJ7I56,0000024741,2013.0,Q1,2013-01-01,2013-03-31,2014-04-28 16:52:21+00:00,netcashfromcontinuinginvestingactivities,purchaseofinvestments,Purchase of Investments,+,debit,usd,-398000000.0
Corning Inc,GLW,549300X2937PB0CJ7I56,0000024741,2013.0,Q1,2013-01-01,2013-03-31,2014-04-28 16:52:21+00:00,netcashfromcontinuinginvestingactivities,saleofinvestments,Sale and/or Maturity of Investments,+,debit,usd,469000000.0
Corning Inc,GLW,549300X2937PB0CJ7I56,0000024741,2013.0,Q1,2013-01-01,2013-03-31,2014-04-28 16:52:21+00:00,netcashfromcontinuinginvestingactivities,otherinvestingactivitiesnet,"Other Investing Activities, net",+,debit,usd,1000000.0
Corning Inc,GLW,549300X2937PB0CJ7I56,0000024741,2013.0,Q1,2013-01-01,2013-03-31,2014-04-28 16:52:21+00:00,netcashfrominvestingactivities,netcashfromcontinuinginvestingactivities,Net Cash From Continuing Investing Activities,+,debit,usd,-122000000.0
Corning Inc,GLW,549300X2937PB0CJ7I56,0000024741,2013.0,Q1,2013-01-01,2013-03-31,2014-04-28 16:52:21+00:00,netchangeincash,netcashfrominvestingactivities,Net Cash From Investing Activities,+,debit,usd,-122000000.0
Corning Inc,GLW,549300X2937PB0CJ7I56,0000024741,2013.0,Q1,2013-01-01,2013-03-31,2014-04-28 16:52:21+00:00,netcashfromcontinuingfinancingactivities,repaymentofdebt,Repayment of Debt,+,debit,usd,-508000000.0
Corning Inc,GLW,549300X2937PB0CJ7I56,0000024741,2013.0,Q1,2013-01-01,2013-03-31,2014-04-28 16:52:21+00:00,netcashfromcontinuingfinancingactivities,paymentofdividends,Payment of Dividends,+,debit,usd,-133000000.0
Corning Inc,GLW,549300X2937PB0CJ7I56,0000024741,2013.0,Q1,2013-01-01,2013-03-31,2014-04-28 16:52:21+00:00,netcashfromcontinuingfinancingactivities,otherfinancingactivitiesnet,"Other Financing Activities, net",+,debit,usd,12000000.0
Corning Inc,GLW,549300X2937PB0CJ7I56,0000024741,2013.0,Q1,2013-01-01,2013-03-31,2014-04-28 16:52:21+00:00,netcashfromfinancingactivities,netcashfromcontinuingfinancingactivities,Net Cash From Continuing Financing Activities,+,debit,usd,-629000000.0
Corning Inc,GLW,549300X2937PB0CJ7I56,0000024741,2013.0,Q1,2013-01-01,2013-03-31,2014-04-28 16:52:21+00:00,netchangeincash,netcashfromfinancingactivities,Net Cash From Financing Activities,+,debit,usd,-629000000.0
Corning Inc,GLW,549300X2937PB0CJ7I56,0000024741,2013.0,Q1,2013-01-01,2013-03-31,2014-04-28 16:52:21+00:00,netchangeincash,effectofexchangeratechanges,Effect of Exchange Rate Changes,+,debit,usd,-63000000.0
Corning Inc,GLW,549300X2937PB0CJ7I56,0000024741,2013.0,Q1,2013-01-01,2013-03-31,2014-04-28 16:52:21+00:00,,netchangeincash,Net Change in Cash & Equivalents,=,debit,usd,-191000000.0
Corning Inc,GLW,549300X2937PB0CJ7I56,0000024741,2013.0,Q2,2013-04-01,2013-06-30,,netincomecontinuing,netincome,Consolidated Net Income / (Loss),+,credit,usd,638000000.0
Corning Inc,GLW,549300X2937PB0CJ7I56,0000024741,2013.0,Q2,2013-04-01,2013-06-30,,netcashfromcontinuingoperatingactivities,netincomecontinuing,Net Income / (Loss) Continuing Operations,+,credit,usd,638000000.0
Corning Inc,GLW,549300X2937PB0CJ7I56,0000024741,2013.0,Q2,2013-04-01,2013-06-30,,netcashfromcontinuingoperatingactivities,depreciationexpense,Depreciation Expense,+,debit,usd,242000000.0
Corning Inc,GLW,549300X2937PB0CJ7I56,0000024741,2013.0,Q2,2013-04-01,2013-06-30,,netcashfromcontinuingoperatingactivities,amortizationexpense,Amortization Expense,+,debit,usd,8000000.0
Corning Inc,GLW,549300X2937PB0CJ7I56,0000024741,2013.0,Q2,2013-04-01,2013-06-30,,netcashfromcontinuingoperatingactivities,noncashadjustmentstonetincome,Non-Cash Adjustments To Reconcile Net Income,+,debit,usd,-347000000.0
Corning Inc,GLW,549300X2937PB0CJ7I56,0000024741,2013.0,Q2,2013-04-01,2013-06-30,,netcashfromcontinuingoperatingactivities,increasedecreaseinoperatingcapital,"Changes in Operating Assets and Liabilities, net",+,debit,usd,-152000000.0
Corning Inc,GLW,549300X2937PB0CJ7I56,0000024741,2013.0,Q2,2013-04-01,2013-06-30,,netcashfromoperatingactivities,netcashfromcontinuingoperatingactivities,Net Cash From Continuing Operating Activities,+,debit,usd,389000000.0
Corning Inc,GLW,549300X2937PB0CJ7I56,0000024741,2013.0,Q2,2013-04-01,2013-06-30,,netchangeincash,netcashfromoperatingactivities,Net Cash From Operating Activities,+,debit,usd,389000000.0
Corning Inc,GLW,549300X2937PB0CJ7I56,0000024741,2013.0,Q2,2013-04-01,2013-06-30,,netcashfromcontinuinginvestingactivities,purchaseofplantpropertyandequipment,"Purchase of Property, Plant & Equipment",+,debit,usd,-244000000.0
Corning Inc,GLW,549300X2937PB0CJ7I56,0000024741,2013.0,Q2,2013-04-01,2013-06-30,,netcashfromcontinuinginvestingactivities,acquisitions,Acquisitions,+,debit,usd,-81000000.0
Corning Inc,GLW,549300X2937PB0CJ7I56,0000024741,2013.0,Q2,2013-04-01,2013-06-30,,netcashfromcontinuinginvestingactivities,purchaseofinvestments,Purchase of Investments,+,debit,usd,-446000000.0
Corning Inc,GLW,549300X2937PB0CJ7I56,0000024741,2013.0,Q2,2013-04-01,2013-06-30,,netcashfromcontinuinginvestingactivities,saleofinvestments,Sale and/or Maturity of Investments,+,debit,usd,554000000.0
Corning Inc,GLW,549300X2937PB0CJ7I56,0000024741,2013.0,Q2,2013-04-01,2013-06-30,,netcashfromcontinuinginvestingactivities,otherinvestingactivitiesnet,"Other Investing Activities, net",+,debit,usd,4000000.0
Corning Inc,GLW,549300X2937PB0CJ7I56,0000024741,2013.0,Q2,2013-04-01,2013-06-30,,netcashfrominvestingactivities,netcashfromcontinuinginvestingactivities,Net Cash From Continuing Investing Activities,+,debit,usd,-213000000.0
Corning Inc,GLW,549300X2937PB0CJ7I56,0000024741,2013.0,Q2,2013-04-01,2013-06-30,,netchangeincash,netcashfrominvestingactivities,Net Cash From Investing Activities,+,debit,usd,-213000000.0
Corning Inc,GLW,549300X2937PB0CJ7I56,0000024741,2013.0,Q2,2013-04-01,2013-06-30,,netcashfromcontinuingfinancingactivities,repaymentofdebt,Repayment of Debt,+,debit,usd,-3000000.0
Corning Inc,GLW,549300X2937PB0CJ7I56,0000024741,2013.0,Q2,2013-04-01,2013-06-30,,netcashfromcontinuingfinancingactivities,repurchaseofcommonequity,Repurchase of Common Equity,+,debit,usd,-232000000.0
Corning Inc,GLW,549300X2937PB0CJ7I56,0000024741,2013.0,Q2,2013-04-01,2013-06-30,,netcashfromcontinuingfinancingactivities,paymentofdividends,Payment of Dividends,+,debit,usd,-156000000.0
Corning Inc,GLW,549300X2937PB0CJ7I56,0000024741,2013.0,Q2,2013-04-01,2013-06-30,,netcashfromcontinuingfinancingactivities,otherfinancingactivitiesnet,"Other Financing Activities, net",+,debit,usd,27000000.0
Corning Inc,GLW,549300X2937PB0CJ7I56,0000024741,2013.0,Q2,2013-04-01,2013-06-30,,netcashfromfinancingactivities,netcashfromcontinuingfinancingactivities,Net Cash From Continuing Financing Activities,+,debit,usd,-364000000.0
Corning Inc,GLW,549300X2937PB0CJ7I56,0000024741,2013.0,Q2,2013-04-01,2013-06-30,,netchangeincash,netcashfromfinancingactivities,Net Cash From Financing Activities,+,debit,usd,-364000000.0
Corning Inc,GLW,549300X2937PB0CJ7I56,0000024741,2013.0,Q2,2013-04-01,2013-06-30,,netchangeincash,effectofexchangeratechanges,Effect of Exchange Rate Changes,+,debit,usd,-8000000.0
Corning Inc,GLW,549300X2937PB0CJ7I56,0000024741,2013.0,Q2,2013-04-01,2013-06-30,,,netchangeincash,Net Change in Cash & Equivalents,=,debit,usd,-196000000.0
Corning Inc,GLW,549300X2937PB0CJ7I56,0000024741,2013.0,Q3,2013-07-01,2013-09-30,,netincomecontinuing,netincome,Consolidated Net Income / (Loss),+,credit,usd,408000000.0
Corning Inc,GLW,549300X2937PB0CJ7I56,0000024741,2013.0,Q3,2013-07-01,2013-09-30,,netcashfromcontinuingoperatingactivities,netincomecontinuing,Net Income / (Loss) Continuing Operations,+,credit,usd,408000000.0
Corning Inc,GLW,549300X2937PB0CJ7I56,0000024741,2013.0,Q3,2013-07-01,2013-09-30,,netcashfromcontinuingoperatingactivities,depreciationexpense,Depreciation Expense,+,debit,usd,240000000.0
Corning Inc,GLW,549300X2937PB0CJ7I56,0000024741,2013.0,Q3,2013-07-01,2013-09-30,,netcashfromcontinuingoperatingactivities,amortizationexpense,Amortization Expense,+,debit,usd,8000000.0
Corning Inc,GLW,549300X2937PB0CJ7I56,0000024741,2013.0,Q3,2013-07-01,2013-09-30,,netcashfromcontinuingoperatingactivities,noncashadjustmentstonetincome,Non-Cash Adjustments To Reconcile Net Income,+,debit,usd,-30000000.0
Corning Inc,GLW,549300X2937PB0CJ7I56,0000024741,2013.0,Q3,2013-07-01,2013-09-30,,netcashfromcontinuingoperatingactivities,increasedecreaseinoperatingcapital,"Changes in Operating Assets and Liabilities, net",+,debit,usd,-135000000.0
Corning Inc,GLW,549300X2937PB0CJ7I56,0000024741,2013.0,Q3,2013-07-01,2013-09-30,,netcashfromoperatingactivities,netcashfromcontinuingoperatingactivities,Net Cash From Continuing Operating Activities,+,debit,usd,491000000.0
Corning Inc,GLW,549300X2937PB0CJ7I56,0000024741,2013.0,Q3,2013-07-01,2013-09-30,,netchangeincash,netcashfromoperatingactivities,Net Cash From Operating Activities,+,debit,usd,491000000.0
Corning Inc,GLW,549300X2937PB0CJ7I56,0000024741,2013.0,Q3,2013-07-01,2013-09-30,,netcashfromcontinuinginvestingactivities,purchaseofplantpropertyandequipment,"Purchase of Property, Plant & Equipment",+,debit,usd,-244000000.0
Corning Inc,GLW,549300X2937PB0CJ7I56,0000024741,2013.0,Q3,2013-07-01,2013-09-30,,netcashfromcontinuinginvestingactivities,acquisitions,Acquisitions,+,debit,usd,-4000000.0
Corning Inc,GLW,549300X2937PB0CJ7I56,0000024741,2013.0,Q3,2013-07-01,2013-09-30,,netcashfromcontinuinginvestingactivities,purchaseofinvestments,Purchase of Investments,+,debit,usd,-446000000.0
Corning Inc,GLW,549300X2937PB0CJ7I56,0000024741,2013.0,Q3,2013-07-01,2013-09-30,,netcashfromcontinuinginvestingactivities,saleofinvestments,Sale and/or Maturity of Investments,+,debit,usd,459000000.0
Corning Inc,GLW,549300X2937PB0CJ7I56,0000024741,2013.0,Q3,2013-07-01,2013-09-30,,netcashfromcontinuinginvestingactivities,otherinvestingactivitiesnet,"Other Investing Activities, net",+,debit,usd,-5000000.0
Corning Inc,GLW,549300X2937PB0CJ7I56,0000024741,2013.0,Q3,2013-07-01,2013-09-30,,netcashfrominvestingactivities,netcashfromcontinuinginvestingactivities,Net Cash From Continuing Investing Activities,+,debit,usd,-240000000.0
Corning Inc,GLW,549300X2937PB0CJ7I56,0000024741,2013.0,Q3,2013-07-01,2013-09-30,,netchangeincash,netcashfrominvestingactivities,Net Cash From Investing Activities,+,debit,usd,-240000000.0
Corning Inc,GLW,549300X2937PB0CJ7I56,0000024741,2013.0,Q3,2013-07-01,2013-09-30,,netcashfromcontinuingfinancingactivities,repaymentofdebt,Repayment of Debt,+,debit,usd,-58000000.0
Corning Inc,GLW,549300X2937PB0CJ7I56,0000024741,2013.0,Q3,2013-07-01,2013-09-30,,netcashfromcontinuingfinancingactivities,repurchaseofcommonequity,Repurchase of Common Equity,+,debit,usd,-209000000.0
Corning Inc,GLW,549300X2937PB0CJ7I56,0000024741,2013.0,Q3,2013-07-01,2013-09-30,,netcashfromcontinuingfinancingactivities,paymentofdividends,Payment of Dividends,+,debit,usd,-184000000.0
Corning Inc,GLW,549300X2937PB0CJ7I56,0000024741,2013.0,Q3,2013-07-01,2013-09-30,,netcashfromcontinuingfinancingactivities,issuanceofdebt,Issuance of Debt,+,debit,usd,82000000.0
Corning Inc,GLW,549300X2937PB0CJ7I56,0000024741,2013.0,Q3,2013-07-01,2013-09-30,,netcashfromcontinuingfinancingactivities,otherfinancingactivitiesnet,"Other Financing Activities, net",+,debit,usd,15000000.0
Corning Inc,GLW,549300X2937PB0CJ7I56,0000024741,2013.0,Q3,2013-07-01,2013-09-30,,netcashfromfinancingactivities,netcashfromcontinuingfinancingactivities,Net Cash From Continuing Financing Activities,+,debit,usd,-354000000.0
Corning Inc,GLW,549300X2937PB0CJ7I56,0000024741,2013.0,Q3,2013-07-01,2013-09-30,,netchangeincash,netcashfromfinancingactivities,Net Cash From Financing Activities,+,debit,usd,-354000000.0
Corning Inc,GLW,549300X2937PB0CJ7I56,0000024741,2013.0,Q3,2013-07-01,2013-09-30,,netchangeincash,effectofexchangeratechanges,Effect of Exchange Rate Changes,+,debit,usd,62000000.0
Corning Inc,GLW,549300X2937PB0CJ7I56,0000024741,2013.0,Q3,2013-07-01,2013-09-30,,,netchangeincash,Net Change in Cash & Equivalents,=,debit,usd,-41000000.0
Corning Inc,GLW,549300X2937PB0CJ7I56,0000024741,2013.0,Q4,2013-10-01,2013-12-31,,netincomecontinuing,netincome,Consolidated Net Income / (Loss),+,credit,usd,421000000.0
Corning Inc,GLW,549300X2937PB0CJ7I56,0000024741,2013.0,Q4,2013-10-01,2013-12-31,,netcashfromcontinuingoperatingactivities,netincomecontinuing,Net Income / (Loss) Continuing Operations,+,credit,usd,421000000.0
Corning Inc,GLW,549300X2937PB0CJ7I56,0000024741,2013.0,Q4,2013-10-01,2013-12-31,,netcashfromcontinuingoperatingactivities,depreciationexpense,Depreciation Expense,+,debit,usd,241000000.0
Corning Inc,GLW,549300X2937PB0CJ7I56,0000024741,2013.0,Q4,2013-10-01,2013-12-31,,netcashfromcontinuingoperatingactivities,amortizationexpense,Amortization Expense,+,debit,usd,8000000.0
Corning Inc,GLW,549300X2937PB0CJ7I56,0000024741,2013.0,Q4,2013-10-01,2013-12-31,,netcashfromcontinuingoperatingactivities,noncashadjustmentstonetincome,Non-Cash Adjustments To Reconcile Net Income,+,debit,usd,304000000.0
Corning Inc,GLW,549300X2937PB0CJ7I56,0000024741,2013.0,Q4,2013-10-01,2013-12-31,,netcashfromcontinuingoperatingactivities,increasedecreaseinoperatingcapital,"Changes in Operating Assets and Liabilities, net",+,debit,usd,310000000.0
Corning Inc,GLW,549300X2937PB0CJ7I56,0000024741,2013.0,Q4,2013-10-01,2013-12-31,,netcashfromoperatingactivities,netcashfromcontinuingoperatingactivities,Net Cash From Continuing Operating Activities,+,debit,usd,1284000000.0
Corning Inc,GLW,549300X2937PB0CJ7I56,0000024741,2013.0,Q4,2013-10-01,2013-12-31,,netchangeincash,netcashfromoperatingactivities,Net Cash From Operating Activities,+,debit,usd,1284000000.0
Corning Inc,GLW,549300X2937PB0CJ7I56,0000024741,2013.0,Q4,2013-10-01,2013-12-31,,netcashfromcontinuinginvestingactivities,purchaseofplantpropertyandequipment,"Purchase of Property, Plant & Equipment",+,debit,usd,-337000000.0
Corning Inc,GLW,549300X2937PB0CJ7I56,0000024741,2013.0,Q4,2013-10-01,2013-12-31,,netcashfromcontinuinginvestingactivities,acquisitions,Acquisitions,+,debit,usd,-509000000.0
Corning Inc,GLW,549300X2937PB0CJ7I56,0000024741,2013.0,Q4,2013-10-01,2013-12-31,,netcashfromcontinuinginvestingactivities,purchaseofinvestments,Purchase of Investments,+,debit,usd,-223000000.0
Corning Inc,GLW,549300X2937PB0CJ7I56,0000024741,2013.0,Q4,2013-10-01,2013-12-31,,netcashfromcontinuinginvestingactivities,saleofinvestments,Sale and/or Maturity of Investments,+,debit,usd,631000000.0
Corning Inc,GLW,549300X2937PB0CJ7I56,0000024741,2013.0,Q4,2013-10-01,2013-12-31,,netcashfromcontinuinginvestingactivities,otherinvestingactivitiesnet,"Other Investing Activities, net",+,debit,usd,9000000.0
Corning Inc,GLW,549300X2937PB0CJ7I56,0000024741,2013.0,Q4,2013-10-01,2013-12-31,,netcashfrominvestingactivities,netcashfromcontinuinginvestingactivities,Net Cash From Continuing Investing Activities,+,debit,usd,-429000000.0
Corning Inc,GLW,549300X2937PB0CJ7I56,0000024741,2013.0,Q4,2013-10-01,2013-12-31,,netchangeincash,netcashfrominvestingactivities,Net Cash From Investing Activities,+,debit,usd,-429000000.0
Corning Inc,GLW,549300X2937PB0CJ7I56,0000024741,2013.0,Q4,2013-10-01,2013-12-31,,netcashfromcontinuingfinancingactivities,repaymentofdebt,Repayment of Debt,+,debit,usd,-7000000.0
Corning Inc,GLW,549300X2937PB0CJ7I56,0000024741,2013.0,Q4,2013-10-01,2013-12-31,,netcashfromcontinuingfinancingactivities,repurchaseofcommonequity,Repurchase of Common Equity,+,debit,usd,-1075000000.0
Corning Inc,GLW,549300X2937PB0CJ7I56,0000024741,2013.0,Q4,2013-10-01,2013-12-31,,netcashfromcontinuingfinancingactivities,paymentofdividends,Payment of Dividends,+,debit,usd,-140000000.0
Corning Inc,GLW,549300X2937PB0CJ7I56,0000024741,2013.0,Q4,2013-10-01,2013-12-31,,netcashfromcontinuingfinancingactivities,issuanceofdebt,Issuance of Debt,+,debit,usd,442000000.0
Corning Inc,GLW,549300X2937PB0CJ7I56,0000024741,2013.0,Q4,2013-10-01,2013-12-31,,netcashfromcontinuingfinancingactivities,otherfinancingactivitiesnet,"Other Financing Activities, net",+,debit,usd,64000000.0
Corning Inc,GLW,549300X2937PB0CJ7I56,0000024741,2013.0,Q4,2013-10-01,2013-12-31,,netcashfromfinancingactivities,netcashfromcontinuingfinancingactivities,Net Cash From Continuing Financing Activities,+,debit,usd,-716000000.0
Corning Inc,GLW,549300X2937PB0CJ7I56,0000024741,2013.0,Q4,2013-10-01,2013-12-31,,netchangeincash,netcashfromfinancingactivities,Net Cash From Financing Activities,+,debit,usd,-716000000.0
Corning Inc,GLW,549300X2937PB0CJ7I56,0000024741,2013.0,Q4,2013-10-01,2013-12-31,,netchangeincash,effectofexchangeratechanges,Effect of Exchange Rate Changes,+,debit,usd,5000000.0
Corning Inc,GLW,549300X2937PB0CJ7I56,0000024741,2013.0,Q4,2013-10-01,2013-12-31,,,netchangeincash,Net Change in Cash & Equivalents,=,debit,usd,144000000.0
Corning Inc,GLW,549300X2937PB0CJ7I56,0000024741,2014.0,Q1,2014-01-01,2014-03-31,2015-05-01 09:00:06+00:00,netincomecontinuing,netincome,Consolidated Net Income / (Loss),+,credit,usd,301000000.0
Corning Inc,GLW,549300X2937PB0CJ7I56,0000024741,2014.0,Q1,2014-01-01,2014-03-31,2015-05-01 09:00:06+00:00,netcashfromcontinuingoperatingactivities,netincomecontinuing,Net Income / (Loss) Continuing Operations,+,credit,usd,301000000.0
Corning Inc,GLW,549300X2937PB0CJ7I56,0000024741,2014.0,Q1,2014-01-01,2014-03-31,2015-05-01 09:00:06+00:00,netcashfromcontinuingoperatingactivities,depreciationexpense,Depreciation Expense,+,debit,usd,289000000.0
Corning Inc,GLW,549300X2937PB0CJ7I56,0000024741,2014.0,Q1,2014-01-01,2014-03-31,2015-05-01 09:00:06+00:00,netcashfromcontinuingoperatingactivities,amortizationexpense,Amortization Expense,+,debit,usd,8000000.0
Corning Inc,GLW,549300X2937PB0CJ7I56,0000024741,2014.0,Q1,2014-01-01,2014-03-31,2015-05-01 09:00:06+00:00,netcashfromcontinuingoperatingactivities,noncashadjustmentstonetincome,Non-Cash Adjustments To Reconcile Net Income,+,debit,usd,1521000000.0
Corning Inc,GLW,549300X2937PB0CJ7I56,0000024741,2014.0,Q1,2014-01-01,2014-03-31,2015-05-01 09:00:06+00:00,netcashfromcontinuingoperatingactivities,increasedecreaseinoperatingcapital,"Changes in Operating Assets and Liabilities, net",+,debit,usd,-382000000.0
Corning Inc,GLW,549300X2937PB0CJ7I56,0000024741,2014.0,Q1,2014-01-01,2014-03-31,2015-05-01 09:00:06+00:00,netcashfromoperatingactivities,netcashfromcontinuingoperatingactivities,Net Cash From Continuing Operating Activities,+,debit,usd,1737000000.0
Corning Inc,GLW,549300X2937PB0CJ7I56,0000024741,2014.0,Q1,2014-01-01,2014-03-31,2015-05-01 09:00:06+00:00,netchangeincash,netcashfromoperatingactivities,Net Cash From Operating Activities,+,debit,usd,1737000000.0
Corning Inc,GLW,549300X2937PB0CJ7I56,0000024741,2014.0,Q1,2014-01-01,2014-03-31,2015-05-01 09:00:06+00:00,netcashfromcontinuinginvestingactivities,purchaseofplantpropertyandequipment,"Purchase of Property, Plant & Equipment",+,debit,usd,-246000000.0
Corning Inc,GLW,549300X2937PB0CJ7I56,0000024741,2014.0,Q1,2014-01-01,2014-03-31,2015-05-01 09:00:06+00:00,netcashfromcontinuinginvestingactivities,acquisitions,Acquisitions,+,debit,usd,-109000000.0
Corning Inc,GLW,549300X2937PB0CJ7I56,0000024741,2014.0,Q1,2014-01-01,2014-03-31,2015-05-01 09:00:06+00:00,netcashfromcontinuinginvestingactivities,purchaseofinvestments,Purchase of Investments,+,debit,usd,-445000000.0
Corning Inc,GLW,549300X2937PB0CJ7I56,0000024741,2014.0,Q1,2014-01-01,2014-03-31,2015-05-01 09:00:06+00:00,netcashfromcontinuinginvestingactivities,divestitures,Divestitures,+,debit,usd,66000000.0
Corning Inc,GLW,549300X2937PB0CJ7I56,0000024741,2014.0,Q1,2014-01-01,2014-03-31,2015-05-01 09:00:06+00:00,netcashfromcontinuinginvestingactivities,saleofinvestments,Sale and/or Maturity of Investments,+,debit,usd,427000000.0
Corning Inc,GLW,549300X2937PB0CJ7I56,0000024741,2014.0,Q1,2014-01-01,2014-03-31,2015-05-01 09:00:06+00:00,netcashfromcontinuinginvestingactivities,otherinvestingactivitiesnet,"Other Investing Activities, net",+,debit,usd,6000000.0
Corning Inc,GLW,549300X2937PB0CJ7I56,0000024741,2014.0,Q1,2014-01-01,2014-03-31,2015-05-01 09:00:06+00:00,netcashfrominvestingactivities,netcashfromcontinuinginvestingactivities,Net Cash From Continuing Investing Activities,+,debit,usd,-301000000.0
Corning Inc,GLW,549300X2937PB0CJ7I56,0000024741,2014.0,Q1,2014-01-01,2014-03-31,2015-05-01 09:00:06+00:00,netchangeincash,netcashfrominvestingactivities,Net Cash From Investing Activities,+,debit,usd,-301000000.0
Corning Inc,GLW,549300X2937PB0CJ7I56,0000024741,2014.0,Q1,2014-01-01,2014-03-31,2015-05-01 09:00:06+00:00,netcashfromcontinuingfinancingactivities,repaymentofdebt,Repayment of Debt,+,debit,usd,-8000000.0
Corning Inc,GLW,549300X2937PB0CJ7I56,0000024741,2014.0,Q1,2014-01-01,2014-03-31,2015-05-01 09:00:06+00:00,netcashfromcontinuingfinancingactivities,repurchaseofcommonequity,Repurchase of Common Equity,+,debit,usd,-1901000000.0
Corning Inc,GLW,549300X2937PB0CJ7I56,0000024741,2014.0,Q1,2014-01-01,2014-03-31,2015-05-01 09:00:06+00:00,netcashfromcontinuingfinancingactivities,paymentofdividends,Payment of Dividends,+,debit,usd,-136000000.0
Corning Inc,GLW,549300X2937PB0CJ7I56,0000024741,2014.0,Q1,2014-01-01,2014-03-31,2015-05-01 09:00:06+00:00,netcashfromcontinuingfinancingactivities,issuanceofdebt,Issuance of Debt,+,debit,usd,418000000.0
Corning Inc,GLW,549300X2937PB0CJ7I56,0000024741,2014.0,Q1,2014-01-01,2014-03-31,2015-05-01 09:00:06+00:00,netcashfromcontinuingfinancingactivities,issuanceofpreferredequity,Issuance of Preferred Equity,+,debit,usd,400000000.0
Corning Inc,GLW,549300X2937PB0CJ7I56,0000024741,2014.0,Q1,2014-01-01,2014-03-31,2015-05-01 09:00:06+00:00,netcashfromcontinuingfinancingactivities,otherfinancingactivitiesnet,"Other Financing Activities, net",+,debit,usd,50000000.0
Corning Inc,GLW,549300X2937PB0CJ7I56,0000024741,2014.0,Q1,2014-01-01,2014-03-31,2015-05-01 09:00:06+00:00,netcashfromfinancingactivities,netcashfromcontinuingfinancingactivities,Net Cash From Continuing Financing Activities,+,debit,usd,-1177000000.0
Corning Inc,GLW,549300X2937PB0CJ7I56,0000024741,2014.0,Q1,2014-01-01,2014-03-31,2015-05-01 09:00:06+00:00,netchangeincash,netcashfromfinancingactivities,Net Cash From Financing Activities,+,debit,usd,-1177000000.0
Corning Inc,GLW,549300X2937PB0CJ7I56,0000024741,2014.0,Q1,2014-01-01,2014-03-31,2015-05-01 09:00:06+00:00,netchangeincash,effectofexchangeratechanges,Effect of Exchange Rate Changes,+,debit,usd,5000000.0
Corning Inc,GLW,549300X2937PB0CJ7I56,0000024741,2014.0,Q1,2014-01-01,2014-03-31,2015-05-01 09:00:06+00:00,,netchangeincash,Net Change in Cash & Equivalents,=,debit,usd,264000000.0
Corning Inc,GLW,549300X2937PB0CJ7I56,0000024741,2014.0,Q2,2014-04-01,2014-06-30,,netincomecontinuing,netincome,Consolidated Net Income / (Loss),+,credit,usd,169000000.0
Corning Inc,GLW,549300X2937PB0CJ7I56,0000024741,2014.0,Q2,2014-04-01,2014-06-30,,netcashfromcontinuingoperatingactivities,netincomecontinuing,Net Income / (Loss) Continuing Operations,+,credit,usd,169000000.0
Corning Inc,GLW,549300X2937PB0CJ7I56,0000024741,2014.0,Q2,2014-04-01,2014-06-30,,netcashfromcontinuingoperatingactivities,depreciationexpense,Depreciation Expense,+,debit,usd,294000000.0
Corning Inc,GLW,549300X2937PB0CJ7I56,0000024741,2014.0,Q2,2014-04-01,2014-06-30,,netcashfromcontinuingoperatingactivities,amortizationexpense,Amortization Expense,+,debit,usd,8000000.0
Corning Inc,GLW,549300X2937PB0CJ7I56,0000024741,2014.0,Q2,2014-04-01,2014-06-30,,netcashfromcontinuingoperatingactivities,noncashadjustmentstonetincome,Non-Cash Adjustments To Reconcile Net Income,+,debit,usd,240000000.0
Corning Inc,GLW,549300X2937PB0CJ7I56,0000024741,2014.0,Q2,2014-04-01,2014-06-30,,netcashfromcontinuingoperatingactivities,increasedecreaseinoperatingcapital,"Changes in Operating Assets and Liabilities, net",+,debit,usd,32000000.0
Corning Inc,GLW,549300X2937PB0CJ7I56,0000024741,2014.0,Q2,2014-04-01,2014-06-30,,netcashfromoperatingactivities,netcashfromcontinuingoperatingactivities,Net Cash From Continuing Operating Activities,+,debit,usd,743000000.0
Corning Inc,GLW,549300X2937PB0CJ7I56,0000024741,2014.0,Q2,2014-04-01,2014-06-30,,netchangeincash,netcashfromoperatingactivities,Net Cash From Operating Activities,+,debit,usd,743000000.0
Corning Inc,GLW,549300X2937PB0CJ7I56,0000024741,2014.0,Q2,2014-04-01,2014-06-30,,netcashfromcontinuinginvestingactivities,purchaseofplantpropertyandequipment,"Purchase of Property, Plant & Equipment",+,debit,usd,-232000000.0
Corning Inc,GLW,549300X2937PB0CJ7I56,0000024741,2014.0,Q2,2014-04-01,2014-06-30,,netcashfromcontinuinginvestingactivities,purchaseofinvestments,Purchase of Investments,+,debit,usd,-358000000.0
Corning Inc,GLW,549300X2937PB0CJ7I56,0000024741,2014.0,Q2,2014-04-01,2014-06-30,,netcashfromcontinuinginvestingactivities,saleofinvestments,Sale and/or Maturity of Investments,+,debit,usd,299000000.0
Corning Inc,GLW,549300X2937PB0CJ7I56,0000024741,2014.0,Q2,2014-04-01,2014-06-30,,netcashfromcontinuinginvestingactivities,otherinvestingactivitiesnet,"Other Investing Activities, net",+,debit,usd,9000000.0
Corning Inc,GLW,549300X2937PB0CJ7I56,0000024741,2014.0,Q2,2014-04-01,2014-06-30,,netcashfrominvestingactivities,netcashfromcontinuinginvestingactivities,Net Cash From Continuing Investing Activities,+,debit,usd,-282000000.0
Corning Inc,GLW,549300X2937PB0CJ7I56,0000024741,2014.0,Q2,2014-04-01,2014-06-30,,netchangeincash,netcashfrominvestingactivities,Net Cash From Investing Activities,+,debit,usd,-282000000.0
Corning Inc,GLW,549300X2937PB0CJ7I56,0000024741,2014.0,Q2,2014-04-01,2014-06-30,,netcashfromcontinuingfinancingactivities,repaymentofdebt,Repayment of Debt,+,debit,usd,-35000000.0
Corning Inc,GLW,549300X2937PB0CJ7I56,0000024741,2014.0,Q2,2014-04-01,2014-06-30,,netcashfromcontinuingfinancingactivities,repurchaseofcommonequity,Repurchase of Common Equity,+,debit,usd,-175000000.0
Corning Inc,GLW,549300X2937PB0CJ7I56,0000024741,2014.0,Q2,2014-04-01,2014-06-30,,netcashfromcontinuingfinancingactivities,paymentofdividends,Payment of Dividends,+,debit,usd,-151000000.0
Corning Inc,GLW,549300X2937PB0CJ7I56,0000024741,2014.0,Q2,2014-04-01,2014-06-30,,netcashfromcontinuingfinancingactivities,issuanceofdebt,Issuance of Debt,+,debit,usd,15000000.0
Corning Inc,GLW,549300X2937PB0CJ7I56,0000024741,2014.0,Q2,2014-04-01,2014-06-30,,netcashfromcontinuingfinancingactivities,otherfinancingactivitiesnet,"Other Financing Activities, net",+,debit,usd,34000000.0
Corning Inc,GLW,549300X2937PB0CJ7I56,0000024741,2014.0,Q2,2014-04-01,2014-06-30,,netcashfromfinancingactivities,netcashfromcontinuingfinancingactivities,Net Cash From Continuing Financing Activities,+,debit,usd,-312000000.0
Corning Inc,GLW,549300X2937PB0CJ7I56,0000024741,2014.0,Q2,2014-04-01,2014-06-30,,netchangeincash,netcashfromfinancingactivities,Net Cash From Financing Activities,+,debit,usd,-312000000.0
Corning Inc,GLW,549300X2937PB0CJ7I56,0000024741,2014.0,Q2,2014-04-01,2014-06-30,,netchangeincash,effectofexchangeratechanges,Effect of Exchange Rate Changes,+,debit,usd,1000000.0
Corning Inc,GLW,549300X2937PB0CJ7I56,0000024741,2014.0,Q2,2014-04-01,2014-06-30,,,netchangeincash,Net Change in Cash & Equivalents,=,debit,usd,150000000.0
Corning Inc,GLW,549300X2937PB0CJ7I56,0000024741,2014.0,Q3,2014-07-01,2014-09-30,,netincomecontinuing,netincome,Consolidated Net Income / (Loss),+,credit,usd,1014000000.0
Corning Inc,GLW,549300X2937PB0CJ7I56,0000024741,2014.0,Q3,2014-07-01,2014-09-30,,netcashfromcontinuingoperatingactivities,netincomecontinuing,Net Income / (Loss) Continuing Operations,+,credit,usd,1014000000.0
Corning Inc,GLW,549300X2937PB0CJ7I56,0000024741,2014.0,Q3,2014-07-01,2014-09-30,,netcashfromcontinuingoperatingactivities,depreciationexpense,Depreciation Expense,+,debit,usd,294000000.0
Corning Inc,GLW,549300X2937PB0CJ7I56,0000024741,2014.0,Q3,2014-07-01,2014-09-30,,netcashfromcontinuingoperatingactivities,amortizationexpense,Amortization Expense,+,debit,usd,9000000.0
Corning Inc,GLW,549300X2937PB0CJ7I56,0000024741,2014.0,Q3,2014-07-01,2014-09-30,,netcashfromcontinuingoperatingactivities,noncashadjustmentstonetincome,Non-Cash Adjustments To Reconcile Net Income,+,debit,usd,-599000000.0
Corning Inc,GLW,549300X2937PB0CJ7I56,0000024741,2014.0,Q3,2014-07-01,2014-09-30,,netcashfromcontinuingoperatingactivities,increasedecreaseinoperatingcapital,"Changes in Operating Assets and Liabilities, net",+,debit,usd,399000000.0
Corning Inc,GLW,549300X2937PB0CJ7I56,0000024741,2014.0,Q3,2014-07-01,2014-09-30,,netcashfromoperatingactivities,netcashfromcontinuingoperatingactivities,Net Cash From Continuing Operating Activities,+,debit,usd,1117000000.0
Corning Inc,GLW,549300X2937PB0CJ7I56,0000024741,2014.0,Q3,2014-07-01,2014-09-30,,netchangeincash,netcashfromoperatingactivities,Net Cash From Operating Activities,+,debit,usd,1117000000.0
Corning Inc,GLW,549300X2937PB0CJ7I56,0000024741,2014.0,Q3,2014-07-01,2014-09-30,,netcashfromcontinuinginvestingactivities,purchaseofplantpropertyandequipment,"Purchase of Property, Plant & Equipment",+,debit,usd,-262000000.0
Corning Inc,GLW,549300X2937PB0CJ7I56,0000024741,2014.0,Q3,2014-07-01,2014-09-30,,netcashfromcontinuinginvestingactivities,purchaseofinvestments,Purchase of Investments,+,debit,usd,-367000000.0
Corning Inc,GLW,549300X2937PB0CJ7I56,0000024741,2014.0,Q3,2014-07-01,2014-09-30,,netcashfromcontinuinginvestingactivities,saleofinvestments,Sale and/or Maturity of Investments,+,debit,usd,454000000.0
Corning Inc,GLW,549300X2937PB0CJ7I56,0000024741,2014.0,Q3,2014-07-01,2014-09-30,,netcashfromcontinuinginvestingactivities,otherinvestingactivitiesnet,"Other Investing Activities, net",+,debit,usd,5000000.0
Corning Inc,GLW,549300X2937PB0CJ7I56,0000024741,2014.0,Q3,2014-07-01,2014-09-30,,netcashfrominvestingactivities,netcashfromcontinuinginvestingactivities,Net Cash From Continuing Investing Activities,+,debit,usd,-170000000.0
Corning Inc,GLW,549300X2937PB0CJ7I56,0000024741,2014.0,Q3,2014-07-01,2014-09-30,,netchangeincash,netcashfrominvestingactivities,Net Cash From Investing Activities,+,debit,usd,-170000000.0
Corning Inc,GLW,549300X2937PB0CJ7I56,0000024741,2014.0,Q3,2014-07-01,2014-09-30,,netcashfromcontinuingfinancingactivities,repaymentofdebt,Repayment of Debt,+,debit,usd,-8000000.0
Corning Inc,GLW,549300X2937PB0CJ7I56,0000024741,2014.0,Q3,2014-07-01,2014-09-30,,netcashfromcontinuingfinancingactivities,repurchaseofcommonequity,Repurchase of Common Equity,+,debit,usd,-224000000.0
Corning Inc,GLW,549300X2937PB0CJ7I56,0000024741,2014.0,Q3,2014-07-01,2014-09-30,,netcashfromcontinuingfinancingactivities,paymentofdividends,Payment of Dividends,+,debit,usd,-152000000.0
Corning Inc,GLW,549300X2937PB0CJ7I56,0000024741,2014.0,Q3,2014-07-01,2014-09-30,,netcashfromcontinuingfinancingactivities,issuanceofdebt,Issuance of Debt,+,debit,usd,13000000.0
Corning Inc,GLW,549300X2937PB0CJ7I56,0000024741,2014.0,Q3,2014-07-01,2014-09-30,,netcashfromcontinuingfinancingactivities,otherfinancingactivitiesnet,"Other Financing Activities, net",+,debit,usd,14000000.0
Corning Inc,GLW,549300X2937PB0CJ7I56,0000024741,2014.0,Q3,2014-07-01,2014-09-30,,netcashfromfinancingactivities,netcashfromcontinuingfinancingactivities,Net Cash From Continuing Financing Activities,+,debit,usd,-357000000.0
Corning Inc,GLW,549300X2937PB0CJ7I56,0000024741,2014.0,Q3,2014-07-01,2014-09-30,,netchangeincash,netcashfromfinancingactivities,Net Cash From Financing Activities,+,debit,usd,-357000000.0
Corning Inc,GLW,549300X2937PB0CJ7I56,0000024741,2014.0,Q3,2014-07-01,2014-09-30,,netchangeincash,effectofexchangeratechanges,Effect of Exchange Rate Changes,+,debit,usd,-355000000.0
Corning Inc,GLW,549300X2937PB0CJ7I56,0000024741,2014.0,Q3,2014-07-01,2014-09-30,,,netchangeincash,Net Change in Cash & Equivalents,=,debit,usd,235000000.0
Corning Inc,GLW,549300X2937PB0CJ7I56,0000024741,2014.0,Q4,2014-10-01,2014-12-31,,netincomecontinuing,netincome,Consolidated Net Income / (Loss),+,credit,usd,988000000.0
Corning Inc,GLW,549300X2937PB0CJ7I56,0000024741,2014.0,Q4,2014-10-01,2014-12-31,,netcashfromcontinuingoperatingactivities,netincomecontinuing,Net Income / (Loss) Continuing Operations,+,credit,usd,988000000.0
Corning Inc,GLW,549300X2937PB0CJ7I56,0000024741,2014.0,Q4,2014-10-01,2014-12-31,,netcashfromcontinuingoperatingactivities,depreciationexpense,Depreciation Expense,+,debit,usd,290000000.0
Corning Inc,GLW,549300X2937PB0CJ7I56,0000024741,2014.0,Q4,2014-10-01,2014-12-31,,netcashfromcontinuingoperatingactivities,amortizationexpense,Amortization Expense,+,debit,usd,8000000.0
Corning Inc,GLW,549300X2937PB0CJ7I56,0000024741,2014.0,Q4,2014-10-01,2014-12-31,,netcashfromcontinuingoperatingactivities,noncashadjustmentstonetincome,Non-Cash Adjustments To Reconcile Net Income,+,debit,usd,-585000000.0
Corning Inc,GLW,549300X2937PB0CJ7I56,0000024741,2014.0,Q4,2014-10-01,2014-12-31,,netcashfromcontinuingoperatingactivities,increasedecreaseinoperatingcapital,"Changes in Operating Assets and Liabilities, net",+,debit,usd,411000000.0
Corning Inc,GLW,549300X2937PB0CJ7I56,0000024741,2014.0,Q4,2014-10-01,2014-12-31,,netcashfromoperatingactivities,netcashfromcontinuingoperatingactivities,Net Cash From Continuing Operating Activities,+,debit,usd,1112000000.0
Corning Inc,GLW,549300X2937PB0CJ7I56,0000024741,2014.0,Q4,2014-10-01,2014-12-31,,netchangeincash,netcashfromoperatingactivities,Net Cash From Operating Activities,+,debit,usd,1112000000.0
Corning Inc,GLW,549300X2937PB0CJ7I56,0000024741,2014.0,Q4,2014-10-01,2014-12-31,,netcashfromcontinuinginvestingactivities,purchaseofplantpropertyandequipment,"Purchase of Property, Plant & Equipment",+,debit,usd,-336000000.0
Corning Inc,GLW,549300X2937PB0CJ7I56,0000024741,2014.0,Q4,2014-10-01,2014-12-31,,netcashfromcontinuinginvestingactivities,purchaseofinvestments,Purchase of Investments,+,debit,usd,-228000000.0
Corning Inc,GLW,549300X2937PB0CJ7I56,0000024741,2014.0,Q4,2014-10-01,2014-12-31,,netcashfromcontinuinginvestingactivities,saleofinvestments,Sale and/or Maturity of Investments,+,debit,usd,348000000.0
Corning Inc,GLW,549300X2937PB0CJ7I56,0000024741,2014.0,Q4,2014-10-01,2014-12-31,,netcashfromcontinuinginvestingactivities,otherinvestingactivitiesnet,"Other Investing Activities, net",+,debit,usd,7000000.0
Corning Inc,GLW,549300X2937PB0CJ7I56,0000024741,2014.0,Q4,2014-10-01,2014-12-31,,netcashfrominvestingactivities,netcashfromcontinuinginvestingactivities,Net Cash From Continuing Investing Activities,+,debit,usd,-209000000.0
Corning Inc,GLW,549300X2937PB0CJ7I56,0000024741,2014.0,Q4,2014-10-01,2014-12-31,,netchangeincash,netcashfrominvestingactivities,Net Cash From Investing Activities,+,debit,usd,-209000000.0
Corning Inc,GLW,549300X2937PB0CJ7I56,0000024741,2014.0,Q4,2014-10-01,2014-12-31,,netcashfromcontinuingfinancingactivities,repaymentofdebt,Repayment of Debt,+,debit,usd,-7000000.0
Corning Inc,GLW,549300X2937PB0CJ7I56,0000024741,2014.0,Q4,2014-10-01,2014-12-31,,netcashfromcontinuingfinancingactivities,repurchaseofcommonequity,Repurchase of Common Equity,+,debit,usd,-183000000.0
Corning Inc,GLW,549300X2937PB0CJ7I56,0000024741,2014.0,Q4,2014-10-01,2014-12-31,,netcashfromcontinuingfinancingactivities,paymentofdividends,Payment of Dividends,+,debit,usd,-152000000.0
Corning Inc,GLW,549300X2937PB0CJ7I56,0000024741,2014.0,Q4,2014-10-01,2014-12-31,,netcashfromcontinuingfinancingactivities,issuanceofdebt,Issuance of Debt,+,debit,usd,-416000000.0
Corning Inc,GLW,549300X2937PB0CJ7I56,0000024741,2014.0,Q4,2014-10-01,2014-12-31,,netcashfromcontinuingfinancingactivities,otherfinancingactivitiesnet,"Other Financing Activities, net",+,debit,usd,18000000.0
Corning Inc,GLW,549300X2937PB0CJ7I56,0000024741,2014.0,Q4,2014-10-01,2014-12-31,,netcashfromfinancingactivities,netcashfromcontinuingfinancingactivities,Net Cash From Continuing Financing Activities,+,debit,usd,-740000000.0
Corning Inc,GLW,549300X2937PB0CJ7I56,0000024741,2014.0,Q4,2014-10-01,2014-12-31,,netchangeincash,netcashfromfinancingactivities,Net Cash From Financing Activities,+,debit,usd,-740000000.0
Corning Inc,GLW,549300X2937PB0CJ7I56,0000024741,2014.0,Q4,2014-10-01,2014-12-31,,netchangeincash,effectofexchangeratechanges,Effect of Exchange Rate Changes,+,debit,usd,-207000000.0
Corning Inc,GLW,549300X2937PB0CJ7I56,0000024741,2014.0,Q4,2014-10-01,2014-12-31,,,netchangeincash,Net Change in Cash & Equivalents,=,debit,usd,-44000000.0
Corning Inc,GLW,549300X2937PB0CJ7I56,0000024741,2015.0,Q1,2015-01-01,2015-03-31,2016-04-29 10:51:00+00:00,netincomecontinuing,netincome,Consolidated Net Income / (Loss),+,credit,usd,407000000.0
Corning Inc,GLW,549300X2937PB0CJ7I56,0000024741,2015.0,Q1,2015-01-01,2015-03-31,2016-04-29 10:51:00+00:00,netcashfromcontinuingoperatingactivities,netincomecontinuing,Net Income / (Loss) Continuing Operations,+,credit,usd,407000000.0
Corning Inc,GLW,549300X2937PB0CJ7I56,0000024741,2015.0,Q1,2015-01-01,2015-03-31,2016-04-29 10:51:00+00:00,netcashfromcontinuingoperatingactivities,depreciationexpense,Depreciation Expense,+,debit,usd,279000000.0
Corning Inc,GLW,549300X2937PB0CJ7I56,0000024741,2015.0,Q1,2015-01-01,2015-03-31,2016-04-29 10:51:00+00:00,netcashfromcontinuingoperatingactivities,amortizationexpense,Amortization Expense,+,debit,usd,12000000.0
Corning Inc,GLW,549300X2937PB0CJ7I56,0000024741,2015.0,Q1,2015-01-01,2015-03-31,2016-04-29 10:51:00+00:00,netcashfromcontinuingoperatingactivities,noncashadjustmentstonetincome,Non-Cash Adjustments To Reconcile Net Income,+,debit,usd,227000000.0
Corning Inc,GLW,549300X2937PB0CJ7I56,0000024741,2015.0,Q1,2015-01-01,2015-03-31,2016-04-29 10:51:00+00:00,netcashfromcontinuingoperatingactivities,increasedecreaseinoperatingcapital,"Changes in Operating Assets and Liabilities, net",+,debit,usd,-324000000.0
Corning Inc,GLW,549300X2937PB0CJ7I56,0000024741,2015.0,Q1,2015-01-01,2015-03-31,2016-04-29 10:51:00+00:00,netcashfromoperatingactivities,netcashfromcontinuingoperatingactivities,Net Cash From Continuing Operating Activities,+,debit,usd,601000000.0
Corning Inc,GLW,549300X2937PB0CJ7I56,0000024741,2015.0,Q1,2015-01-01,2015-03-31,2016-04-29 10:51:00+00:00,netchangeincash,netcashfromoperatingactivities,Net Cash From Operating Activities,+,debit,usd,601000000.0
Corning Inc,GLW,549300X2937PB0CJ7I56,0000024741,2015.0,Q1,2015-01-01,2015-03-31,2016-04-29 10:51:00+00:00,netcashfromcontinuinginvestingactivities,purchaseofplantpropertyandequipment,"Purchase of Property, Plant & Equipment",+,debit,usd,-333000000.0
Corning Inc,GLW,549300X2937PB0CJ7I56,0000024741,2015.0,Q1,2015-01-01,2015-03-31,2016-04-29 10:51:00+00:00,netcashfromcontinuinginvestingactivities,acquisitions,Acquisitions,+,debit,usd,-531000000.0
Corning Inc,GLW,549300X2937PB0CJ7I56,0000024741,2015.0,Q1,2015-01-01,2015-03-31,2016-04-29 10:51:00+00:00,netcashfromcontinuinginvestingactivities,purchaseofinvestments,Purchase of Investments,+,debit,usd,-284000000.0
Corning Inc,GLW,549300X2937PB0CJ7I56,0000024741,2015.0,Q1,2015-01-01,2015-03-31,2016-04-29 10:51:00+00:00,netcashfromcontinuinginvestingactivities,saleofinvestments,Sale and/or Maturity of Investments,+,debit,usd,431000000.0
Corning Inc,GLW,549300X2937PB0CJ7I56,0000024741,2015.0,Q1,2015-01-01,2015-03-31,2016-04-29 10:51:00+00:00,netcashfromcontinuinginvestingactivities,otherinvestingactivitiesnet,"Other Investing Activities, net",+,debit,usd,4000000.0
Corning Inc,GLW,549300X2937PB0CJ7I56,0000024741,2015.0,Q1,2015-01-01,2015-03-31,2016-04-29 10:51:00+00:00,netcashfrominvestingactivities,netcashfromcontinuinginvestingactivities,Net Cash From Continuing Investing Activities,+,debit,usd,-713000000.0
Corning Inc,GLW,549300X2937PB0CJ7I56,0000024741,2015.0,Q1,2015-01-01,2015-03-31,2016-04-29 10:51:00+00:00,netchangeincash,netcashfrominvestingactivities,Net Cash From Investing Activities,+,debit,usd,-713000000.0
Corning Inc,GLW,549300X2937PB0CJ7I56,0000024741,2015.0,Q1,2015-01-01,2015-03-31,2016-04-29 10:51:00+00:00,netcashfromcontinuingfinancingactivities,repurchaseofcommonequity,Repurchase of Common Equity,+,debit,usd,-477000000.0
Corning Inc,GLW,549300X2937PB0CJ7I56,0000024741,2015.0,Q1,2015-01-01,2015-03-31,2016-04-29 10:51:00+00:00,netcashfromcontinuingfinancingactivities,paymentofdividends,Payment of Dividends,+,debit,usd,-177000000.0
Corning Inc,GLW,549300X2937PB0CJ7I56,0000024741,2015.0,Q1,2015-01-01,2015-03-31,2016-04-29 10:51:00+00:00,netcashfromcontinuingfinancingactivities,otherfinancingactivitiesnet,"Other Financing Activities, net",+,debit,usd,80000000.0
Corning Inc,GLW,549300X2937PB0CJ7I56,0000024741,2015.0,Q1,2015-01-01,2015-03-31,2016-04-29 10:51:00+00:00,netcashfromfinancingactivities,netcashfromcontinuingfinancingactivities,Net Cash From Continuing Financing Activities,+,debit,usd,-574000000.0
Corning Inc,GLW,549300X2937PB0CJ7I56,0000024741,2015.0,Q1,2015-01-01,2015-03-31,2016-04-29 10:51:00+00:00,netchangeincash,netcashfromfinancingactivities,Net Cash From Financing Activities,+,debit,usd,-574000000.0
Corning Inc,GLW,549300X2937PB0CJ7I56,0000024741,2015.0,Q1,2015-01-01,2015-03-31,2016-04-29 10:51:00+00:00,netchangeincash,effectofexchangeratechanges,Effect of Exchange Rate Changes,+,debit,usd,-319000000.0
Corning Inc,GLW,549300X2937PB0CJ7I56,0000024741,2015.0,Q1,2015-01-01,2015-03-31,2016-04-29 10:51:00+00:00,,netchangeincash,Net Change in Cash & Equivalents,=,debit,usd,-1005000000.0
Corning Inc,GLW,549300X2937PB0CJ7I56,0000024741,2015.0,Q2,2015-04-01,2015-06-30,,netincomecontinuing,netincome,Consolidated Net Income / (Loss),+,credit,usd,496000000.0
Corning Inc,GLW,549300X2937PB0CJ7I56,0000024741,2015.0,Q2,2015-04-01,2015-06-30,,netcashfromcontinuingoperatingactivities,netincomecontinuing,Net Income / (Loss) Continuing Operations,+,credit,usd,496000000.0
Corning Inc,GLW,549300X2937PB0CJ7I56,0000024741,2015.0,Q2,2015-04-01,2015-06-30,,netcashfromcontinuingoperatingactivities,depreciationexpense,Depreciation Expense,+,debit,usd,283000000.0
Corning Inc,GLW,549300X2937PB0CJ7I56,0000024741,2015.0,Q2,2015-04-01,2015-06-30,,netcashfromcontinuingoperatingactivities,amortizationexpense,Amortization Expense,+,debit,usd,16000000.0
Corning Inc,GLW,549300X2937PB0CJ7I56,0000024741,2015.0,Q2,2015-04-01,2015-06-30,,netcashfromcontinuingoperatingactivities,noncashadjustmentstonetincome,Non-Cash Adjustments To Reconcile Net Income,+,debit,usd,-226000000.0
Corning Inc,GLW,549300X2937PB0CJ7I56,0000024741,2015.0,Q2,2015-04-01,2015-06-30,,netcashfromcontinuingoperatingactivities,increasedecreaseinoperatingcapital,"Changes in Operating Assets and Liabilities, net",+,debit,usd,-22000000.0
Corning Inc,GLW,549300X2937PB0CJ7I56,0000024741,2015.0,Q2,2015-04-01,2015-06-30,,netcashfromoperatingactivities,netcashfromcontinuingoperatingactivities,Net Cash From Continuing Operating Activities,+,debit,usd,547000000.0
Corning Inc,GLW,549300X2937PB0CJ7I56,0000024741,2015.0,Q2,2015-04-01,2015-06-30,,netchangeincash,netcashfromoperatingactivities,Net Cash From Operating Activities,+,debit,usd,547000000.0
Corning Inc,GLW,549300X2937PB0CJ7I56,0000024741,2015.0,Q2,2015-04-01,2015-06-30,,netcashfromcontinuinginvestingactivities,purchaseofplantpropertyandequipment,"Purchase of Property, Plant & Equipment",+,debit,usd,-308000000.0
Corning Inc,GLW,549300X2937PB0CJ7I56,0000024741,2015.0,Q2,2015-04-01,2015-06-30,,netcashfromcontinuinginvestingactivities,acquisitions,Acquisitions,+,debit,usd,-33000000.0
Corning Inc,GLW,549300X2937PB0CJ7I56,0000024741,2015.0,Q2,2015-04-01,2015-06-30,,netcashfromcontinuinginvestingactivities,purchaseofinvestments,Purchase of Investments,+,debit,usd,-286000000.0
Corning Inc,GLW,549300X2937PB0CJ7I56,0000024741,2015.0,Q2,2015-04-01,2015-06-30,,netcashfromcontinuinginvestingactivities,saleofinvestments,Sale and/or Maturity of Investments,+,debit,usd,715000000.0
Corning Inc,GLW,549300X2937PB0CJ7I56,0000024741,2015.0,Q2,2015-04-01,2015-06-30,,netcashfromcontinuinginvestingactivities,otherinvestingactivitiesnet,"Other Investing Activities, net",+,debit,usd,2000000.0
Corning Inc,GLW,549300X2937PB0CJ7I56,0000024741,2015.0,Q2,2015-04-01,2015-06-30,,netcashfrominvestingactivities,netcashfromcontinuinginvestingactivities,Net Cash From Continuing Investing Activities,+,debit,usd,90000000.0
Corning Inc,GLW,549300X2937PB0CJ7I56,0000024741,2015.0,Q2,2015-04-01,2015-06-30,,netchangeincash,netcashfrominvestingactivities,Net Cash From Investing Activities,+,debit,usd,90000000.0
Corning Inc,GLW,549300X2937PB0CJ7I56,0000024741,2015.0,Q2,2015-04-01,2015-06-30,,netcashfromcontinuingfinancingactivities,repaymentofdebt,Repayment of Debt,+,debit,usd,-1000000.0
Corning Inc,GLW,549300X2937PB0CJ7I56,0000024741,2015.0,Q2,2015-04-01,2015-06-30,,netcashfromcontinuingfinancingactivities,repurchaseofcommonequity,Repurchase of Common Equity,+,debit,usd,-616000000.0
Corning Inc,GLW,549300X2937PB0CJ7I56,0000024741,2015.0,Q2,2015-04-01,2015-06-30,,netcashfromcontinuingfinancingactivities,paymentofdividends,Payment of Dividends,+,debit,usd,-173000000.0
Corning Inc,GLW,549300X2937PB0CJ7I56,0000024741,2015.0,Q2,2015-04-01,2015-06-30,,netcashfromcontinuingfinancingactivities,issuanceofdebt,Issuance of Debt,+,debit,usd,747000000.0
Corning Inc,GLW,549300X2937PB0CJ7I56,0000024741,2015.0,Q2,2015-04-01,2015-06-30,,netcashfromcontinuingfinancingactivities,otherfinancingactivitiesnet,"Other Financing Activities, net",+,debit,usd,8000000.0
Corning Inc,GLW,549300X2937PB0CJ7I56,0000024741,2015.0,Q2,2015-04-01,2015-06-30,,netcashfromfinancingactivities,netcashfromcontinuingfinancingactivities,Net Cash From Continuing Financing Activities,+,debit,usd,-35000000.0
Corning Inc,GLW,549300X2937PB0CJ7I56,0000024741,2015.0,Q2,2015-04-01,2015-06-30,,netchangeincash,netcashfromfinancingactivities,Net Cash From Financing Activities,+,debit,usd,-35000000.0
Corning Inc,GLW,549300X2937PB0CJ7I56,0000024741,2015.0,Q2,2015-04-01,2015-06-30,,netchangeincash,effectofexchangeratechanges,Effect of Exchange Rate Changes,+,debit,usd,62000000.0
Corning Inc,GLW,549300X2937PB0CJ7I56,0000024741,2015.0,Q2,2015-04-01,2015-06-30,,,netchangeincash,Net Change in Cash & Equivalents,=,debit,usd,664000000.0
Corning Inc,GLW,549300X2937PB0CJ7I56,0000024741,2015.0,Q3,2015-07-01,2015-09-30,,netincomecontinuing,netincome,Consolidated Net Income / (Loss),+,credit,usd,212000000.0
Corning Inc,GLW,549300X2937PB0CJ7I56,0000024741,2015.0,Q3,2015-07-01,2015-09-30,,netcashfromcontinuingoperatingactivities,netincomecontinuing,Net Income / (Loss) Continuing Operations,+,credit,usd,212000000.0
Corning Inc,GLW,549300X2937PB0CJ7I56,0000024741,2015.0,Q3,2015-07-01,2015-09-30,,netcashfromcontinuingoperatingactivities,depreciationexpense,Depreciation Expense,+,debit,usd,280000000.0
Corning Inc,GLW,549300X2937PB0CJ7I56,0000024741,2015.0,Q3,2015-07-01,2015-09-30,,netcashfromcontinuingoperatingactivities,amortizationexpense,Amortization Expense,+,debit,usd,12000000.0
Corning Inc,GLW,549300X2937PB0CJ7I56,0000024741,2015.0,Q3,2015-07-01,2015-09-30,,netcashfromcontinuingoperatingactivities,noncashadjustmentstonetincome,Non-Cash Adjustments To Reconcile Net Income,+,debit,usd,249000000.0
Corning Inc,GLW,549300X2937PB0CJ7I56,0000024741,2015.0,Q3,2015-07-01,2015-09-30,,netcashfromcontinuingoperatingactivities,increasedecreaseinoperatingcapital,"Changes in Operating Assets and Liabilities, net",+,debit,usd,-56000000.0
Corning Inc,GLW,549300X2937PB0CJ7I56,0000024741,2015.0,Q3,2015-07-01,2015-09-30,,netcashfromoperatingactivities,netcashfromcontinuingoperatingactivities,Net Cash From Continuing Operating Activities,+,debit,usd,697000000.0
Corning Inc,GLW,549300X2937PB0CJ7I56,0000024741,2015.0,Q3,2015-07-01,2015-09-30,,netchangeincash,netcashfromoperatingactivities,Net Cash From Operating Activities,+,debit,usd,697000000.0
Corning Inc,GLW,549300X2937PB0CJ7I56,0000024741,2015.0,Q3,2015-07-01,2015-09-30,,netcashfromcontinuinginvestingactivities,purchaseofplantpropertyandequipment,"Purchase of Property, Plant & Equipment",+,debit,usd,-298000000.0
Corning Inc,GLW,549300X2937PB0CJ7I56,0000024741,2015.0,Q3,2015-07-01,2015-09-30,,netcashfromcontinuinginvestingactivities,purchaseofinvestments,Purchase of Investments,+,debit,usd,-289000000.0
Corning Inc,GLW,549300X2937PB0CJ7I56,0000024741,2015.0,Q3,2015-07-01,2015-09-30,,netcashfromcontinuinginvestingactivities,saleofinvestments,Sale and/or Maturity of Investments,+,debit,usd,389000000.0
Corning Inc,GLW,549300X2937PB0CJ7I56,0000024741,2015.0,Q3,2015-07-01,2015-09-30,,netcashfromcontinuinginvestingactivities,otherinvestingactivitiesnet,"Other Investing Activities, net",+,debit,usd,-1000000.0
Corning Inc,GLW,549300X2937PB0CJ7I56,0000024741,2015.0,Q3,2015-07-01,2015-09-30,,netcashfrominvestingactivities,netcashfromcontinuinginvestingactivities,Net Cash From Continuing Investing Activities,+,debit,usd,-199000000.0
Corning Inc,GLW,549300X2937PB0CJ7I56,0000024741,2015.0,Q3,2015-07-01,2015-09-30,,netchangeincash,netcashfrominvestingactivities,Net Cash From Investing Activities,+,debit,usd,-199000000.0
Corning Inc,GLW,549300X2937PB0CJ7I56,0000024741,2015.0,Q3,2015-07-01,2015-09-30,,netcashfromcontinuingfinancingactivities,repurchaseofcommonequity,Repurchase of Common Equity,+,debit,usd,-812000000.0
Corning Inc,GLW,549300X2937PB0CJ7I56,0000024741,2015.0,Q3,2015-07-01,2015-09-30,,netcashfromcontinuingfinancingactivities,paymentofdividends,Payment of Dividends,+,debit,usd,-169000000.0
Corning Inc,GLW,549300X2937PB0CJ7I56,0000024741,2015.0,Q3,2015-07-01,2015-09-30,,netcashfromcontinuingfinancingactivities,otherfinancingactivitiesnet,"Other Financing Activities, net",+,debit,usd,1000000.0
Corning Inc,GLW,549300X2937PB0CJ7I56,0000024741,2015.0,Q3,2015-07-01,2015-09-30,,netcashfromfinancingactivities,netcashfromcontinuingfinancingactivities,Net Cash From Continuing Financing Activities,+,debit,usd,-980000000.0
Corning Inc,GLW,549300X2937PB0CJ7I56,0000024741,2015.0,Q3,2015-07-01,2015-09-30,,netchangeincash,netcashfromfinancingactivities,Net Cash From Financing Activities,+,debit,usd,-980000000.0
Corning Inc,GLW,549300X2937PB0CJ7I56,0000024741,2015.0,Q3,2015-07-01,2015-09-30,,netchangeincash,effectofexchangeratechanges,Effect of Exchange Rate Changes,+,debit,usd,-46000000.0
Corning Inc,GLW,549300X2937PB0CJ7I56,0000024741,2015.0,Q3,2015-07-01,2015-09-30,,,netchangeincash,Net Change in Cash & Equivalents,=,debit,usd,-528000000.0
Corning Inc,GLW,549300X2937PB0CJ7I56,0000024741,2015.0,Q4,2015-10-01,2015-12-31,,netincomecontinuing,netincome,Consolidated Net Income / (Loss),+,credit,usd,224000000.0
Corning Inc,GLW,549300X2937PB0CJ7I56,0000024741,2015.0,Q4,2015-10-01,2015-12-31,,netcashfromcontinuingoperatingactivities,netincomecontinuing,Net Income / (Loss) Continuing Operations,+,credit,usd,224000000.0
Corning Inc,GLW,549300X2937PB0CJ7I56,0000024741,2015.0,Q4,2015-10-01,2015-12-31,,netcashfromcontinuingoperatingactivities,depreciationexpense,Depreciation Expense,+,debit,usd,288000000.0
Corning Inc,GLW,549300X2937PB0CJ7I56,0000024741,2015.0,Q4,2015-10-01,2015-12-31,,netcashfromcontinuingoperatingactivities,amortizationexpense,Amortization Expense,+,debit,usd,14000000.0
Corning Inc,GLW,549300X2937PB0CJ7I56,0000024741,2015.0,Q4,2015-10-01,2015-12-31,,netcashfromcontinuingoperatingactivities,noncashadjustmentstonetincome,Non-Cash Adjustments To Reconcile Net Income,+,debit,usd,-21000000.0
Corning Inc,GLW,549300X2937PB0CJ7I56,0000024741,2015.0,Q4,2015-10-01,2015-12-31,,netcashfromcontinuingoperatingactivities,increasedecreaseinoperatingcapital,"Changes in Operating Assets and Liabilities, net",+,debit,usd,479000000.0
Corning Inc,GLW,549300X2937PB0CJ7I56,0000024741,2015.0,Q4,2015-10-01,2015-12-31,,netcashfromoperatingactivities,netcashfromcontinuingoperatingactivities,Net Cash From Continuing Operating Activities,+,debit,usd,984000000.0
Corning Inc,GLW,549300X2937PB0CJ7I56,0000024741,2015.0,Q4,2015-10-01,2015-12-31,,netchangeincash,netcashfromoperatingactivities,Net Cash From Operating Activities,+,debit,usd,984000000.0
Corning Inc,GLW,549300X2937PB0CJ7I56,0000024741,2015.0,Q4,2015-10-01,2015-12-31,,netcashfromcontinuinginvestingactivities,purchaseofplantpropertyandequipment,"Purchase of Property, Plant & Equipment",+,debit,usd,-311000000.0
Corning Inc,GLW,549300X2937PB0CJ7I56,0000024741,2015.0,Q4,2015-10-01,2015-12-31,,netcashfromcontinuinginvestingactivities,acquisitions,Acquisitions,+,debit,usd,-168000000.0
Corning Inc,GLW,549300X2937PB0CJ7I56,0000024741,2015.0,Q4,2015-10-01,2015-12-31,,netcashfromcontinuinginvestingactivities,purchaseofinvestments,Purchase of Investments,+,debit,usd,-110000000.0
Corning Inc,GLW,549300X2937PB0CJ7I56,0000024741,2015.0,Q4,2015-10-01,2015-12-31,,netcashfromcontinuinginvestingactivities,divestitures,Divestitures,+,debit,usd,12000000.0
Corning Inc,GLW,549300X2937PB0CJ7I56,0000024741,2015.0,Q4,2015-10-01,2015-12-31,,netcashfromcontinuinginvestingactivities,saleofinvestments,Sale and/or Maturity of Investments,+,debit,usd,747000000.0
Corning Inc,GLW,549300X2937PB0CJ7I56,0000024741,2015.0,Q4,2015-10-01,2015-12-31,,netcashfromcontinuinginvestingactivities,otherinvestingactivitiesnet,"Other Investing Activities, net",+,debit,usd,-33000000.0
Corning Inc,GLW,549300X2937PB0CJ7I56,0000024741,2015.0,Q4,2015-10-01,2015-12-31,,netcashfrominvestingactivities,netcashfromcontinuinginvestingactivities,Net Cash From Continuing Investing Activities,+,debit,usd,137000000.0
Corning Inc,GLW,549300X2937PB0CJ7I56,0000024741,2015.0,Q4,2015-10-01,2015-12-31,,netchangeincash,netcashfrominvestingactivities,Net Cash From Investing Activities,+,debit,usd,137000000.0
Corning Inc,GLW,549300X2937PB0CJ7I56,0000024741,2015.0,Q4,2015-10-01,2015-12-31,,netcashfromcontinuingfinancingactivities,repaymentofdebt,Repayment of Debt,+,debit,usd,-17000000.0
Corning Inc,GLW,549300X2937PB0CJ7I56,0000024741,2015.0,Q4,2015-10-01,2015-12-31,,netcashfromcontinuingfinancingactivities,repurchaseofcommonequity,Repurchase of Common Equity,+,debit,usd,-1323000000.0
Corning Inc,GLW,549300X2937PB0CJ7I56,0000024741,2015.0,Q4,2015-10-01,2015-12-31,,netcashfromcontinuingfinancingactivities,paymentofdividends,Payment of Dividends,+,debit,usd,-160000000.0
Corning Inc,GLW,549300X2937PB0CJ7I56,0000024741,2015.0,Q4,2015-10-01,2015-12-31,,netcashfromcontinuingfinancingactivities,issuanceofdebt,Issuance of Debt,+,debit,usd,483000000.0
Corning Inc,GLW,549300X2937PB0CJ7I56,0000024741,2015.0,Q4,2015-10-01,2015-12-31,,netcashfromcontinuingfinancingactivities,otherfinancingactivitiesnet,"Other Financing Activities, net",+,debit,usd,-17000000.0
Corning Inc,GLW,549300X2937PB0CJ7I56,0000024741,2015.0,Q4,2015-10-01,2015-12-31,,netcashfromfinancingactivities,netcashfromcontinuingfinancingactivities,Net Cash From Continuing Financing Activities,+,debit,usd,-1034000000.0
Corning Inc,GLW,549300X2937PB0CJ7I56,0000024741,2015.0,Q4,2015-10-01,2015-12-31,,netchangeincash,netcashfromfinancingactivities,Net Cash From Financing Activities,+,debit,usd,-1034000000.0
Corning Inc,GLW,549300X2937PB0CJ7I56,0000024741,2015.0,Q4,2015-10-01,2015-12-31,,netchangeincash,effectofexchangeratechanges,Effect of Exchange Rate Changes,+,debit,usd,-27000000.0
Corning Inc,GLW,549300X2937PB0CJ7I56,0000024741,2015.0,Q4,2015-10-01,2015-12-31,,,netchangeincash,Net Change in Cash & Equivalents,=,debit,usd,60000000.0
Corning Inc,GLW,549300X2937PB0CJ7I56,0000024741,2016.0,Q1,2016-01-01,2016-03-31,2017-04-25 16:21:09+00:00,netincomecontinuing,netincome,Consolidated Net Income / (Loss),+,credit,usd,-368000000.0
Corning Inc,GLW,549300X2937PB0CJ7I56,0000024741,2016.0,Q1,2016-01-01,2016-03-31,2017-04-25 16:21:09+00:00,netcashfromcontinuingoperatingactivities,netincomecontinuing,Net Income / (Loss) Continuing Operations,+,credit,usd,-368000000.0
Corning Inc,GLW,549300X2937PB0CJ7I56,0000024741,2016.0,Q1,2016-01-01,2016-03-31,2017-04-25 16:21:09+00:00,netcashfromcontinuingoperatingactivities,depreciationexpense,Depreciation Expense,+,debit,usd,281000000.0
Corning Inc,GLW,549300X2937PB0CJ7I56,0000024741,2016.0,Q1,2016-01-01,2016-03-31,2017-04-25 16:21:09+00:00,netcashfromcontinuingoperatingactivities,amortizationexpense,Amortization Expense,+,debit,usd,14000000.0
Corning Inc,GLW,549300X2937PB0CJ7I56,0000024741,2016.0,Q1,2016-01-01,2016-03-31,2017-04-25 16:21:09+00:00,netcashfromcontinuingoperatingactivities,noncashadjustmentstonetincome,Non-Cash Adjustments To Reconcile Net Income,+,debit,usd,771000000.0
Corning Inc,GLW,549300X2937PB0CJ7I56,0000024741,2016.0,Q1,2016-01-01,2016-03-31,2017-04-25 16:21:09+00:00,netcashfromcontinuingoperatingactivities,increasedecreaseinoperatingcapital,"Changes in Operating Assets and Liabilities, net",+,debit,usd,-778000000.0
Corning Inc,GLW,549300X2937PB0CJ7I56,0000024741,2016.0,Q1,2016-01-01,2016-03-31,2017-04-25 16:21:09+00:00,netcashfromoperatingactivities,netcashfromcontinuingoperatingactivities,Net Cash From Continuing Operating Activities,+,debit,usd,-80000000.0
Corning Inc,GLW,549300X2937PB0CJ7I56,0000024741,2016.0,Q1,2016-01-01,2016-03-31,2017-04-25 16:21:09+00:00,netchangeincash,netcashfromoperatingactivities,Net Cash From Operating Activities,+,debit,usd,-80000000.0
Corning Inc,GLW,549300X2937PB0CJ7I56,0000024741,2016.0,Q1,2016-01-01,2016-03-31,2017-04-25 16:21:09+00:00,netcashfromcontinuinginvestingactivities,purchaseofplantpropertyandequipment,"Purchase of Property, Plant & Equipment",+,debit,usd,-270000000.0
Corning Inc,GLW,549300X2937PB0CJ7I56,0000024741,2016.0,Q1,2016-01-01,2016-03-31,2017-04-25 16:21:09+00:00,netcashfromcontinuinginvestingactivities,purchaseofinvestments,Purchase of Investments,+,debit,usd,-20000000.0
Corning Inc,GLW,549300X2937PB0CJ7I56,0000024741,2016.0,Q1,2016-01-01,2016-03-31,2017-04-25 16:21:09+00:00,netcashfromcontinuinginvestingactivities,saleofinvestments,Sale and/or Maturity of Investments,+,debit,usd,214000000.0
Corning Inc,GLW,549300X2937PB0CJ7I56,0000024741,2016.0,Q1,2016-01-01,2016-03-31,2017-04-25 16:21:09+00:00,netcashfrominvestingactivities,netcashfromcontinuinginvestingactivities,Net Cash From Continuing Investing Activities,+,debit,usd,-76000000.0
Corning Inc,GLW,549300X2937PB0CJ7I56,0000024741,2016.0,Q1,2016-01-01,2016-03-31,2017-04-25 16:21:09+00:00,netchangeincash,netcashfrominvestingactivities,Net Cash From Investing Activities,+,debit,usd,-76000000.0
Corning Inc,GLW,549300X2937PB0CJ7I56,0000024741,2016.0,Q1,2016-01-01,2016-03-31,2017-04-25 16:21:09+00:00,netcashfromcontinuingfinancingactivities,repaymentofdebt,Repayment of Debt,+,debit,usd,-65000000.0
Corning Inc,GLW,549300X2937PB0CJ7I56,0000024741,2016.0,Q1,2016-01-01,2016-03-31,2017-04-25 16:21:09+00:00,netcashfromcontinuingfinancingactivities,repurchaseofcommonequity,Repurchase of Common Equity,+,debit,usd,-703000000.0
Corning Inc,GLW,549300X2937PB0CJ7I56,0000024741,2016.0,Q1,2016-01-01,2016-03-31,2017-04-25 16:21:09+00:00,netcashfromcontinuingfinancingactivities,paymentofdividends,Payment of Dividends,+,debit,usd,-173000000.0
Corning Inc,GLW,549300X2937PB0CJ7I56,0000024741,2016.0,Q1,2016-01-01,2016-03-31,2017-04-25 16:21:09+00:00,netcashfromcontinuingfinancingactivities,issuanceofdebt,Issuance of Debt,+,debit,usd,19000000.0
Corning Inc,GLW,549300X2937PB0CJ7I56,0000024741,2016.0,Q1,2016-01-01,2016-03-31,2017-04-25 16:21:09+00:00,netcashfromcontinuingfinancingactivities,otherfinancingactivitiesnet,"Other Financing Activities, net",+,debit,usd,6000000.0
Corning Inc,GLW,549300X2937PB0CJ7I56,0000024741,2016.0,Q1,2016-01-01,2016-03-31,2017-04-25 16:21:09+00:00,netcashfromfinancingactivities,netcashfromcontinuingfinancingactivities,Net Cash From Continuing Financing Activities,+,debit,usd,-916000000.0
Corning Inc,GLW,549300X2937PB0CJ7I56,0000024741,2016.0,Q1,2016-01-01,2016-03-31,2017-04-25 16:21:09+00:00,netchangeincash,netcashfromfinancingactivities,Net Cash From Financing Activities,+,debit,usd,-916000000.0
Corning Inc,GLW,549300X2937PB0CJ7I56,0000024741,2016.0,Q1,2016-01-01,2016-03-31,2017-04-25 16:21:09+00:00,netchangeincash,effectofexchangeratechanges,Effect of Exchange Rate Changes,+,debit,usd,112000000.0
Corning Inc,GLW,549300X2937PB0CJ7I56,0000024741,2016.0,Q1,2016-01-01,2016-03-31,2017-04-25 16:21:09+00:00,,netchangeincash,Net Change in Cash & Equivalents,=,debit,usd,-960000000.0
Corning Inc,GLW,549300X2937PB0CJ7I56,0000024741,2016.0,Q2,2016-04-01,2016-06-30,,netincomecontinuing,netincome,Consolidated Net Income / (Loss),+,credit,usd,2207000000.0
Corning Inc,GLW,549300X2937PB0CJ7I56,0000024741,2016.0,Q2,2016-04-01,2016-06-30,,netcashfromcontinuingoperatingactivities,netincomecontinuing,Net Income / (Loss) Continuing Operations,+,credit,usd,2207000000.0
Corning Inc,GLW,549300X2937PB0CJ7I56,0000024741,2016.0,Q2,2016-04-01,2016-06-30,,netcashfromcontinuingoperatingactivities,depreciationexpense,Depreciation Expense,+,debit,usd,280000000.0
Corning Inc,GLW,549300X2937PB0CJ7I56,0000024741,2016.0,Q2,2016-04-01,2016-06-30,,netcashfromcontinuingoperatingactivities,amortizationexpense,Amortization Expense,+,debit,usd,15000000.0
Corning Inc,GLW,549300X2937PB0CJ7I56,0000024741,2016.0,Q2,2016-04-01,2016-06-30,,netcashfromcontinuingoperatingactivities,noncashadjustmentstonetincome,Non-Cash Adjustments To Reconcile Net Income,+,debit,usd,-1515000000.0
Corning Inc,GLW,549300X2937PB0CJ7I56,0000024741,2016.0,Q2,2016-04-01,2016-06-30,,netcashfromcontinuingoperatingactivities,increasedecreaseinoperatingcapital,"Changes in Operating Assets and Liabilities, net",+,debit,usd,-452000000.0
Corning Inc,GLW,549300X2937PB0CJ7I56,0000024741,2016.0,Q2,2016-04-01,2016-06-30,,netcashfromoperatingactivities,netcashfromcontinuingoperatingactivities,Net Cash From Continuing Operating Activities,+,debit,usd,535000000.0
Corning Inc,GLW,549300X2937PB0CJ7I56,0000024741,2016.0,Q2,2016-04-01,2016-06-30,,netchangeincash,netcashfromoperatingactivities,Net Cash From Operating Activities,+,debit,usd,535000000.0
Corning Inc,GLW,549300X2937PB0CJ7I56,0000024741,2016.0,Q2,2016-04-01,2016-06-30,,netcashfromcontinuinginvestingactivities,purchaseofplantpropertyandequipment,"Purchase of Property, Plant & Equipment",+,debit,usd,-263000000.0
Corning Inc,GLW,549300X2937PB0CJ7I56,0000024741,2016.0,Q2,2016-04-01,2016-06-30,,netcashfromcontinuinginvestingactivities,acquisitions,Acquisitions,+,debit,usd,-279000000.0
Corning Inc,GLW,549300X2937PB0CJ7I56,0000024741,2016.0,Q2,2016-04-01,2016-06-30,,netcashfromcontinuinginvestingactivities,saleofinvestments,Sale and/or Maturity of Investments,+,debit,usd,52000000.0
Corning Inc,GLW,549300X2937PB0CJ7I56,0000024741,2016.0,Q2,2016-04-01,2016-06-30,,netcashfromcontinuinginvestingactivities,otherinvestingactivitiesnet,"Other Investing Activities, net",+,debit,usd,4804000000.0
Corning Inc,GLW,549300X2937PB0CJ7I56,0000024741,2016.0,Q2,2016-04-01,2016-06-30,,netcashfrominvestingactivities,netcashfromcontinuinginvestingactivities,Net Cash From Continuing Investing Activities,+,debit,usd,4314000000.0
Corning Inc,GLW,549300X2937PB0CJ7I56,0000024741,2016.0,Q2,2016-04-01,2016-06-30,,netchangeincash,netcashfrominvestingactivities,Net Cash From Investing Activities,+,debit,usd,4314000000.0
Corning Inc,GLW,549300X2937PB0CJ7I56,0000024741,2016.0,Q2,2016-04-01,2016-06-30,,netcashfromcontinuingfinancingactivities,repaymentofdebt,Repayment of Debt,+,debit,usd,-230000000.0
Corning Inc,GLW,549300X2937PB0CJ7I56,0000024741,2016.0,Q2,2016-04-01,2016-06-30,,netcashfromcontinuingfinancingactivities,repurchaseofcommonequity,Repurchase of Common Equity,+,debit,usd,-812000000.0
Corning Inc,GLW,549300X2937PB0CJ7I56,0000024741,2016.0,Q2,2016-04-01,2016-06-30,,netcashfromcontinuingfinancingactivities,paymentofdividends,Payment of Dividends,+,debit,usd,-167000000.0
Corning Inc,GLW,549300X2937PB0CJ7I56,0000024741,2016.0,Q2,2016-04-01,2016-06-30,,netcashfromcontinuingfinancingactivities,issuanceofdebt,Issuance of Debt,+,debit,usd,-19000000.0
Corning Inc,GLW,549300X2937PB0CJ7I56,0000024741,2016.0,Q2,2016-04-01,2016-06-30,,netcashfromcontinuingfinancingactivities,otherfinancingactivitiesnet,"Other Financing Activities, net",+,debit,usd,9000000.0
Corning Inc,GLW,549300X2937PB0CJ7I56,0000024741,2016.0,Q2,2016-04-01,2016-06-30,,netcashfromfinancingactivities,netcashfromcontinuingfinancingactivities,Net Cash From Continuing Financing Activities,+,debit,usd,-1219000000.0
Corning Inc,GLW,549300X2937PB0CJ7I56,0000024741,2016.0,Q2,2016-04-01,2016-06-30,,netchangeincash,netcashfromfinancingactivities,Net Cash From Financing Activities,+,debit,usd,-1219000000.0
Corning Inc,GLW,549300X2937PB0CJ7I56,0000024741,2016.0,Q2,2016-04-01,2016-06-30,,netchangeincash,effectofexchangeratechanges,Effect of Exchange Rate Changes,+,debit,usd,-26000000.0
Corning Inc,GLW,549300X2937PB0CJ7I56,0000024741,2016.0,Q2,2016-04-01,2016-06-30,,,netchangeincash,Net Change in Cash & Equivalents,=,debit,usd,3604000000.0
Corning Inc,GLW,549300X2937PB0CJ7I56,0000024741,2016.0,Q3,2016-07-01,2016-09-30,,netincomecontinuing,netincome,Consolidated Net Income / (Loss),+,credit,usd,284000000.0
Corning Inc,GLW,549300X2937PB0CJ7I56,0000024741,2016.0,Q3,2016-07-01,2016-09-30,,netcashfromcontinuingoperatingactivities,netincomecontinuing,Net Income / (Loss) Continuing Operations,+,credit,usd,284000000.0
Corning Inc,GLW,549300X2937PB0CJ7I56,0000024741,2016.0,Q3,2016-07-01,2016-09-30,,netcashfromcontinuingoperatingactivities,depreciationexpense,Depreciation Expense,+,debit,usd,283000000.0
Corning Inc,GLW,549300X2937PB0CJ7I56,0000024741,2016.0,Q3,2016-07-01,2016-09-30,,netcashfromcontinuingoperatingactivities,amortizationexpense,Amortization Expense,+,debit,usd,17000000.0
Corning Inc,GLW,549300X2937PB0CJ7I56,0000024741,2016.0,Q3,2016-07-01,2016-09-30,,netcashfromcontinuingoperatingactivities,noncashadjustmentstonetincome,Non-Cash Adjustments To Reconcile Net Income,+,debit,usd,165000000.0
Corning Inc,GLW,549300X2937PB0CJ7I56,0000024741,2016.0,Q3,2016-07-01,2016-09-30,,netcashfromcontinuingoperatingactivities,increasedecreaseinoperatingcapital,"Changes in Operating Assets and Liabilities, net",+,debit,usd,-95000000.0
Corning Inc,GLW,549300X2937PB0CJ7I56,0000024741,2016.0,Q3,2016-07-01,2016-09-30,,netcashfromoperatingactivities,netcashfromcontinuingoperatingactivities,Net Cash From Continuing Operating Activities,+,debit,usd,654000000.0
Corning Inc,GLW,549300X2937PB0CJ7I56,0000024741,2016.0,Q3,2016-07-01,2016-09-30,,netchangeincash,netcashfromoperatingactivities,Net Cash From Operating Activities,+,debit,usd,654000000.0
Corning Inc,GLW,549300X2937PB0CJ7I56,0000024741,2016.0,Q3,2016-07-01,2016-09-30,,netcashfromcontinuinginvestingactivities,purchaseofplantpropertyandequipment,"Purchase of Property, Plant & Equipment",+,debit,usd,-282000000.0
Corning Inc,GLW,549300X2937PB0CJ7I56,0000024741,2016.0,Q3,2016-07-01,2016-09-30,,netcashfromcontinuinginvestingactivities,saleofinvestments,Sale and/or Maturity of Investments,+,debit,usd,1000000.0
Corning Inc,GLW,549300X2937PB0CJ7I56,0000024741,2016.0,Q3,2016-07-01,2016-09-30,,netcashfromcontinuinginvestingactivities,otherinvestingactivitiesnet,"Other Investing Activities, net",+,debit,usd,-1000000.0
Corning Inc,GLW,549300X2937PB0CJ7I56,0000024741,2016.0,Q3,2016-07-01,2016-09-30,,netcashfrominvestingactivities,netcashfromcontinuinginvestingactivities,Net Cash From Continuing Investing Activities,+,debit,usd,-282000000.0
Corning Inc,GLW,549300X2937PB0CJ7I56,0000024741,2016.0,Q3,2016-07-01,2016-09-30,,netchangeincash,netcashfrominvestingactivities,Net Cash From Investing Activities,+,debit,usd,-282000000.0
Corning Inc,GLW,549300X2937PB0CJ7I56,0000024741,2016.0,Q3,2016-07-01,2016-09-30,,netcashfromcontinuingfinancingactivities,repaymentofdebt,Repayment of Debt,+,debit,usd,-272000000.0
Corning Inc,GLW,549300X2937PB0CJ7I56,0000024741,2016.0,Q3,2016-07-01,2016-09-30,,netcashfromcontinuingfinancingactivities,repurchaseofcommonequity,Repurchase of Common Equity,+,debit,usd,-2369000000.0
Corning Inc,GLW,549300X2937PB0CJ7I56,0000024741,2016.0,Q3,2016-07-01,2016-09-30,,netcashfromcontinuingfinancingactivities,paymentofdividends,Payment of Dividends,+,debit,usd,-153000000.0
Corning Inc,GLW,549300X2937PB0CJ7I56,0000024741,2016.0,Q3,2016-07-01,2016-09-30,,netcashfromcontinuingfinancingactivities,otherfinancingactivitiesnet,"Other Financing Activities, net",+,debit,usd,57000000.0
Corning Inc,GLW,549300X2937PB0CJ7I56,0000024741,2016.0,Q3,2016-07-01,2016-09-30,,netcashfromfinancingactivities,netcashfromcontinuingfinancingactivities,Net Cash From Continuing Financing Activities,+,debit,usd,-2737000000.0
Corning Inc,GLW,549300X2937PB0CJ7I56,0000024741,2016.0,Q3,2016-07-01,2016-09-30,,netchangeincash,netcashfromfinancingactivities,Net Cash From Financing Activities,+,debit,usd,-2737000000.0
Corning Inc,GLW,549300X2937PB0CJ7I56,0000024741,2016.0,Q3,2016-07-01,2016-09-30,,netchangeincash,effectofexchangeratechanges,Effect of Exchange Rate Changes,+,debit,usd,42000000.0
Corning Inc,GLW,549300X2937PB0CJ7I56,0000024741,2016.0,Q3,2016-07-01,2016-09-30,,,netchangeincash,Net Change in Cash & Equivalents,=,debit,usd,-2323000000.0
Corning Inc,GLW,549300X2937PB0CJ7I56,0000024741,2016.0,Q4,2016-10-01,2016-12-31,,netincomecontinuing,netincome,Consolidated Net Income / (Loss),+,credit,usd,1572000000.0
Corning Inc,GLW,549300X2937PB0CJ7I56,0000024741,2016.0,Q4,2016-10-01,2016-12-31,,netcashfromcontinuingoperatingactivities,netincomecontinuing,Net Income / (Loss) Continuing Operations,+,credit,usd,1572000000.0
Corning Inc,GLW,549300X2937PB0CJ7I56,0000024741,2016.0,Q4,2016-10-01,2016-12-31,,netcashfromcontinuingoperatingactivities,depreciationexpense,Depreciation Expense,+,debit,usd,287000000.0
Corning Inc,GLW,549300X2937PB0CJ7I56,0000024741,2016.0,Q4,2016-10-01,2016-12-31,,netcashfromcontinuingoperatingactivities,amortizationexpense,Amortization Expense,+,debit,usd,18000000.0
Corning Inc,GLW,549300X2937PB0CJ7I56,0000024741,2016.0,Q4,2016-10-01,2016-12-31,,netcashfromcontinuingoperatingactivities,noncashadjustmentstonetincome,Non-Cash Adjustments To Reconcile Net Income,+,debit,usd,-1585000000.0
Corning Inc,GLW,549300X2937PB0CJ7I56,0000024741,2016.0,Q4,2016-10-01,2016-12-31,,netcashfromcontinuingoperatingactivities,increasedecreaseinoperatingcapital,"Changes in Operating Assets and Liabilities, net",+,debit,usd,1136000000.0
Corning Inc,GLW,549300X2937PB0CJ7I56,0000024741,2016.0,Q4,2016-10-01,2016-12-31,,netcashfromoperatingactivities,netcashfromcontinuingoperatingactivities,Net Cash From Continuing Operating Activities,+,debit,usd,1428000000.0
Corning Inc,GLW,549300X2937PB0CJ7I56,0000024741,2016.0,Q4,2016-10-01,2016-12-31,,netchangeincash,netcashfromoperatingactivities,Net Cash From Operating Activities,+,debit,usd,1428000000.0
Corning Inc,GLW,549300X2937PB0CJ7I56,0000024741,2016.0,Q4,2016-10-01,2016-12-31,,netcashfromcontinuinginvestingactivities,purchaseofplantpropertyandequipment,"Purchase of Property, Plant & Equipment",+,debit,usd,-315000000.0
Corning Inc,GLW,549300X2937PB0CJ7I56,0000024741,2016.0,Q4,2016-10-01,2016-12-31,,netcashfromcontinuinginvestingactivities,acquisitions,Acquisitions,+,debit,usd,-54000000.0
Corning Inc,GLW,549300X2937PB0CJ7I56,0000024741,2016.0,Q4,2016-10-01,2016-12-31,,netcashfromcontinuinginvestingactivities,saleofinvestments,Sale and/or Maturity of Investments,+,debit,usd,55000000.0
Corning Inc,GLW,549300X2937PB0CJ7I56,0000024741,2016.0,Q4,2016-10-01,2016-12-31,,netcashfromcontinuinginvestingactivities,otherinvestingactivitiesnet,"Other Investing Activities, net",+,debit,usd,20000000.0
Corning Inc,GLW,549300X2937PB0CJ7I56,0000024741,2016.0,Q4,2016-10-01,2016-12-31,,netcashfrominvestingactivities,netcashfromcontinuinginvestingactivities,Net Cash From Continuing Investing Activities,+,debit,usd,-294000000.0
Corning Inc,GLW,549300X2937PB0CJ7I56,0000024741,2016.0,Q4,2016-10-01,2016-12-31,,netchangeincash,netcashfrominvestingactivities,Net Cash From Investing Activities,+,debit,usd,-294000000.0
Corning Inc,GLW,549300X2937PB0CJ7I56,0000024741,2016.0,Q4,2016-10-01,2016-12-31,,netcashfromcontinuingfinancingactivities,repaymentofdebt,Repayment of Debt,+,debit,usd,-5000000.0
Corning Inc,GLW,549300X2937PB0CJ7I56,0000024741,2016.0,Q4,2016-10-01,2016-12-31,,netcashfromcontinuingfinancingactivities,repurchaseofcommonequity,Repurchase of Common Equity,+,debit,usd,-343000000.0
Corning Inc,GLW,549300X2937PB0CJ7I56,0000024741,2016.0,Q4,2016-10-01,2016-12-31,,netcashfromcontinuingfinancingactivities,paymentofdividends,Payment of Dividends,+,debit,usd,-152000000.0
Corning Inc,GLW,549300X2937PB0CJ7I56,0000024741,2016.0,Q4,2016-10-01,2016-12-31,,netcashfromcontinuingfinancingactivities,otherfinancingactivitiesnet,"Other Financing Activities, net",+,debit,usd,50000000.0
Corning Inc,GLW,549300X2937PB0CJ7I56,0000024741,2016.0,Q4,2016-10-01,2016-12-31,,netcashfromfinancingactivities,netcashfromcontinuingfinancingactivities,Net Cash From Continuing Financing Activities,+,debit,usd,-450000000.0
Corning Inc,GLW,549300X2937PB0CJ7I56,0000024741,2016.0,Q4,2016-10-01,2016-12-31,,netchangeincash,netcashfromfinancingactivities,Net Cash From Financing Activities,+,debit,usd,-450000000.0
Corning Inc,GLW,549300X2937PB0CJ7I56,0000024741,2016.0,Q4,2016-10-01,2016-12-31,,netchangeincash,effectofexchangeratechanges,Effect of Exchange Rate Changes,+,debit,usd,-214000000.0
Corning Inc,GLW,549300X2937PB0CJ7I56,0000024741,2016.0,Q4,2016-10-01,2016-12-31,,,netchangeincash,Net Change in Cash & Equivalents,=,debit,usd,470000000.0
Corning Inc,GLW,549300X2937PB0CJ7I56,0000024741,2017.0,Q1,2017-01-01,2017-03-31,2018-04-26 16:59:41+00:00,netincomecontinuing,netincome,Consolidated Net Income / (Loss),+,credit,usd,86000000.0
Corning Inc,GLW,549300X2937PB0CJ7I56,0000024741,2017.0,Q1,2017-01-01,2017-03-31,2018-04-26 16:59:41+00:00,netcashfromcontinuingoperatingactivities,netincomecontinuing,Net Income / (Loss) Continuing Operations,+,credit,usd,86000000.0
Corning Inc,GLW,549300X2937PB0CJ7I56,0000024741,2017.0,Q1,2017-01-01,2017-03-31,2018-04-26 16:59:41+00:00,netcashfromcontinuingoperatingactivities,depreciationexpense,Depreciation Expense,+,debit,usd,260000000.0
Corning Inc,GLW,549300X2937PB0CJ7I56,0000024741,2017.0,Q1,2017-01-01,2017-03-31,2018-04-26 16:59:41+00:00,netcashfromcontinuingoperatingactivities,amortizationexpense,Amortization Expense,+,debit,usd,17000000.0
Corning Inc,GLW,549300X2937PB0CJ7I56,0000024741,2017.0,Q1,2017-01-01,2017-03-31,2018-04-26 16:59:41+00:00,netcashfromcontinuingoperatingactivities,noncashadjustmentstonetincome,Non-Cash Adjustments To Reconcile Net Income,+,debit,usd,325000000.0
Corning Inc,GLW,549300X2937PB0CJ7I56,0000024741,2017.0,Q1,2017-01-01,2017-03-31,2018-04-26 16:59:41+00:00,netcashfromcontinuingoperatingactivities,increasedecreaseinoperatingcapital,"Changes in Operating Assets and Liabilities, net",+,debit,usd,-497000000.0
Corning Inc,GLW,549300X2937PB0CJ7I56,0000024741,2017.0,Q1,2017-01-01,2017-03-31,2018-04-26 16:59:41+00:00,netcashfromoperatingactivities,netcashfromcontinuingoperatingactivities,Net Cash From Continuing Operating Activities,+,debit,usd,191000000.0
Corning Inc,GLW,549300X2937PB0CJ7I56,0000024741,2017.0,Q1,2017-01-01,2017-03-31,2018-04-26 16:59:41+00:00,netchangeincash,netcashfromoperatingactivities,Net Cash From Operating Activities,+,debit,usd,191000000.0
Corning Inc,GLW,549300X2937PB0CJ7I56,0000024741,2017.0,Q1,2017-01-01,2017-03-31,2018-04-26 16:59:41+00:00,netcashfromcontinuinginvestingactivities,purchaseofplantpropertyandequipment,"Purchase of Property, Plant & Equipment",+,debit,usd,-364000000.0
Corning Inc,GLW,549300X2937PB0CJ7I56,0000024741,2017.0,Q1,2017-01-01,2017-03-31,2018-04-26 16:59:41+00:00,netcashfromcontinuinginvestingactivities,acquisitions,Acquisitions,+,debit,usd,-35000000.0
Corning Inc,GLW,549300X2937PB0CJ7I56,0000024741,2017.0,Q1,2017-01-01,2017-03-31,2018-04-26 16:59:41+00:00,netcashfromcontinuinginvestingactivities,saleofinvestments,Sale and/or Maturity of Investments,+,debit,usd,80000000.0
Corning Inc,GLW,549300X2937PB0CJ7I56,0000024741,2017.0,Q1,2017-01-01,2017-03-31,2018-04-26 16:59:41+00:00,netcashfromcontinuinginvestingactivities,otherinvestingactivitiesnet,"Other Investing Activities, net",+,debit,usd,-7000000.0
Corning Inc,GLW,549300X2937PB0CJ7I56,0000024741,2017.0,Q1,2017-01-01,2017-03-31,2018-04-26 16:59:41+00:00,netcashfrominvestingactivities,netcashfromcontinuinginvestingactivities,Net Cash From Continuing Investing Activities,+,debit,usd,-326000000.0
Corning Inc,GLW,549300X2937PB0CJ7I56,0000024741,2017.0,Q1,2017-01-01,2017-03-31,2018-04-26 16:59:41+00:00,netchangeincash,netcashfrominvestingactivities,Net Cash From Investing Activities,+,debit,usd,-326000000.0
Corning Inc,GLW,549300X2937PB0CJ7I56,0000024741,2017.0,Q1,2017-01-01,2017-03-31,2018-04-26 16:59:41+00:00,netcashfromcontinuingfinancingactivities,repurchaseofcommonequity,Repurchase of Common Equity,+,debit,usd,-400000000.0
Corning Inc,GLW,549300X2937PB0CJ7I56,0000024741,2017.0,Q1,2017-01-01,2017-03-31,2018-04-26 16:59:41+00:00,netcashfromcontinuingfinancingactivities,paymentofdividends,Payment of Dividends,+,debit,usd,-168000000.0
Corning Inc,GLW,549300X2937PB0CJ7I56,0000024741,2017.0,Q1,2017-01-01,2017-03-31,2018-04-26 16:59:41+00:00,netcashfromcontinuingfinancingactivities,otherfinancingactivitiesnet,"Other Financing Activities, net",+,debit,usd,180000000.0
Corning Inc,GLW,549300X2937PB0CJ7I56,0000024741,2017.0,Q1,2017-01-01,2017-03-31,2018-04-26 16:59:41+00:00,netcashfromfinancingactivities,netcashfromcontinuingfinancingactivities,Net Cash From Continuing Financing Activities,+,debit,usd,-388000000.0
Corning Inc,GLW,549300X2937PB0CJ7I56,0000024741,2017.0,Q1,2017-01-01,2017-03-31,2018-04-26 16:59:41+00:00,netchangeincash,netcashfromfinancingactivities,Net Cash From Financing Activities,+,debit,usd,-388000000.0
Corning Inc,GLW,549300X2937PB0CJ7I56,0000024741,2017.0,Q1,2017-01-01,2017-03-31,2018-04-26 16:59:41+00:00,netchangeincash,effectofexchangeratechanges,Effect of Exchange Rate Changes,+,debit,usd,76000000.0
Corning Inc,GLW,549300X2937PB0CJ7I56,0000024741,2017.0,Q1,2017-01-01,2017-03-31,2018-04-26 16:59:41+00:00,,netchangeincash,Net Change in Cash & Equivalents,=,debit,usd,-447000000.0
Corning Inc,GLW,549300X2937PB0CJ7I56,0000024741,2017.0,Q2,2017-04-01,2017-06-30,,netincomecontinuing,netincome,Consolidated Net Income / (Loss),+,credit,usd,439000000.0
Corning Inc,GLW,549300X2937PB0CJ7I56,0000024741,2017.0,Q2,2017-04-01,2017-06-30,,netcashfromcontinuingoperatingactivities,netincomecontinuing,Net Income / (Loss) Continuing Operations,+,credit,usd,439000000.0
Corning Inc,GLW,549300X2937PB0CJ7I56,0000024741,2017.0,Q2,2017-04-01,2017-06-30,,netcashfromcontinuingoperatingactivities,depreciationexpense,Depreciation Expense,+,debit,usd,263000000.0
Corning Inc,GLW,549300X2937PB0CJ7I56,0000024741,2017.0,Q2,2017-04-01,2017-06-30,,netcashfromcontinuingoperatingactivities,amortizationexpense,Amortization Expense,+,debit,usd,18000000.0
Corning Inc,GLW,549300X2937PB0CJ7I56,0000024741,2017.0,Q2,2017-04-01,2017-06-30,,netcashfromcontinuingoperatingactivities,noncashadjustmentstonetincome,Non-Cash Adjustments To Reconcile Net Income,+,debit,usd,-350000000.0
Corning Inc,GLW,549300X2937PB0CJ7I56,0000024741,2017.0,Q2,2017-04-01,2017-06-30,,netcashfromcontinuingoperatingactivities,increasedecreaseinoperatingcapital,"Changes in Operating Assets and Liabilities, net",+,debit,usd,-90000000.0
Corning Inc,GLW,549300X2937PB0CJ7I56,0000024741,2017.0,Q2,2017-04-01,2017-06-30,,netcashfromoperatingactivities,netcashfromcontinuingoperatingactivities,Net Cash From Continuing Operating Activities,+,debit,usd,280000000.0
Corning Inc,GLW,549300X2937PB0CJ7I56,0000024741,2017.0,Q2,2017-04-01,2017-06-30,,netchangeincash,netcashfromoperatingactivities,Net Cash From Operating Activities,+,debit,usd,280000000.0
Corning Inc,GLW,549300X2937PB0CJ7I56,0000024741,2017.0,Q2,2017-04-01,2017-06-30,,netcashfromcontinuinginvestingactivities,purchaseofplantpropertyandequipment,"Purchase of Property, Plant & Equipment",+,debit,usd,-397000000.0
Corning Inc,GLW,549300X2937PB0CJ7I56,0000024741,2017.0,Q2,2017-04-01,2017-06-30,,netcashfromcontinuinginvestingactivities,acquisitions,Acquisitions,+,debit,usd,-3000000.0
Corning Inc,GLW,549300X2937PB0CJ7I56,0000024741,2017.0,Q2,2017-04-01,2017-06-30,,netcashfromcontinuinginvestingactivities,saleofinvestments,Sale and/or Maturity of Investments,+,debit,usd,98000000.0
Corning Inc,GLW,549300X2937PB0CJ7I56,0000024741,2017.0,Q2,2017-04-01,2017-06-30,,netcashfromcontinuinginvestingactivities,otherinvestingactivitiesnet,"Other Investing Activities, net",+,debit,usd,-6000000.0
Corning Inc,GLW,549300X2937PB0CJ7I56,0000024741,2017.0,Q2,2017-04-01,2017-06-30,,netcashfrominvestingactivities,netcashfromcontinuinginvestingactivities,Net Cash From Continuing Investing Activities,+,debit,usd,-308000000.0
Corning Inc,GLW,549300X2937PB0CJ7I56,0000024741,2017.0,Q2,2017-04-01,2017-06-30,,netchangeincash,netcashfrominvestingactivities,Net Cash From Investing Activities,+,debit,usd,-308000000.0
Corning Inc,GLW,549300X2937PB0CJ7I56,0000024741,2017.0,Q2,2017-04-01,2017-06-30,,netcashfromcontinuingfinancingactivities,repaymentofdebt,Repayment of Debt,+,debit,usd,-1000000.0
Corning Inc,GLW,549300X2937PB0CJ7I56,0000024741,2017.0,Q2,2017-04-01,2017-06-30,,netcashfromcontinuingfinancingactivities,repurchaseofcommonequity,Repurchase of Common Equity,+,debit,usd,-645000000.0
Corning Inc,GLW,549300X2937PB0CJ7I56,0000024741,2017.0,Q2,2017-04-01,2017-06-30,,netcashfromcontinuingfinancingactivities,paymentofdividends,Payment of Dividends,+,debit,usd,-165000000.0
Corning Inc,GLW,549300X2937PB0CJ7I56,0000024741,2017.0,Q2,2017-04-01,2017-06-30,,netcashfromcontinuingfinancingactivities,otherfinancingactivitiesnet,"Other Financing Activities, net",+,debit,usd,61000000.0
Corning Inc,GLW,549300X2937PB0CJ7I56,0000024741,2017.0,Q2,2017-04-01,2017-06-30,,netcashfromfinancingactivities,netcashfromcontinuingfinancingactivities,Net Cash From Continuing Financing Activities,+,debit,usd,-750000000.0
Corning Inc,GLW,549300X2937PB0CJ7I56,0000024741,2017.0,Q2,2017-04-01,2017-06-30,,netchangeincash,netcashfromfinancingactivities,Net Cash From Financing Activities,+,debit,usd,-750000000.0
Corning Inc,GLW,549300X2937PB0CJ7I56,0000024741,2017.0,Q2,2017-04-01,2017-06-30,,netchangeincash,effectofexchangeratechanges,Effect of Exchange Rate Changes,+,debit,usd,123000000.0
Corning Inc,GLW,549300X2937PB0CJ7I56,0000024741,2017.0,Q2,2017-04-01,2017-06-30,,,netchangeincash,Net Change in Cash & Equivalents,=,debit,usd,-655000000.0
Corning Inc,GLW,549300X2937PB0CJ7I56,0000024741,2017.0,Q3,2017-07-01,2017-09-30,,netincomecontinuing,netincome,Consolidated Net Income / (Loss),+,credit,usd,390000000.0
Corning Inc,GLW,549300X2937PB0CJ7I56,0000024741,2017.0,Q3,2017-07-01,2017-09-30,,netcashfromcontinuingoperatingactivities,netincomecontinuing,Net Income / (Loss) Continuing Operations,+,credit,usd,390000000.0
Corning Inc,GLW,549300X2937PB0CJ7I56,0000024741,2017.0,Q3,2017-07-01,2017-09-30,,netcashfromcontinuingoperatingactivities,depreciationexpense,Depreciation Expense,+,debit,usd,276000000.0
Corning Inc,GLW,549300X2937PB0CJ7I56,0000024741,2017.0,Q3,2017-07-01,2017-09-30,,netcashfromcontinuingoperatingactivities,amortizationexpense,Amortization Expense,+,debit,usd,18000000.0
Corning Inc,GLW,549300X2937PB0CJ7I56,0000024741,2017.0,Q3,2017-07-01,2017-09-30,,netcashfromcontinuingoperatingactivities,noncashadjustmentstonetincome,Non-Cash Adjustments To Reconcile Net Income,+,debit,usd,-93000000.0
Corning Inc,GLW,549300X2937PB0CJ7I56,0000024741,2017.0,Q3,2017-07-01,2017-09-30,,netcashfromcontinuingoperatingactivities,increasedecreaseinoperatingcapital,"Changes in Operating Assets and Liabilities, net",+,debit,usd,54000000.0
Corning Inc,GLW,549300X2937PB0CJ7I56,0000024741,2017.0,Q3,2017-07-01,2017-09-30,,netcashfromoperatingactivities,netcashfromcontinuingoperatingactivities,Net Cash From Continuing Operating Activities,+,debit,usd,645000000.0
Corning Inc,GLW,549300X2937PB0CJ7I56,0000024741,2017.0,Q3,2017-07-01,2017-09-30,,netchangeincash,netcashfromoperatingactivities,Net Cash From Operating Activities,+,debit,usd,645000000.0
Corning Inc,GLW,549300X2937PB0CJ7I56,0000024741,2017.0,Q3,2017-07-01,2017-09-30,,netcashfromcontinuinginvestingactivities,purchaseofplantpropertyandequipment,"Purchase of Property, Plant & Equipment",+,debit,usd,-486000000.0
Corning Inc,GLW,549300X2937PB0CJ7I56,0000024741,2017.0,Q3,2017-07-01,2017-09-30,,netcashfromcontinuinginvestingactivities,acquisitions,Acquisitions,+,debit,usd,-133000000.0
Corning Inc,GLW,549300X2937PB0CJ7I56,0000024741,2017.0,Q3,2017-07-01,2017-09-30,,netcashfromcontinuinginvestingactivities,saleofinvestments,Sale and/or Maturity of Investments,+,debit,usd,21000000.0
Corning Inc,GLW,549300X2937PB0CJ7I56,0000024741,2017.0,Q3,2017-07-01,2017-09-30,,netcashfromcontinuinginvestingactivities,otherinvestingactivitiesnet,"Other Investing Activities, net",+,debit,usd,14000000.0
Corning Inc,GLW,549300X2937PB0CJ7I56,0000024741,2017.0,Q3,2017-07-01,2017-09-30,,netcashfrominvestingactivities,netcashfromcontinuinginvestingactivities,Net Cash From Continuing Investing Activities,+,debit,usd,-584000000.0
Corning Inc,GLW,549300X2937PB0CJ7I56,0000024741,2017.0,Q3,2017-07-01,2017-09-30,,netchangeincash,netcashfrominvestingactivities,Net Cash From Investing Activities,+,debit,usd,-584000000.0
Corning Inc,GLW,549300X2937PB0CJ7I56,0000024741,2017.0,Q3,2017-07-01,2017-09-30,,netcashfromcontinuingfinancingactivities,repurchaseofcommonequity,Repurchase of Common Equity,+,debit,usd,-1019000000.0
Corning Inc,GLW,549300X2937PB0CJ7I56,0000024741,2017.0,Q3,2017-07-01,2017-09-30,,netcashfromcontinuingfinancingactivities,paymentofdividends,Payment of Dividends,+,debit,usd,-160000000.0
Corning Inc,GLW,549300X2937PB0CJ7I56,0000024741,2017.0,Q3,2017-07-01,2017-09-30,,netcashfromcontinuingfinancingactivities,issuanceofdebt,Issuance of Debt,+,debit,usd,702000000.0
Corning Inc,GLW,549300X2937PB0CJ7I56,0000024741,2017.0,Q3,2017-07-01,2017-09-30,,netcashfromcontinuingfinancingactivities,otherfinancingactivitiesnet,"Other Financing Activities, net",+,debit,usd,20000000.0
Corning Inc,GLW,549300X2937PB0CJ7I56,0000024741,2017.0,Q3,2017-07-01,2017-09-30,,netcashfromfinancingactivities,netcashfromcontinuingfinancingactivities,Net Cash From Continuing Financing Activities,+,debit,usd,-457000000.0
Corning Inc,GLW,549300X2937PB0CJ7I56,0000024741,2017.0,Q3,2017-07-01,2017-09-30,,netchangeincash,netcashfromfinancingactivities,Net Cash From Financing Activities,+,debit,usd,-457000000.0
Corning Inc,GLW,549300X2937PB0CJ7I56,0000024741,2017.0,Q3,2017-07-01,2017-09-30,,netchangeincash,effectofexchangeratechanges,Effect of Exchange Rate Changes,+,debit,usd,72000000.0
Corning Inc,GLW,549300X2937PB0CJ7I56,0000024741,2017.0,Q3,2017-07-01,2017-09-30,,,netchangeincash,Net Change in Cash & Equivalents,=,debit,usd,-324000000.0
Corning Inc,GLW,549300X2937PB0CJ7I56,0000024741,2017.0,Q4,2017-10-01,2017-12-31,,netincomecontinuing,netincome,Consolidated Net Income / (Loss),+,credit,usd,-1412000000.0
Corning Inc,GLW,549300X2937PB0CJ7I56,0000024741,2017.0,Q4,2017-10-01,2017-12-31,,netcashfromcontinuingoperatingactivities,netincomecontinuing,Net Income / (Loss) Continuing Operations,+,credit,usd,-1412000000.0
Corning Inc,GLW,549300X2937PB0CJ7I56,0000024741,2017.0,Q4,2017-10-01,2017-12-31,,netcashfromcontinuingoperatingactivities,depreciationexpense,Depreciation Expense,+,debit,usd,284000000.0
Corning Inc,GLW,549300X2937PB0CJ7I56,0000024741,2017.0,Q4,2017-10-01,2017-12-31,,netcashfromcontinuingoperatingactivities,amortizationexpense,Amortization Expense,+,debit,usd,22000000.0
Corning Inc,GLW,549300X2937PB0CJ7I56,0000024741,2017.0,Q4,2017-10-01,2017-12-31,,netcashfromcontinuingoperatingactivities,noncashadjustmentstonetincome,Non-Cash Adjustments To Reconcile Net Income,+,debit,usd,-10000000.0
Corning Inc,GLW,549300X2937PB0CJ7I56,0000024741,2017.0,Q4,2017-10-01,2017-12-31,,netcashfromcontinuingoperatingactivities,increasedecreaseinoperatingcapital,"Changes in Operating Assets and Liabilities, net",+,debit,usd,2004000000.0
Corning Inc,GLW,549300X2937PB0CJ7I56,0000024741,2017.0,Q4,2017-10-01,2017-12-31,,netcashfromoperatingactivities,netcashfromcontinuingoperatingactivities,Net Cash From Continuing Operating Activities,+,debit,usd,888000000.0
Corning Inc,GLW,549300X2937PB0CJ7I56,0000024741,2017.0,Q4,2017-10-01,2017-12-31,,netchangeincash,netcashfromoperatingactivities,Net Cash From Operating Activities,+,debit,usd,888000000.0
Corning Inc,GLW,549300X2937PB0CJ7I56,0000024741,2017.0,Q4,2017-10-01,2017-12-31,,netcashfromcontinuinginvestingactivities,purchaseofplantpropertyandequipment,"Purchase of Property, Plant & Equipment",+,debit,usd,-557000000.0
Corning Inc,GLW,549300X2937PB0CJ7I56,0000024741,2017.0,Q4,2017-10-01,2017-12-31,,netcashfromcontinuinginvestingactivities,saleofinvestments,Sale and/or Maturity of Investments,+,debit,usd,71000000.0
Corning Inc,GLW,549300X2937PB0CJ7I56,0000024741,2017.0,Q4,2017-10-01,2017-12-31,,netcashfromcontinuinginvestingactivities,otherinvestingactivitiesnet,"Other Investing Activities, net",+,debit,usd,-6000000.0
Corning Inc,GLW,549300X2937PB0CJ7I56,0000024741,2017.0,Q4,2017-10-01,2017-12-31,,netcashfrominvestingactivities,netcashfromcontinuinginvestingactivities,Net Cash From Continuing Investing Activities,+,debit,usd,-492000000.0
Corning Inc,GLW,549300X2937PB0CJ7I56,0000024741,2017.0,Q4,2017-10-01,2017-12-31,,netchangeincash,netcashfrominvestingactivities,Net Cash From Investing Activities,+,debit,usd,-492000000.0
Corning Inc,GLW,549300X2937PB0CJ7I56,0000024741,2017.0,Q4,2017-10-01,2017-12-31,,netcashfromcontinuingfinancingactivities,repaymentofdebt,Repayment of Debt,+,debit,usd,-274000000.0
Corning Inc,GLW,549300X2937PB0CJ7I56,0000024741,2017.0,Q4,2017-10-01,2017-12-31,,netcashfromcontinuingfinancingactivities,repurchaseofcommonequity,Repurchase of Common Equity,+,debit,usd,-388000000.0
Corning Inc,GLW,549300X2937PB0CJ7I56,0000024741,2017.0,Q4,2017-10-01,2017-12-31,,netcashfromcontinuingfinancingactivities,paymentofdividends,Payment of Dividends,+,debit,usd,-158000000.0
Corning Inc,GLW,549300X2937PB0CJ7I56,0000024741,2017.0,Q4,2017-10-01,2017-12-31,,netcashfromcontinuingfinancingactivities,issuanceofdebt,Issuance of Debt,+,debit,usd,743000000.0
Corning Inc,GLW,549300X2937PB0CJ7I56,0000024741,2017.0,Q4,2017-10-01,2017-12-31,,netcashfromcontinuingfinancingactivities,otherfinancingactivitiesnet,"Other Financing Activities, net",+,debit,usd,48000000.0
Corning Inc,GLW,549300X2937PB0CJ7I56,0000024741,2017.0,Q4,2017-10-01,2017-12-31,,netcashfromfinancingactivities,netcashfromcontinuingfinancingactivities,Net Cash From Continuing Financing Activities,+,debit,usd,-29000000.0
Corning Inc,GLW,549300X2937PB0CJ7I56,0000024741,2017.0,Q4,2017-10-01,2017-12-31,,netchangeincash,netcashfromfinancingactivities,Net Cash From Financing Activities,+,debit,usd,-29000000.0
Corning Inc,GLW,549300X2937PB0CJ7I56,0000024741,2017.0,Q4,2017-10-01,2017-12-31,,netchangeincash,effectofexchangeratechanges,Effect of Exchange Rate Changes,+,debit,usd,-271000000.0
Corning Inc,GLW,549300X2937PB0CJ7I56,0000024741,2017.0,Q4,2017-10-01,2017-12-31,,netchangeincash,othernetchangesincash,Other Net Changes in Cash,+,debit,usd,356000000.0
Corning Inc,GLW,549300X2937PB0CJ7I56,0000024741,2017.0,Q4,2017-10-01,2017-12-31,,,netchangeincash,Net Change in Cash & Equivalents,=,debit,usd,452000000.0
Corning Inc,GLW,549300X2937PB0CJ7I56,0000024741,2018.0,Q1,2018-01-01,2018-03-31,2019-05-03 12:36:20+00:00,netincomecontinuing,netincome,Consolidated Net Income / (Loss),+,credit,usd,-589000000.0
Corning Inc,GLW,549300X2937PB0CJ7I56,0000024741,2018.0,Q1,2018-01-01,2018-03-31,2019-05-03 12:36:20+00:00,netcashfromcontinuingoperatingactivities,netincomecontinuing,Net Income / (Loss) Continuing Operations,+,credit,usd,-589000000.0
Corning Inc,GLW,549300X2937PB0CJ7I56,0000024741,2018.0,Q1,2018-01-01,2018-03-31,2019-05-03 12:36:20+00:00,netcashfromcontinuingoperatingactivities,depreciationexpense,Depreciation Expense,+,debit,usd,304000000.0
Corning Inc,GLW,549300X2937PB0CJ7I56,0000024741,2018.0,Q1,2018-01-01,2018-03-31,2019-05-03 12:36:20+00:00,netcashfromcontinuingoperatingactivities,amortizationexpense,Amortization Expense,+,debit,usd,19000000.0
Corning Inc,GLW,549300X2937PB0CJ7I56,0000024741,2018.0,Q1,2018-01-01,2018-03-31,2019-05-03 12:36:20+00:00,netcashfromcontinuingoperatingactivities,noncashadjustmentstonetincome,Non-Cash Adjustments To Reconcile Net Income,+,debit,usd,796000000.0
Corning Inc,GLW,549300X2937PB0CJ7I56,0000024741,2018.0,Q1,2018-01-01,2018-03-31,2019-05-03 12:36:20+00:00,netcashfromcontinuingoperatingactivities,increasedecreaseinoperatingcapital,"Changes in Operating Assets and Liabilities, net",+,debit,usd,-210000000.0
Corning Inc,GLW,549300X2937PB0CJ7I56,0000024741,2018.0,Q1,2018-01-01,2018-03-31,2019-05-03 12:36:20+00:00,netcashfromoperatingactivities,netcashfromcontinuingoperatingactivities,Net Cash From Continuing Operating Activities,+,debit,usd,320000000.0
Corning Inc,GLW,549300X2937PB0CJ7I56,0000024741,2018.0,Q1,2018-01-01,2018-03-31,2019-05-03 12:36:20+00:00,netchangeincash,netcashfromoperatingactivities,Net Cash From Operating Activities,+,debit,usd,320000000.0
Corning Inc,GLW,549300X2937PB0CJ7I56,0000024741,2018.0,Q1,2018-01-01,2018-03-31,2019-05-03 12:36:20+00:00,netcashfromcontinuinginvestingactivities,purchaseofplantpropertyandequipment,"Purchase of Property, Plant & Equipment",+,debit,usd,-655000000.0
Corning Inc,GLW,549300X2937PB0CJ7I56,0000024741,2018.0,Q1,2018-01-01,2018-03-31,2019-05-03 12:36:20+00:00,netcashfromcontinuinginvestingactivities,saleofinvestments,Sale and/or Maturity of Investments,+,debit,usd,13000000.0
Corning Inc,GLW,549300X2937PB0CJ7I56,0000024741,2018.0,Q1,2018-01-01,2018-03-31,2019-05-03 12:36:20+00:00,netcashfromcontinuinginvestingactivities,otherinvestingactivitiesnet,"Other Investing Activities, net",+,debit,usd,-2000000.0
Corning Inc,GLW,549300X2937PB0CJ7I56,0000024741,2018.0,Q1,2018-01-01,2018-03-31,2019-05-03 12:36:20+00:00,netcashfrominvestingactivities,netcashfromcontinuinginvestingactivities,Net Cash From Continuing Investing Activities,+,debit,usd,-644000000.0
Corning Inc,GLW,549300X2937PB0CJ7I56,0000024741,2018.0,Q1,2018-01-01,2018-03-31,2019-05-03 12:36:20+00:00,netchangeincash,netcashfrominvestingactivities,Net Cash From Investing Activities,+,debit,usd,-644000000.0
Corning Inc,GLW,549300X2937PB0CJ7I56,0000024741,2018.0,Q1,2018-01-01,2018-03-31,2019-05-03 12:36:20+00:00,netcashfromcontinuingfinancingactivities,repaymentofdebt,Repayment of Debt,+,debit,usd,-3000000.0
Corning Inc,GLW,549300X2937PB0CJ7I56,0000024741,2018.0,Q1,2018-01-01,2018-03-31,2019-05-03 12:36:20+00:00,netcashfromcontinuingfinancingactivities,repurchaseofcommonequity,Repurchase of Common Equity,+,debit,usd,-800000000.0
Corning Inc,GLW,549300X2937PB0CJ7I56,0000024741,2018.0,Q1,2018-01-01,2018-03-31,2019-05-03 12:36:20+00:00,netcashfromcontinuingfinancingactivities,paymentofdividends,Payment of Dividends,+,debit,usd,-177000000.0
Corning Inc,GLW,549300X2937PB0CJ7I56,0000024741,2018.0,Q1,2018-01-01,2018-03-31,2019-05-03 12:36:20+00:00,netcashfromcontinuingfinancingactivities,otherfinancingactivitiesnet,"Other Financing Activities, net",+,debit,usd,21000000.0
Corning Inc,GLW,549300X2937PB0CJ7I56,0000024741,2018.0,Q1,2018-01-01,2018-03-31,2019-05-03 12:36:20+00:00,netcashfromfinancingactivities,netcashfromcontinuingfinancingactivities,Net Cash From Continuing Financing Activities,+,debit,usd,-959000000.0
Corning Inc,GLW,549300X2937PB0CJ7I56,0000024741,2018.0,Q1,2018-01-01,2018-03-31,2019-05-03 12:36:20+00:00,netchangeincash,netcashfromfinancingactivities,Net Cash From Financing Activities,+,debit,usd,-959000000.0
Corning Inc,GLW,549300X2937PB0CJ7I56,0000024741,2018.0,Q1,2018-01-01,2018-03-31,2019-05-03 12:36:20+00:00,netchangeincash,othernetchangesincash,Other Net Changes in Cash,+,debit,usd,62000000.0
Corning Inc,GLW,549300X2937PB0CJ7I56,0000024741,2018.0,Q1,2018-01-01,2018-03-31,2019-05-03 12:36:20+00:00,,netchangeincash,Net Change in Cash & Equivalents,=,debit,usd,-1221000000.0
Corning Inc,GLW,549300X2937PB0CJ7I56,0000024741,2018.0,Q2,2018-04-01,2018-06-30,,netincomecontinuing,netincome,Consolidated Net Income / (Loss),+,credit,usd,738000000.0
Corning Inc,GLW,549300X2937PB0CJ7I56,0000024741,2018.0,Q2,2018-04-01,2018-06-30,,netcashfromcontinuingoperatingactivities,netincomecontinuing,Net Income / (Loss) Continuing Operations,+,credit,usd,738000000.0
Corning Inc,GLW,549300X2937PB0CJ7I56,0000024741,2018.0,Q2,2018-04-01,2018-06-30,,netcashfromcontinuingoperatingactivities,depreciationexpense,Depreciation Expense,+,debit,usd,300000000.0
Corning Inc,GLW,549300X2937PB0CJ7I56,0000024741,2018.0,Q2,2018-04-01,2018-06-30,,netcashfromcontinuingoperatingactivities,amortizationexpense,Amortization Expense,+,debit,usd,22000000.0
Corning Inc,GLW,549300X2937PB0CJ7I56,0000024741,2018.0,Q2,2018-04-01,2018-06-30,,netcashfromcontinuingoperatingactivities,noncashadjustmentstonetincome,Non-Cash Adjustments To Reconcile Net Income,+,debit,usd,-88000000.0
Corning Inc,GLW,549300X2937PB0CJ7I56,0000024741,2018.0,Q2,2018-04-01,2018-06-30,,netcashfromcontinuingoperatingactivities,increasedecreaseinoperatingcapital,"Changes in Operating Assets and Liabilities, net",+,debit,usd,-257000000.0
Corning Inc,GLW,549300X2937PB0CJ7I56,0000024741,2018.0,Q2,2018-04-01,2018-06-30,,netcashfromoperatingactivities,netcashfromcontinuingoperatingactivities,Net Cash From Continuing Operating Activities,+,debit,usd,715000000.0
Corning Inc,GLW,549300X2937PB0CJ7I56,0000024741,2018.0,Q2,2018-04-01,2018-06-30,,netchangeincash,netcashfromoperatingactivities,Net Cash From Operating Activities,+,debit,usd,715000000.0
Corning Inc,GLW,549300X2937PB0CJ7I56,0000024741,2018.0,Q2,2018-04-01,2018-06-30,,netcashfromcontinuinginvestingactivities,purchaseofplantpropertyandequipment,"Purchase of Property, Plant & Equipment",+,debit,usd,-522000000.0
Corning Inc,GLW,549300X2937PB0CJ7I56,0000024741,2018.0,Q2,2018-04-01,2018-06-30,,netcashfromcontinuinginvestingactivities,acquisitions,Acquisitions,+,debit,usd,-794000000.0
Corning Inc,GLW,549300X2937PB0CJ7I56,0000024741,2018.0,Q2,2018-04-01,2018-06-30,,netcashfromcontinuinginvestingactivities,saleofinvestments,Sale and/or Maturity of Investments,+,debit,usd,23000000.0
Corning Inc,GLW,549300X2937PB0CJ7I56,0000024741,2018.0,Q2,2018-04-01,2018-06-30,,netcashfromcontinuinginvestingactivities,otherinvestingactivitiesnet,"Other Investing Activities, net",+,debit,usd,182000000.0
Corning Inc,GLW,549300X2937PB0CJ7I56,0000024741,2018.0,Q2,2018-04-01,2018-06-30,,netcashfrominvestingactivities,netcashfromcontinuinginvestingactivities,Net Cash From Continuing Investing Activities,+,debit,usd,-1111000000.0
Corning Inc,GLW,549300X2937PB0CJ7I56,0000024741,2018.0,Q2,2018-04-01,2018-06-30,,netchangeincash,netcashfrominvestingactivities,Net Cash From Investing Activities,+,debit,usd,-1111000000.0
Corning Inc,GLW,549300X2937PB0CJ7I56,0000024741,2018.0,Q2,2018-04-01,2018-06-30,,netcashfromcontinuingfinancingactivities,repaymentofdebt,Repayment of Debt,+,debit,usd,-383000000.0
Corning Inc,GLW,549300X2937PB0CJ7I56,0000024741,2018.0,Q2,2018-04-01,2018-06-30,,netcashfromcontinuingfinancingactivities,repurchaseofcommonequity,Repurchase of Common Equity,+,debit,usd,-683000000.0
Corning Inc,GLW,549300X2937PB0CJ7I56,0000024741,2018.0,Q2,2018-04-01,2018-06-30,,netcashfromcontinuingfinancingactivities,paymentofdividends,Payment of Dividends,+,debit,usd,-171000000.0
Corning Inc,GLW,549300X2937PB0CJ7I56,0000024741,2018.0,Q2,2018-04-01,2018-06-30,,netcashfromcontinuingfinancingactivities,issuanceofdebt,Issuance of Debt,+,debit,usd,596000000.0
Corning Inc,GLW,549300X2937PB0CJ7I56,0000024741,2018.0,Q2,2018-04-01,2018-06-30,,netcashfromcontinuingfinancingactivities,otherfinancingactivitiesnet,"Other Financing Activities, net",+,debit,usd,22000000.0
Corning Inc,GLW,549300X2937PB0CJ7I56,0000024741,2018.0,Q2,2018-04-01,2018-06-30,,netcashfromfinancingactivities,netcashfromcontinuingfinancingactivities,Net Cash From Continuing Financing Activities,+,debit,usd,-619000000.0
Corning Inc,GLW,549300X2937PB0CJ7I56,0000024741,2018.0,Q2,2018-04-01,2018-06-30,,netchangeincash,netcashfromfinancingactivities,Net Cash From Financing Activities,+,debit,usd,-619000000.0
Corning Inc,GLW,549300X2937PB0CJ7I56,0000024741,2018.0,Q2,2018-04-01,2018-06-30,,netchangeincash,othernetchangesincash,Other Net Changes in Cash,+,debit,usd,-58000000.0
Corning Inc,GLW,549300X2937PB0CJ7I56,0000024741,2018.0,Q2,2018-04-01,2018-06-30,,,netchangeincash,Net Change in Cash & Equivalents,=,debit,usd,-1073000000.0
Corning Inc,GLW,549300X2937PB0CJ7I56,0000024741,2018.0,Q3,2018-07-01,2018-09-30,,netincomecontinuing,netincome,Consolidated Net Income / (Loss),+,credit,usd,625000000.0
Corning Inc,GLW,549300X2937PB0CJ7I56,0000024741,2018.0,Q3,2018-07-01,2018-09-30,,netcashfromcontinuingoperatingactivities,netincomecontinuing,Net Income / (Loss) Continuing Operations,+,credit,usd,625000000.0
Corning Inc,GLW,549300X2937PB0CJ7I56,0000024741,2018.0,Q3,2018-07-01,2018-09-30,,netcashfromcontinuingoperatingactivities,depreciationexpense,Depreciation Expense,+,debit,usd,291000000.0
Corning Inc,GLW,549300X2937PB0CJ7I56,0000024741,2018.0,Q3,2018-07-01,2018-09-30,,netcashfromcontinuingoperatingactivities,amortizationexpense,Amortization Expense,+,debit,usd,27000000.0
Corning Inc,GLW,549300X2937PB0CJ7I56,0000024741,2018.0,Q3,2018-07-01,2018-09-30,,netcashfromcontinuingoperatingactivities,noncashadjustmentstonetincome,Non-Cash Adjustments To Reconcile Net Income,+,debit,usd,-27000000.0
Corning Inc,GLW,549300X2937PB0CJ7I56,0000024741,2018.0,Q3,2018-07-01,2018-09-30,,netcashfromcontinuingoperatingactivities,increasedecreaseinoperatingcapital,"Changes in Operating Assets and Liabilities, net",+,debit,usd,27000000.0
Corning Inc,GLW,549300X2937PB0CJ7I56,0000024741,2018.0,Q3,2018-07-01,2018-09-30,,netcashfromoperatingactivities,netcashfromcontinuingoperatingactivities,Net Cash From Continuing Operating Activities,+,debit,usd,943000000.0
Corning Inc,GLW,549300X2937PB0CJ7I56,0000024741,2018.0,Q3,2018-07-01,2018-09-30,,netchangeincash,netcashfromoperatingactivities,Net Cash From Operating Activities,+,debit,usd,943000000.0
Corning Inc,GLW,549300X2937PB0CJ7I56,0000024741,2018.0,Q3,2018-07-01,2018-09-30,,netcashfromcontinuinginvestingactivities,purchaseofplantpropertyandequipment,"Purchase of Property, Plant & Equipment",+,debit,usd,-515000000.0
Corning Inc,GLW,549300X2937PB0CJ7I56,0000024741,2018.0,Q3,2018-07-01,2018-09-30,,netcashfromcontinuinginvestingactivities,acquisitions,Acquisitions,+,debit,usd,-10000000.0
Corning Inc,GLW,549300X2937PB0CJ7I56,0000024741,2018.0,Q3,2018-07-01,2018-09-30,,netcashfromcontinuinginvestingactivities,saleofinvestments,Sale and/or Maturity of Investments,+,debit,usd,26000000.0
Corning Inc,GLW,549300X2937PB0CJ7I56,0000024741,2018.0,Q3,2018-07-01,2018-09-30,,netcashfromcontinuinginvestingactivities,otherinvestingactivitiesnet,"Other Investing Activities, net",+,debit,usd,-12000000.0
Corning Inc,GLW,549300X2937PB0CJ7I56,0000024741,2018.0,Q3,2018-07-01,2018-09-30,,netcashfrominvestingactivities,netcashfromcontinuinginvestingactivities,Net Cash From Continuing Investing Activities,+,debit,usd,-511000000.0
Corning Inc,GLW,549300X2937PB0CJ7I56,0000024741,2018.0,Q3,2018-07-01,2018-09-30,,netchangeincash,netcashfrominvestingactivities,Net Cash From Investing Activities,+,debit,usd,-511000000.0
Corning Inc,GLW,549300X2937PB0CJ7I56,0000024741,2018.0,Q3,2018-07-01,2018-09-30,,netcashfromcontinuingfinancingactivities,repaymentofdebt,Repayment of Debt,+,debit,usd,-3000000.0
Corning Inc,GLW,549300X2937PB0CJ7I56,0000024741,2018.0,Q3,2018-07-01,2018-09-30,,netcashfromcontinuingfinancingactivities,repurchaseofcommonequity,Repurchase of Common Equity,+,debit,usd,-397000000.0
Corning Inc,GLW,549300X2937PB0CJ7I56,0000024741,2018.0,Q3,2018-07-01,2018-09-30,,netcashfromcontinuingfinancingactivities,paymentofdividends,Payment of Dividends,+,debit,usd,-169000000.0
Corning Inc,GLW,549300X2937PB0CJ7I56,0000024741,2018.0,Q3,2018-07-01,2018-09-30,,netcashfromcontinuingfinancingactivities,otherfinancingactivitiesnet,"Other Financing Activities, net",+,debit,usd,31000000.0
Corning Inc,GLW,549300X2937PB0CJ7I56,0000024741,2018.0,Q3,2018-07-01,2018-09-30,,netcashfromfinancingactivities,netcashfromcontinuingfinancingactivities,Net Cash From Continuing Financing Activities,+,debit,usd,-538000000.0
Corning Inc,GLW,549300X2937PB0CJ7I56,0000024741,2018.0,Q3,2018-07-01,2018-09-30,,netchangeincash,netcashfromfinancingactivities,Net Cash From Financing Activities,+,debit,usd,-538000000.0
Corning Inc,GLW,549300X2937PB0CJ7I56,0000024741,2018.0,Q3,2018-07-01,2018-09-30,,netchangeincash,othernetchangesincash,Other Net Changes in Cash,+,debit,usd,-14000000.0
Corning Inc,GLW,549300X2937PB0CJ7I56,0000024741,2018.0,Q3,2018-07-01,2018-09-30,,,netchangeincash,Net Change in Cash & Equivalents,=,debit,usd,-120000000.0
Corning Inc,GLW,549300X2937PB0CJ7I56,0000024741,2018.0,Q4,2018-10-01,2018-12-31,,netincomecontinuing,netincome,Consolidated Net Income / (Loss),+,credit,usd,292000000.0
Corning Inc,GLW,549300X2937PB0CJ7I56,0000024741,2018.0,Q4,2018-10-01,2018-12-31,,netcashfromcontinuingoperatingactivities,netincomecontinuing,Net Income / (Loss) Continuing Operations,+,credit,usd,292000000.0
Corning Inc,GLW,549300X2937PB0CJ7I56,0000024741,2018.0,Q4,2018-10-01,2018-12-31,,netcashfromcontinuingoperatingactivities,depreciationexpense,Depreciation Expense,+,debit,usd,304000000.0
Corning Inc,GLW,549300X2937PB0CJ7I56,0000024741,2018.0,Q4,2018-10-01,2018-12-31,,netcashfromcontinuingoperatingactivities,amortizationexpense,Amortization Expense,+,debit,usd,26000000.0
Corning Inc,GLW,549300X2937PB0CJ7I56,0000024741,2018.0,Q4,2018-10-01,2018-12-31,,netcashfromcontinuingoperatingactivities,noncashadjustmentstonetincome,Non-Cash Adjustments To Reconcile Net Income,+,debit,usd,16000000.0
Corning Inc,GLW,549300X2937PB0CJ7I56,0000024741,2018.0,Q4,2018-10-01,2018-12-31,,netcashfromcontinuingoperatingactivities,increasedecreaseinoperatingcapital,"Changes in Operating Assets and Liabilities, net",+,debit,usd,303000000.0
Corning Inc,GLW,549300X2937PB0CJ7I56,0000024741,2018.0,Q4,2018-10-01,2018-12-31,,netcashfromoperatingactivities,netcashfromcontinuingoperatingactivities,Net Cash From Continuing Operating Activities,+,debit,usd,941000000.0
Corning Inc,GLW,549300X2937PB0CJ7I56,0000024741,2018.0,Q4,2018-10-01,2018-12-31,,netchangeincash,netcashfromoperatingactivities,Net Cash From Operating Activities,+,debit,usd,941000000.0
Corning Inc,GLW,549300X2937PB0CJ7I56,0000024741,2018.0,Q4,2018-10-01,2018-12-31,,netcashfromcontinuinginvestingactivities,purchaseofplantpropertyandequipment,"Purchase of Property, Plant & Equipment",+,debit,usd,-618000000.0
Corning Inc,GLW,549300X2937PB0CJ7I56,0000024741,2018.0,Q4,2018-10-01,2018-12-31,,netcashfromcontinuinginvestingactivities,acquisitions,Acquisitions,+,debit,usd,-38000000.0
Corning Inc,GLW,549300X2937PB0CJ7I56,0000024741,2018.0,Q4,2018-10-01,2018-12-31,,netcashfromcontinuinginvestingactivities,saleofinvestments,Sale and/or Maturity of Investments,+,debit,usd,46000000.0
Corning Inc,GLW,549300X2937PB0CJ7I56,0000024741,2018.0,Q4,2018-10-01,2018-12-31,,netcashfromcontinuinginvestingactivities,otherinvestingactivitiesnet,"Other Investing Activities, net",+,debit,usd,-11000000.0
Corning Inc,GLW,549300X2937PB0CJ7I56,0000024741,2018.0,Q4,2018-10-01,2018-12-31,,netcashfrominvestingactivities,netcashfromcontinuinginvestingactivities,Net Cash From Continuing Investing Activities,+,debit,usd,-621000000.0
Corning Inc,GLW,549300X2937PB0CJ7I56,0000024741,2018.0,Q4,2018-10-01,2018-12-31,,netchangeincash,netcashfrominvestingactivities,Net Cash From Investing Activities,+,debit,usd,-621000000.0
Corning Inc,GLW,549300X2937PB0CJ7I56,0000024741,2018.0,Q4,2018-10-01,2018-12-31,,netcashfromcontinuingfinancingactivities,repaymentofdebt,Repayment of Debt,+,debit,usd,-260000000.0
Corning Inc,GLW,549300X2937PB0CJ7I56,0000024741,2018.0,Q4,2018-10-01,2018-12-31,,netcashfromcontinuingfinancingactivities,repurchaseofcommonequity,Repurchase of Common Equity,+,debit,usd,-347000000.0
Corning Inc,GLW,549300X2937PB0CJ7I56,0000024741,2018.0,Q4,2018-10-01,2018-12-31,,netcashfromcontinuingfinancingactivities,paymentofdividends,Payment of Dividends,+,debit,usd,-168000000.0
Corning Inc,GLW,549300X2937PB0CJ7I56,0000024741,2018.0,Q4,2018-10-01,2018-12-31,,netcashfromcontinuingfinancingactivities,issuanceofdebt,Issuance of Debt,+,debit,usd,889000000.0
Corning Inc,GLW,549300X2937PB0CJ7I56,0000024741,2018.0,Q4,2018-10-01,2018-12-31,,netcashfromcontinuingfinancingactivities,otherfinancingactivitiesnet,"Other Financing Activities, net",+,debit,usd,7000000.0
Corning Inc,GLW,549300X2937PB0CJ7I56,0000024741,2018.0,Q4,2018-10-01,2018-12-31,,netcashfromfinancingactivities,netcashfromcontinuingfinancingactivities,Net Cash From Continuing Financing Activities,+,debit,usd,121000000.0
Corning Inc,GLW,549300X2937PB0CJ7I56,0000024741,2018.0,Q4,2018-10-01,2018-12-31,,netchangeincash,netcashfromfinancingactivities,Net Cash From Financing Activities,+,debit,usd,121000000.0
Corning Inc,GLW,549300X2937PB0CJ7I56,0000024741,2018.0,Q4,2018-10-01,2018-12-31,,netchangeincash,othernetchangesincash,Other Net Changes in Cash,+,debit,usd,11000000.0
Corning Inc,GLW,549300X2937PB0CJ7I56,0000024741,2018.0,Q4,2018-10-01,2018-12-31,,,netchangeincash,Net Change in Cash & Equivalents,=,debit,usd,452000000.0
Corning Inc,GLW,549300X2937PB0CJ7I56,0000024741,2019.0,Q1,2019-01-01,2019-03-31,2020-05-05 16:42:29+00:00,netincomecontinuing,netincome,Consolidated Net Income / (Loss),+,credit,usd,499000000.0
Corning Inc,GLW,549300X2937PB0CJ7I56,0000024741,2019.0,Q1,2019-01-01,2019-03-31,2020-05-05 16:42:29+00:00,netcashfromcontinuingoperatingactivities,netincomecontinuing,Net Income / (Loss) Continuing Operations,+,credit,usd,499000000.0
Corning Inc,GLW,549300X2937PB0CJ7I56,0000024741,2019.0,Q1,2019-01-01,2019-03-31,2020-05-05 16:42:29+00:00,netcashfromcontinuingoperatingactivities,depreciationexpense,Depreciation Expense,+,debit,usd,306000000.0
Corning Inc,GLW,549300X2937PB0CJ7I56,0000024741,2019.0,Q1,2019-01-01,2019-03-31,2020-05-05 16:42:29+00:00,netcashfromcontinuingoperatingactivities,amortizationexpense,Amortization Expense,+,debit,usd,29000000.0
Corning Inc,GLW,549300X2937PB0CJ7I56,0000024741,2019.0,Q1,2019-01-01,2019-03-31,2020-05-05 16:42:29+00:00,netcashfromcontinuingoperatingactivities,noncashadjustmentstonetincome,Non-Cash Adjustments To Reconcile Net Income,+,debit,usd,-199000000.0
Corning Inc,GLW,549300X2937PB0CJ7I56,0000024741,2019.0,Q1,2019-01-01,2019-03-31,2020-05-05 16:42:29+00:00,netcashfromcontinuingoperatingactivities,increasedecreaseinoperatingcapital,"Changes in Operating Assets and Liabilities, net",+,debit,usd,-664000000.0
Corning Inc,GLW,549300X2937PB0CJ7I56,0000024741,2019.0,Q1,2019-01-01,2019-03-31,2020-05-05 16:42:29+00:00,netcashfromoperatingactivities,netcashfromcontinuingoperatingactivities,Net Cash From Continuing Operating Activities,+,debit,usd,-29000000.0
Corning Inc,GLW,549300X2937PB0CJ7I56,0000024741,2019.0,Q1,2019-01-01,2019-03-31,2020-05-05 16:42:29+00:00,netchangeincash,netcashfromoperatingactivities,Net Cash From Operating Activities,+,debit,usd,-29000000.0
Corning Inc,GLW,549300X2937PB0CJ7I56,0000024741,2019.0,Q1,2019-01-01,2019-03-31,2020-05-05 16:42:29+00:00,netcashfromcontinuinginvestingactivities,purchaseofplantpropertyandequipment,"Purchase of Property, Plant & Equipment",+,debit,usd,-524000000.0
Corning Inc,GLW,549300X2937PB0CJ7I56,0000024741,2019.0,Q1,2019-01-01,2019-03-31,2020-05-05 16:42:29+00:00,netcashfromcontinuinginvestingactivities,saleofinvestments,Sale and/or Maturity of Investments,+,debit,usd,20000000.0
Corning Inc,GLW,549300X2937PB0CJ7I56,0000024741,2019.0,Q1,2019-01-01,2019-03-31,2020-05-05 16:42:29+00:00,netcashfromcontinuinginvestingactivities,otherinvestingactivitiesnet,"Other Investing Activities, net",+,debit,usd,21000000.0
Corning Inc,GLW,549300X2937PB0CJ7I56,0000024741,2019.0,Q1,2019-01-01,2019-03-31,2020-05-05 16:42:29+00:00,netcashfrominvestingactivities,netcashfromcontinuinginvestingactivities,Net Cash From Continuing Investing Activities,+,debit,usd,-483000000.0
Corning Inc,GLW,549300X2937PB0CJ7I56,0000024741,2019.0,Q1,2019-01-01,2019-03-31,2020-05-05 16:42:29+00:00,netchangeincash,netcashfrominvestingactivities,Net Cash From Investing Activities,+,debit,usd,-483000000.0
Corning Inc,GLW,549300X2937PB0CJ7I56,0000024741,2019.0,Q1,2019-01-01,2019-03-31,2020-05-05 16:42:29+00:00,netcashfromcontinuingfinancingactivities,repurchaseofcommonequity,Repurchase of Common Equity,+,debit,usd,-257000000.0
Corning Inc,GLW,549300X2937PB0CJ7I56,0000024741,2019.0,Q1,2019-01-01,2019-03-31,2020-05-05 16:42:29+00:00,netcashfromcontinuingfinancingactivities,paymentofdividends,Payment of Dividends,+,debit,usd,-181000000.0
Corning Inc,GLW,549300X2937PB0CJ7I56,0000024741,2019.0,Q1,2019-01-01,2019-03-31,2020-05-05 16:42:29+00:00,netcashfromcontinuingfinancingactivities,issuanceofdebt,Issuance of Debt,+,debit,usd,45000000.0
Corning Inc,GLW,549300X2937PB0CJ7I56,0000024741,2019.0,Q1,2019-01-01,2019-03-31,2020-05-05 16:42:29+00:00,netcashfromfinancingactivities,netcashfromcontinuingfinancingactivities,Net Cash From Continuing Financing Activities,+,debit,usd,-393000000.0
Corning Inc,GLW,549300X2937PB0CJ7I56,0000024741,2019.0,Q1,2019-01-01,2019-03-31,2020-05-05 16:42:29+00:00,netchangeincash,netcashfromfinancingactivities,Net Cash From Financing Activities,+,debit,usd,-393000000.0
Corning Inc,GLW,549300X2937PB0CJ7I56,0000024741,2019.0,Q1,2019-01-01,2019-03-31,2020-05-05 16:42:29+00:00,netchangeincash,othernetchangesincash,Other Net Changes in Cash,+,debit,usd,6000000.0
Corning Inc,GLW,549300X2937PB0CJ7I56,0000024741,2019.0,Q1,2019-01-01,2019-03-31,2020-05-05 16:42:29+00:00,,netchangeincash,Net Change in Cash & Equivalents,=,debit,usd,-899000000.0
Corning Inc,GLW,549300X2937PB0CJ7I56,0000024741,2019.0,Q2,2019-04-01,2019-06-30,,netincomecontinuing,netincome,Consolidated Net Income / (Loss),+,credit,usd,92000000.0
Corning Inc,GLW,549300X2937PB0CJ7I56,0000024741,2019.0,Q2,2019-04-01,2019-06-30,,netcashfromcontinuingoperatingactivities,netincomecontinuing,Net Income / (Loss) Continuing Operations,+,credit,usd,92000000.0
Corning Inc,GLW,549300X2937PB0CJ7I56,0000024741,2019.0,Q2,2019-04-01,2019-06-30,,netcashfromcontinuingoperatingactivities,depreciationexpense,Depreciation Expense,+,debit,usd,352000000.0
Corning Inc,GLW,549300X2937PB0CJ7I56,0000024741,2019.0,Q2,2019-04-01,2019-06-30,,netcashfromcontinuingoperatingactivities,amortizationexpense,Amortization Expense,+,debit,usd,28000000.0
Corning Inc,GLW,549300X2937PB0CJ7I56,0000024741,2019.0,Q2,2019-04-01,2019-06-30,,netcashfromcontinuingoperatingactivities,noncashadjustmentstonetincome,Non-Cash Adjustments To Reconcile Net Income,+,debit,usd,100000000.0
Corning Inc,GLW,549300X2937PB0CJ7I56,0000024741,2019.0,Q2,2019-04-01,2019-06-30,,netcashfromcontinuingoperatingactivities,increasedecreaseinoperatingcapital,"Changes in Operating Assets and Liabilities, net",+,debit,usd,-419000000.0
Corning Inc,GLW,549300X2937PB0CJ7I56,0000024741,2019.0,Q2,2019-04-01,2019-06-30,,netcashfromoperatingactivities,netcashfromcontinuingoperatingactivities,Net Cash From Continuing Operating Activities,+,debit,usd,153000000.0
Corning Inc,GLW,549300X2937PB0CJ7I56,0000024741,2019.0,Q2,2019-04-01,2019-06-30,,netchangeincash,netcashfromoperatingactivities,Net Cash From Operating Activities,+,debit,usd,153000000.0
Corning Inc,GLW,549300X2937PB0CJ7I56,0000024741,2019.0,Q2,2019-04-01,2019-06-30,,netcashfromcontinuinginvestingactivities,purchaseofplantpropertyandequipment,"Purchase of Property, Plant & Equipment",+,debit,usd,-570000000.0
Corning Inc,GLW,549300X2937PB0CJ7I56,0000024741,2019.0,Q2,2019-04-01,2019-06-30,,netcashfromcontinuinginvestingactivities,saleofinvestments,Sale and/or Maturity of Investments,+,debit,usd,29000000.0
Corning Inc,GLW,549300X2937PB0CJ7I56,0000024741,2019.0,Q2,2019-04-01,2019-06-30,,netcashfromcontinuinginvestingactivities,otherinvestingactivitiesnet,"Other Investing Activities, net",+,debit,usd,-10000000.0
Corning Inc,GLW,549300X2937PB0CJ7I56,0000024741,2019.0,Q2,2019-04-01,2019-06-30,,netcashfrominvestingactivities,netcashfromcontinuinginvestingactivities,Net Cash From Continuing Investing Activities,+,debit,usd,-551000000.0
Corning Inc,GLW,549300X2937PB0CJ7I56,0000024741,2019.0,Q2,2019-04-01,2019-06-30,,netchangeincash,netcashfrominvestingactivities,Net Cash From Investing Activities,+,debit,usd,-551000000.0
Corning Inc,GLW,549300X2937PB0CJ7I56,0000024741,2019.0,Q2,2019-04-01,2019-06-30,,netcashfromcontinuingfinancingactivities,repurchaseofcommonequity,Repurchase of Common Equity,+,debit,usd,-150000000.0
Corning Inc,GLW,549300X2937PB0CJ7I56,0000024741,2019.0,Q2,2019-04-01,2019-06-30,,netcashfromcontinuingfinancingactivities,paymentofdividends,Payment of Dividends,+,debit,usd,-181000000.0
Corning Inc,GLW,549300X2937PB0CJ7I56,0000024741,2019.0,Q2,2019-04-01,2019-06-30,,netcashfromcontinuingfinancingactivities,issuanceofdebt,Issuance of Debt,+,debit,usd,426000000.0
Corning Inc,GLW,549300X2937PB0CJ7I56,0000024741,2019.0,Q2,2019-04-01,2019-06-30,,netcashfromcontinuingfinancingactivities,otherfinancingactivitiesnet,"Other Financing Activities, net",+,debit,usd,36000000.0
Corning Inc,GLW,549300X2937PB0CJ7I56,0000024741,2019.0,Q2,2019-04-01,2019-06-30,,netcashfromfinancingactivities,netcashfromcontinuingfinancingactivities,Net Cash From Continuing Financing Activities,+,debit,usd,131000000.0
Corning Inc,GLW,549300X2937PB0CJ7I56,0000024741,2019.0,Q2,2019-04-01,2019-06-30,,netchangeincash,netcashfromfinancingactivities,Net Cash From Financing Activities,+,debit,usd,131000000.0
Corning Inc,GLW,549300X2937PB0CJ7I56,0000024741,2019.0,Q2,2019-04-01,2019-06-30,,netchangeincash,othernetchangesincash,Other Net Changes in Cash,+,debit,usd,-11000000.0
Corning Inc,GLW,549300X2937PB0CJ7I56,0000024741,2019.0,Q2,2019-04-01,2019-06-30,,,netchangeincash,Net Change in Cash & Equivalents,=,debit,usd,-278000000.0
Corning Inc,GLW,549300X2937PB0CJ7I56,0000024741,2019.0,Q3,2019-07-01,2019-09-30,,netincomecontinuing,netincome,Consolidated Net Income / (Loss),+,credit,usd,337000000.0
Corning Inc,GLW,549300X2937PB0CJ7I56,0000024741,2019.0,Q3,2019-07-01,2019-09-30,,netcashfromcontinuingoperatingactivities,netincomecontinuing,Net Income / (Loss) Continuing Operations,+,credit,usd,337000000.0
Corning Inc,GLW,549300X2937PB0CJ7I56,0000024741,2019.0,Q3,2019-07-01,2019-09-30,,netcashfromcontinuingoperatingactivities,depreciationexpense,Depreciation Expense,+,debit,usd,368000000.0
Corning Inc,GLW,549300X2937PB0CJ7I56,0000024741,2019.0,Q3,2019-07-01,2019-09-30,,netcashfromcontinuingoperatingactivities,amortizationexpense,Amortization Expense,+,debit,usd,28000000.0
Corning Inc,GLW,549300X2937PB0CJ7I56,0000024741,2019.0,Q3,2019-07-01,2019-09-30,,netcashfromcontinuingoperatingactivities,noncashadjustmentstonetincome,Non-Cash Adjustments To Reconcile Net Income,+,debit,usd,-56000000.0
Corning Inc,GLW,549300X2937PB0CJ7I56,0000024741,2019.0,Q3,2019-07-01,2019-09-30,,netcashfromcontinuingoperatingactivities,increasedecreaseinoperatingcapital,"Changes in Operating Assets and Liabilities, net",+,debit,usd,212000000.0
Corning Inc,GLW,549300X2937PB0CJ7I56,0000024741,2019.0,Q3,2019-07-01,2019-09-30,,netcashfromoperatingactivities,netcashfromcontinuingoperatingactivities,Net Cash From Continuing Operating Activities,+,debit,usd,889000000.0
Corning Inc,GLW,549300X2937PB0CJ7I56,0000024741,2019.0,Q3,2019-07-01,2019-09-30,,netchangeincash,netcashfromoperatingactivities,Net Cash From Operating Activities,+,debit,usd,889000000.0
Corning Inc,GLW,549300X2937PB0CJ7I56,0000024741,2019.0,Q3,2019-07-01,2019-09-30,,netcashfromcontinuinginvestingactivities,purchaseofplantpropertyandequipment,"Purchase of Property, Plant & Equipment",+,debit,usd,-517000000.0
Corning Inc,GLW,549300X2937PB0CJ7I56,0000024741,2019.0,Q3,2019-07-01,2019-09-30,,netcashfromcontinuinginvestingactivities,saleofinvestments,Sale and/or Maturity of Investments,+,debit,usd,1000000.0
Corning Inc,GLW,549300X2937PB0CJ7I56,0000024741,2019.0,Q3,2019-07-01,2019-09-30,,netcashfromcontinuinginvestingactivities,otherinvestingactivitiesnet,"Other Investing Activities, net",+,debit,usd,16000000.0
Corning Inc,GLW,549300X2937PB0CJ7I56,0000024741,2019.0,Q3,2019-07-01,2019-09-30,,netcashfrominvestingactivities,netcashfromcontinuinginvestingactivities,Net Cash From Continuing Investing Activities,+,debit,usd,-500000000.0
Corning Inc,GLW,549300X2937PB0CJ7I56,0000024741,2019.0,Q3,2019-07-01,2019-09-30,,netchangeincash,netcashfrominvestingactivities,Net Cash From Investing Activities,+,debit,usd,-500000000.0
Corning Inc,GLW,549300X2937PB0CJ7I56,0000024741,2019.0,Q3,2019-07-01,2019-09-30,,netcashfromcontinuingfinancingactivities,repurchaseofcommonequity,Repurchase of Common Equity,+,debit,usd,-301000000.0
Corning Inc,GLW,549300X2937PB0CJ7I56,0000024741,2019.0,Q3,2019-07-01,2019-09-30,,netcashfromcontinuingfinancingactivities,paymentofdividends,Payment of Dividends,+,debit,usd,-192000000.0
Corning Inc,GLW,549300X2937PB0CJ7I56,0000024741,2019.0,Q3,2019-07-01,2019-09-30,,netcashfromcontinuingfinancingactivities,issuanceofdebt,Issuance of Debt,+,debit,usd,-85000000.0
Corning Inc,GLW,549300X2937PB0CJ7I56,0000024741,2019.0,Q3,2019-07-01,2019-09-30,,netcashfromcontinuingfinancingactivities,otherfinancingactivitiesnet,"Other Financing Activities, net",+,debit,usd,7000000.0
Corning Inc,GLW,549300X2937PB0CJ7I56,0000024741,2019.0,Q3,2019-07-01,2019-09-30,,netcashfromfinancingactivities,netcashfromcontinuingfinancingactivities,Net Cash From Continuing Financing Activities,+,debit,usd,-571000000.0
Corning Inc,GLW,549300X2937PB0CJ7I56,0000024741,2019.0,Q3,2019-07-01,2019-09-30,,netchangeincash,netcashfromfinancingactivities,Net Cash From Financing Activities,+,debit,usd,-571000000.0
Corning Inc,GLW,549300X2937PB0CJ7I56,0000024741,2019.0,Q3,2019-07-01,2019-09-30,,netchangeincash,othernetchangesincash,Other Net Changes in Cash,+,debit,usd,-25000000.0
Corning Inc,GLW,549300X2937PB0CJ7I56,0000024741,2019.0,Q3,2019-07-01,2019-09-30,,,netchangeincash,Net Change in Cash & Equivalents,=,debit,usd,-207000000.0
Corning Inc,GLW,549300X2937PB0CJ7I56,0000024741,2019.0,Q4,2019-10-01,2019-12-31,,netincomecontinuing,netincome,Consolidated Net Income / (Loss),+,credit,usd,32000000.0
Corning Inc,GLW,549300X2937PB0CJ7I56,0000024741,2019.0,Q4,2019-10-01,2019-12-31,,netcashfromcontinuingoperatingactivities,netincomecontinuing,Net Income / (Loss) Continuing Operations,+,credit,usd,32000000.0
Corning Inc,GLW,549300X2937PB0CJ7I56,0000024741,2019.0,Q4,2019-10-01,2019-12-31,,netcashfromcontinuingoperatingactivities,depreciationexpense,Depreciation Expense,+,debit,usd,364000000.0
Corning Inc,GLW,549300X2937PB0CJ7I56,0000024741,2019.0,Q4,2019-10-01,2019-12-31,,netcashfromcontinuingoperatingactivities,amortizationexpense,Amortization Expense,+,debit,usd,28000000.0
Corning Inc,GLW,549300X2937PB0CJ7I56,0000024741,2019.0,Q4,2019-10-01,2019-12-31,,netcashfromcontinuingoperatingactivities,noncashadjustmentstonetincome,Non-Cash Adjustments To Reconcile Net Income,+,debit,usd,423000000.0
Corning Inc,GLW,549300X2937PB0CJ7I56,0000024741,2019.0,Q4,2019-10-01,2019-12-31,,netcashfromcontinuingoperatingactivities,increasedecreaseinoperatingcapital,"Changes in Operating Assets and Liabilities, net",+,debit,usd,171000000.0
Corning Inc,GLW,549300X2937PB0CJ7I56,0000024741,2019.0,Q4,2019-10-01,2019-12-31,,netcashfromoperatingactivities,netcashfromcontinuingoperatingactivities,Net Cash From Continuing Operating Activities,+,debit,usd,1018000000.0
Corning Inc,GLW,549300X2937PB0CJ7I56,0000024741,2019.0,Q4,2019-10-01,2019-12-31,,netchangeincash,netcashfromoperatingactivities,Net Cash From Operating Activities,+,debit,usd,1018000000.0
Corning Inc,GLW,549300X2937PB0CJ7I56,0000024741,2019.0,Q4,2019-10-01,2019-12-31,,netcashfromcontinuinginvestingactivities,purchaseofplantpropertyandequipment,"Purchase of Property, Plant & Equipment",+,debit,usd,-376000000.0
Corning Inc,GLW,549300X2937PB0CJ7I56,0000024741,2019.0,Q4,2019-10-01,2019-12-31,,netcashfromcontinuinginvestingactivities,saleofinvestments,Sale and/or Maturity of Investments,+,debit,usd,16000000.0
Corning Inc,GLW,549300X2937PB0CJ7I56,0000024741,2019.0,Q4,2019-10-01,2019-12-31,,netcashfromcontinuinginvestingactivities,otherinvestingactivitiesnet,"Other Investing Activities, net",+,debit,usd,3000000.0
Corning Inc,GLW,549300X2937PB0CJ7I56,0000024741,2019.0,Q4,2019-10-01,2019-12-31,,netcashfrominvestingactivities,netcashfromcontinuinginvestingactivities,Net Cash From Continuing Investing Activities,+,debit,usd,-357000000.0
Corning Inc,GLW,549300X2937PB0CJ7I56,0000024741,2019.0,Q4,2019-10-01,2019-12-31,,netchangeincash,netcashfrominvestingactivities,Net Cash From Investing Activities,+,debit,usd,-357000000.0
Corning Inc,GLW,549300X2937PB0CJ7I56,0000024741,2019.0,Q4,2019-10-01,2019-12-31,,netcashfromcontinuingfinancingactivities,repaymentofdebt,Repayment of Debt,+,debit,usd,-300000000.0
Corning Inc,GLW,549300X2937PB0CJ7I56,0000024741,2019.0,Q4,2019-10-01,2019-12-31,,netcashfromcontinuingfinancingactivities,repurchaseofcommonequity,Repurchase of Common Equity,+,debit,usd,-232000000.0
Corning Inc,GLW,549300X2937PB0CJ7I56,0000024741,2019.0,Q4,2019-10-01,2019-12-31,,netcashfromcontinuingfinancingactivities,paymentofdividends,Payment of Dividends,+,debit,usd,-188000000.0
Corning Inc,GLW,549300X2937PB0CJ7I56,0000024741,2019.0,Q4,2019-10-01,2019-12-31,,netcashfromcontinuingfinancingactivities,issuanceofdebt,Issuance of Debt,+,debit,usd,1491000000.0
Corning Inc,GLW,549300X2937PB0CJ7I56,0000024741,2019.0,Q4,2019-10-01,2019-12-31,,netcashfromcontinuingfinancingactivities,otherfinancingactivitiesnet,"Other Financing Activities, net",+,debit,usd,15000000.0
Corning Inc,GLW,549300X2937PB0CJ7I56,0000024741,2019.0,Q4,2019-10-01,2019-12-31,,netcashfromfinancingactivities,netcashfromcontinuingfinancingactivities,Net Cash From Continuing Financing Activities,+,debit,usd,786000000.0
Corning Inc,GLW,549300X2937PB0CJ7I56,0000024741,2019.0,Q4,2019-10-01,2019-12-31,,netchangeincash,netcashfromfinancingactivities,Net Cash From Financing Activities,+,debit,usd,786000000.0
Corning Inc,GLW,549300X2937PB0CJ7I56,0000024741,2019.0,Q4,2019-10-01,2019-12-31,,netchangeincash,othernetchangesincash,Other Net Changes in Cash,+,debit,usd,16000000.0
Corning Inc,GLW,549300X2937PB0CJ7I56,0000024741,2019.0,Q4,2019-10-01,2019-12-31,,,netchangeincash,Net Change in Cash & Equivalents,=,debit,usd,1463000000.0
