company_name,company_ticker,company_lei,company_cik,year,quarter,start_date,end_date,filing_date,parent,tag,financial_name,factor,balance,unit,value
Zumiez Inc,ZUMZ,549300J0PDF58P6HZD25,0001318008,2010.0,Q3,2010-08-01,2010-10-30,,netincomecontinuing,netincome,Consolidated Net Income / (Loss),+,credit,usd,12312000.0
Zumiez Inc,ZUMZ,549300J0PDF58P6HZD25,0001318008,2010.0,Q3,2010-08-01,2010-10-30,,netcashfromcontinuingoperatingactivities,netincomecontinuing,Net Income / (Loss) Continuing Operations,+,credit,usd,12312000.0
Zumiez Inc,ZUMZ,549300J0PDF58P6HZD25,0001318008,2010.0,Q3,2010-08-01,2010-10-30,,netcashfromcontinuingoperatingactivities,depreciationexpense,Depreciation Expense,+,debit,usd,4285000.0
Zumiez Inc,ZUMZ,549300J0PDF58P6HZD25,0001318008,2010.0,Q3,2010-08-01,2010-10-30,,netcashfromcontinuingoperatingactivities,noncashadjustmentstonetincome,Non-Cash Adjustments To Reconcile Net Income,+,debit,usd,837000.0
Zumiez Inc,ZUMZ,549300J0PDF58P6HZD25,0001318008,2010.0,Q3,2010-08-01,2010-10-30,,netcashfromcontinuingoperatingactivities,increasedecreaseinoperatingcapital,"Changes in Operating Assets and Liabilities, net",+,debit,usd,-6978000.0
Zumiez Inc,ZUMZ,549300J0PDF58P6HZD25,0001318008,2010.0,Q3,2010-08-01,2010-10-30,,netcashfromoperatingactivities,netcashfromcontinuingoperatingactivities,Net Cash From Continuing Operating Activities,+,debit,usd,10456000.0
Zumiez Inc,ZUMZ,549300J0PDF58P6HZD25,0001318008,2010.0,Q3,2010-08-01,2010-10-30,,netchangeincash,netcashfromoperatingactivities,Net Cash From Operating Activities,+,debit,usd,10456000.0
Zumiez Inc,ZUMZ,549300J0PDF58P6HZD25,0001318008,2010.0,Q3,2010-08-01,2010-10-30,,netcashfromcontinuinginvestingactivities,purchaseofplantpropertyandequipment,"Purchase of Property, Plant & Equipment",+,debit,usd,-3233000.0
Zumiez Inc,ZUMZ,549300J0PDF58P6HZD25,0001318008,2010.0,Q3,2010-08-01,2010-10-30,,netcashfromcontinuinginvestingactivities,purchaseofinvestments,Purchase of Investments,+,debit,usd,-35483000.0
Zumiez Inc,ZUMZ,549300J0PDF58P6HZD25,0001318008,2010.0,Q3,2010-08-01,2010-10-30,,netcashfromcontinuinginvestingactivities,saleofinvestments,Sale and/or Maturity of Investments,+,debit,usd,29038000.0
Zumiez Inc,ZUMZ,549300J0PDF58P6HZD25,0001318008,2010.0,Q3,2010-08-01,2010-10-30,,netcashfrominvestingactivities,netcashfromcontinuinginvestingactivities,Net Cash From Continuing Investing Activities,+,debit,usd,-9678000.0
Zumiez Inc,ZUMZ,549300J0PDF58P6HZD25,0001318008,2010.0,Q3,2010-08-01,2010-10-30,,netchangeincash,netcashfrominvestingactivities,Net Cash From Investing Activities,+,debit,usd,-9678000.0
Zumiez Inc,ZUMZ,549300J0PDF58P6HZD25,0001318008,2010.0,Q3,2010-08-01,2010-10-30,,netcashfromcontinuingfinancingactivities,issuanceofcommonequity,Issuance of Common Equity,+,debit,usd,469000.0
Zumiez Inc,ZUMZ,549300J0PDF58P6HZD25,0001318008,2010.0,Q3,2010-08-01,2010-10-30,,netcashfromcontinuingfinancingactivities,otherfinancingactivitiesnet,"Other Financing Activities, net",+,debit,usd,225000.0
Zumiez Inc,ZUMZ,549300J0PDF58P6HZD25,0001318008,2010.0,Q3,2010-08-01,2010-10-30,,netcashfromfinancingactivities,netcashfromcontinuingfinancingactivities,Net Cash From Continuing Financing Activities,+,debit,usd,694000.0
Zumiez Inc,ZUMZ,549300J0PDF58P6HZD25,0001318008,2010.0,Q3,2010-08-01,2010-10-30,,netchangeincash,netcashfromfinancingactivities,Net Cash From Financing Activities,+,debit,usd,694000.0
Zumiez Inc,ZUMZ,549300J0PDF58P6HZD25,0001318008,2010.0,Q3,2010-08-01,2010-10-30,,,netchangeincash,Net Change in Cash & Equivalents,=,debit,usd,1472000.0
Zumiez Inc,ZUMZ,549300J0PDF58P6HZD25,0001318008,2010.0,Q3,2010-08-01,2010-10-30,,,cashincometaxespaid,Cash Income Taxes Paid,=,,usd,62000.0
Zumiez Inc,ZUMZ,549300J0PDF58P6HZD25,0001318008,2010.0,Q4,2010-10-31,2011-01-29,,netincomecontinuing,netincome,Consolidated Net Income / (Loss),+,credit,usd,15005000.0
Zumiez Inc,ZUMZ,549300J0PDF58P6HZD25,0001318008,2010.0,Q4,2010-10-31,2011-01-29,,netcashfromcontinuingoperatingactivities,netincomecontinuing,Net Income / (Loss) Continuing Operations,+,credit,usd,15005000.0
Zumiez Inc,ZUMZ,549300J0PDF58P6HZD25,0001318008,2010.0,Q4,2010-10-31,2011-01-29,,netcashfromcontinuingoperatingactivities,depreciationexpense,Depreciation Expense,+,debit,usd,4521000.0
Zumiez Inc,ZUMZ,549300J0PDF58P6HZD25,0001318008,2010.0,Q4,2010-10-31,2011-01-29,,netcashfromcontinuingoperatingactivities,noncashadjustmentstonetincome,Non-Cash Adjustments To Reconcile Net Income,+,debit,usd,88000.0
Zumiez Inc,ZUMZ,549300J0PDF58P6HZD25,0001318008,2010.0,Q4,2010-10-31,2011-01-29,,netcashfromcontinuingoperatingactivities,increasedecreaseinoperatingcapital,"Changes in Operating Assets and Liabilities, net",+,debit,usd,13976000.0
Zumiez Inc,ZUMZ,549300J0PDF58P6HZD25,0001318008,2010.0,Q4,2010-10-31,2011-01-29,,netcashfromoperatingactivities,netcashfromcontinuingoperatingactivities,Net Cash From Continuing Operating Activities,+,debit,usd,33590000.0
Zumiez Inc,ZUMZ,549300J0PDF58P6HZD25,0001318008,2010.0,Q4,2010-10-31,2011-01-29,,netchangeincash,netcashfromoperatingactivities,Net Cash From Operating Activities,+,debit,usd,33590000.0
Zumiez Inc,ZUMZ,549300J0PDF58P6HZD25,0001318008,2010.0,Q4,2010-10-31,2011-01-29,,netcashfromcontinuinginvestingactivities,purchaseofplantpropertyandequipment,"Purchase of Property, Plant & Equipment",+,debit,usd,-5223000.0
Zumiez Inc,ZUMZ,549300J0PDF58P6HZD25,0001318008,2010.0,Q4,2010-10-31,2011-01-29,,netcashfromcontinuinginvestingactivities,purchaseofinvestments,Purchase of Investments,+,debit,usd,-94242000.0
Zumiez Inc,ZUMZ,549300J0PDF58P6HZD25,0001318008,2010.0,Q4,2010-10-31,2011-01-29,,netcashfromcontinuinginvestingactivities,saleofinvestments,Sale and/or Maturity of Investments,+,debit,usd,66950000.0
Zumiez Inc,ZUMZ,549300J0PDF58P6HZD25,0001318008,2010.0,Q4,2010-10-31,2011-01-29,,netcashfrominvestingactivities,netcashfromcontinuinginvestingactivities,Net Cash From Continuing Investing Activities,+,debit,usd,-32515000.0
Zumiez Inc,ZUMZ,549300J0PDF58P6HZD25,0001318008,2010.0,Q4,2010-10-31,2011-01-29,,netchangeincash,netcashfrominvestingactivities,Net Cash From Investing Activities,+,debit,usd,-32515000.0
Zumiez Inc,ZUMZ,549300J0PDF58P6HZD25,0001318008,2010.0,Q4,2010-10-31,2011-01-29,,netcashfromcontinuingfinancingactivities,issuanceofcommonequity,Issuance of Common Equity,+,debit,usd,547000.0
Zumiez Inc,ZUMZ,549300J0PDF58P6HZD25,0001318008,2010.0,Q4,2010-10-31,2011-01-29,,netcashfromcontinuingfinancingactivities,otherfinancingactivitiesnet,"Other Financing Activities, net",+,debit,usd,1421000.0
Zumiez Inc,ZUMZ,549300J0PDF58P6HZD25,0001318008,2010.0,Q4,2010-10-31,2011-01-29,,netcashfromfinancingactivities,netcashfromcontinuingfinancingactivities,Net Cash From Continuing Financing Activities,+,debit,usd,1968000.0
Zumiez Inc,ZUMZ,549300J0PDF58P6HZD25,0001318008,2010.0,Q4,2010-10-31,2011-01-29,,netchangeincash,netcashfromfinancingactivities,Net Cash From Financing Activities,+,debit,usd,1968000.0
Zumiez Inc,ZUMZ,549300J0PDF58P6HZD25,0001318008,2010.0,Q4,2010-10-31,2011-01-29,,,netchangeincash,Net Change in Cash & Equivalents,=,debit,usd,3043000.0
Zumiez Inc,ZUMZ,549300J0PDF58P6HZD25,0001318008,2010.0,Q4,2010-10-31,2011-01-29,,,cashincometaxespaid,Cash Income Taxes Paid,=,,usd,5755000.0
Zumiez Inc,ZUMZ,549300J0PDF58P6HZD25,0001318008,2011.0,Q1,2011-01-30,2011-04-30,2012-05-22 09:01:22+00:00,netincomecontinuing,netincome,Consolidated Net Income / (Loss),+,credit,usd,1886000.0
Zumiez Inc,ZUMZ,549300J0PDF58P6HZD25,0001318008,2011.0,Q1,2011-01-30,2011-04-30,2012-05-22 09:01:22+00:00,netcashfromcontinuingoperatingactivities,netincomecontinuing,Net Income / (Loss) Continuing Operations,+,credit,usd,1886000.0
Zumiez Inc,ZUMZ,549300J0PDF58P6HZD25,0001318008,2011.0,Q1,2011-01-30,2011-04-30,2012-05-22 09:01:22+00:00,netcashfromcontinuingoperatingactivities,depreciationexpense,Depreciation Expense,+,debit,usd,4705000.0
Zumiez Inc,ZUMZ,549300J0PDF58P6HZD25,0001318008,2011.0,Q1,2011-01-30,2011-04-30,2012-05-22 09:01:22+00:00,netcashfromcontinuingoperatingactivities,noncashadjustmentstonetincome,Non-Cash Adjustments To Reconcile Net Income,+,debit,usd,327000.0
Zumiez Inc,ZUMZ,549300J0PDF58P6HZD25,0001318008,2011.0,Q1,2011-01-30,2011-04-30,2012-05-22 09:01:22+00:00,netcashfromcontinuingoperatingactivities,increasedecreaseinoperatingcapital,"Changes in Operating Assets and Liabilities, net",+,debit,usd,-3277000.0
Zumiez Inc,ZUMZ,549300J0PDF58P6HZD25,0001318008,2011.0,Q1,2011-01-30,2011-04-30,2012-05-22 09:01:22+00:00,netcashfromoperatingactivities,netcashfromcontinuingoperatingactivities,Net Cash From Continuing Operating Activities,+,debit,usd,3641000.0
Zumiez Inc,ZUMZ,549300J0PDF58P6HZD25,0001318008,2011.0,Q1,2011-01-30,2011-04-30,2012-05-22 09:01:22+00:00,netchangeincash,netcashfromoperatingactivities,Net Cash From Operating Activities,+,debit,usd,3641000.0
Zumiez Inc,ZUMZ,549300J0PDF58P6HZD25,0001318008,2011.0,Q1,2011-01-30,2011-04-30,2012-05-22 09:01:22+00:00,netcashfromcontinuinginvestingactivities,purchaseofplantpropertyandequipment,"Purchase of Property, Plant & Equipment",+,debit,usd,-2540000.0
Zumiez Inc,ZUMZ,549300J0PDF58P6HZD25,0001318008,2011.0,Q1,2011-01-30,2011-04-30,2012-05-22 09:01:22+00:00,netcashfromcontinuinginvestingactivities,purchaseofinvestments,Purchase of Investments,+,debit,usd,-39281000.0
Zumiez Inc,ZUMZ,549300J0PDF58P6HZD25,0001318008,2011.0,Q1,2011-01-30,2011-04-30,2012-05-22 09:01:22+00:00,netcashfromcontinuinginvestingactivities,saleofinvestments,Sale and/or Maturity of Investments,+,debit,usd,38843000.0
Zumiez Inc,ZUMZ,549300J0PDF58P6HZD25,0001318008,2011.0,Q1,2011-01-30,2011-04-30,2012-05-22 09:01:22+00:00,netcashfrominvestingactivities,netcashfromcontinuinginvestingactivities,Net Cash From Continuing Investing Activities,+,debit,usd,-2978000.0
Zumiez Inc,ZUMZ,549300J0PDF58P6HZD25,0001318008,2011.0,Q1,2011-01-30,2011-04-30,2012-05-22 09:01:22+00:00,netchangeincash,netcashfrominvestingactivities,Net Cash From Investing Activities,+,debit,usd,-2978000.0
Zumiez Inc,ZUMZ,549300J0PDF58P6HZD25,0001318008,2011.0,Q1,2011-01-30,2011-04-30,2012-05-22 09:01:22+00:00,netcashfromcontinuingfinancingactivities,issuanceofcommonequity,Issuance of Common Equity,+,debit,usd,173000.0
Zumiez Inc,ZUMZ,549300J0PDF58P6HZD25,0001318008,2011.0,Q1,2011-01-30,2011-04-30,2012-05-22 09:01:22+00:00,netcashfromcontinuingfinancingactivities,otherfinancingactivitiesnet,"Other Financing Activities, net",+,debit,usd,1054000.0
Zumiez Inc,ZUMZ,549300J0PDF58P6HZD25,0001318008,2011.0,Q1,2011-01-30,2011-04-30,2012-05-22 09:01:22+00:00,netcashfromfinancingactivities,netcashfromcontinuingfinancingactivities,Net Cash From Continuing Financing Activities,+,debit,usd,1227000.0
Zumiez Inc,ZUMZ,549300J0PDF58P6HZD25,0001318008,2011.0,Q1,2011-01-30,2011-04-30,2012-05-22 09:01:22+00:00,netchangeincash,netcashfromfinancingactivities,Net Cash From Financing Activities,+,debit,usd,1227000.0
Zumiez Inc,ZUMZ,549300J0PDF58P6HZD25,0001318008,2011.0,Q1,2011-01-30,2011-04-30,2012-05-22 09:01:22+00:00,netchangeincash,effectofexchangeratechanges,Effect of Exchange Rate Changes,+,debit,usd,43000.0
Zumiez Inc,ZUMZ,549300J0PDF58P6HZD25,0001318008,2011.0,Q1,2011-01-30,2011-04-30,2012-05-22 09:01:22+00:00,,netchangeincash,Net Change in Cash & Equivalents,=,debit,usd,1933000.0
Zumiez Inc,ZUMZ,549300J0PDF58P6HZD25,0001318008,2011.0,Q1,2011-01-30,2011-04-30,2012-05-22 09:01:22+00:00,,cashincometaxespaid,Cash Income Taxes Paid,=,,usd,5710000.0
Zumiez Inc,ZUMZ,549300J0PDF58P6HZD25,0001318008,2011.0,Q2,2011-05-01,2011-07-30,,netincomecontinuing,netincome,Consolidated Net Income / (Loss),+,credit,usd,2591000.0
Zumiez Inc,ZUMZ,549300J0PDF58P6HZD25,0001318008,2011.0,Q2,2011-05-01,2011-07-30,,netcashfromcontinuingoperatingactivities,netincomecontinuing,Net Income / (Loss) Continuing Operations,+,credit,usd,2591000.0
Zumiez Inc,ZUMZ,549300J0PDF58P6HZD25,0001318008,2011.0,Q2,2011-05-01,2011-07-30,,netcashfromcontinuingoperatingactivities,depreciationexpense,Depreciation Expense,+,debit,usd,4869000.0
Zumiez Inc,ZUMZ,549300J0PDF58P6HZD25,0001318008,2011.0,Q2,2011-05-01,2011-07-30,,netcashfromcontinuingoperatingactivities,noncashadjustmentstonetincome,Non-Cash Adjustments To Reconcile Net Income,+,debit,usd,709000.0
Zumiez Inc,ZUMZ,549300J0PDF58P6HZD25,0001318008,2011.0,Q2,2011-05-01,2011-07-30,,netcashfromcontinuingoperatingactivities,increasedecreaseinoperatingcapital,"Changes in Operating Assets and Liabilities, net",+,debit,usd,-548000.0
Zumiez Inc,ZUMZ,549300J0PDF58P6HZD25,0001318008,2011.0,Q2,2011-05-01,2011-07-30,,netcashfromoperatingactivities,netcashfromcontinuingoperatingactivities,Net Cash From Continuing Operating Activities,+,debit,usd,7621000.0
Zumiez Inc,ZUMZ,549300J0PDF58P6HZD25,0001318008,2011.0,Q2,2011-05-01,2011-07-30,,netchangeincash,netcashfromoperatingactivities,Net Cash From Operating Activities,+,debit,usd,7621000.0
Zumiez Inc,ZUMZ,549300J0PDF58P6HZD25,0001318008,2011.0,Q2,2011-05-01,2011-07-30,,netcashfromcontinuinginvestingactivities,purchaseofplantpropertyandequipment,"Purchase of Property, Plant & Equipment",+,debit,usd,-7419000.0
Zumiez Inc,ZUMZ,549300J0PDF58P6HZD25,0001318008,2011.0,Q2,2011-05-01,2011-07-30,,netcashfromcontinuinginvestingactivities,purchaseofinvestments,Purchase of Investments,+,debit,usd,-33291000.0
Zumiez Inc,ZUMZ,549300J0PDF58P6HZD25,0001318008,2011.0,Q2,2011-05-01,2011-07-30,,netcashfromcontinuinginvestingactivities,saleofinvestments,Sale and/or Maturity of Investments,+,debit,usd,32515000.0
Zumiez Inc,ZUMZ,549300J0PDF58P6HZD25,0001318008,2011.0,Q2,2011-05-01,2011-07-30,,netcashfrominvestingactivities,netcashfromcontinuinginvestingactivities,Net Cash From Continuing Investing Activities,+,debit,usd,-8195000.0
Zumiez Inc,ZUMZ,549300J0PDF58P6HZD25,0001318008,2011.0,Q2,2011-05-01,2011-07-30,,netchangeincash,netcashfrominvestingactivities,Net Cash From Investing Activities,+,debit,usd,-8195000.0
Zumiez Inc,ZUMZ,549300J0PDF58P6HZD25,0001318008,2011.0,Q2,2011-05-01,2011-07-30,,netcashfromcontinuingfinancingactivities,issuanceofcommonequity,Issuance of Common Equity,+,debit,usd,823000.0
Zumiez Inc,ZUMZ,549300J0PDF58P6HZD25,0001318008,2011.0,Q2,2011-05-01,2011-07-30,,netcashfromcontinuingfinancingactivities,otherfinancingactivitiesnet,"Other Financing Activities, net",+,debit,usd,604000.0
Zumiez Inc,ZUMZ,549300J0PDF58P6HZD25,0001318008,2011.0,Q2,2011-05-01,2011-07-30,,netcashfromfinancingactivities,netcashfromcontinuingfinancingactivities,Net Cash From Continuing Financing Activities,+,debit,usd,1427000.0
Zumiez Inc,ZUMZ,549300J0PDF58P6HZD25,0001318008,2011.0,Q2,2011-05-01,2011-07-30,,netchangeincash,netcashfromfinancingactivities,Net Cash From Financing Activities,+,debit,usd,1427000.0
Zumiez Inc,ZUMZ,549300J0PDF58P6HZD25,0001318008,2011.0,Q2,2011-05-01,2011-07-30,,netchangeincash,effectofexchangeratechanges,Effect of Exchange Rate Changes,+,debit,usd,14000.0
Zumiez Inc,ZUMZ,549300J0PDF58P6HZD25,0001318008,2011.0,Q2,2011-05-01,2011-07-30,,,netchangeincash,Net Change in Cash & Equivalents,=,debit,usd,867000.0
Zumiez Inc,ZUMZ,549300J0PDF58P6HZD25,0001318008,2011.0,Q2,2011-05-01,2011-07-30,,,cashincometaxespaid,Cash Income Taxes Paid,=,,usd,79000.0
Zumiez Inc,ZUMZ,549300J0PDF58P6HZD25,0001318008,2011.0,Q3,2011-07-31,2011-10-29,,netincomecontinuing,netincome,Consolidated Net Income / (Loss),+,credit,usd,14137000.0
Zumiez Inc,ZUMZ,549300J0PDF58P6HZD25,0001318008,2011.0,Q3,2011-07-31,2011-10-29,,netcashfromcontinuingoperatingactivities,netincomecontinuing,Net Income / (Loss) Continuing Operations,+,credit,usd,14137000.0
Zumiez Inc,ZUMZ,549300J0PDF58P6HZD25,0001318008,2011.0,Q3,2011-07-31,2011-10-29,,netcashfromcontinuingoperatingactivities,depreciationexpense,Depreciation Expense,+,debit,usd,5013000.0
Zumiez Inc,ZUMZ,549300J0PDF58P6HZD25,0001318008,2011.0,Q3,2011-07-31,2011-10-29,,netcashfromcontinuingoperatingactivities,noncashadjustmentstonetincome,Non-Cash Adjustments To Reconcile Net Income,+,debit,usd,1364000.0
Zumiez Inc,ZUMZ,549300J0PDF58P6HZD25,0001318008,2011.0,Q3,2011-07-31,2011-10-29,,netcashfromcontinuingoperatingactivities,increasedecreaseinoperatingcapital,"Changes in Operating Assets and Liabilities, net",+,debit,usd,-6598000.0
Zumiez Inc,ZUMZ,549300J0PDF58P6HZD25,0001318008,2011.0,Q3,2011-07-31,2011-10-29,,netcashfromoperatingactivities,netcashfromcontinuingoperatingactivities,Net Cash From Continuing Operating Activities,+,debit,usd,13916000.0
Zumiez Inc,ZUMZ,549300J0PDF58P6HZD25,0001318008,2011.0,Q3,2011-07-31,2011-10-29,,netchangeincash,netcashfromoperatingactivities,Net Cash From Operating Activities,+,debit,usd,13916000.0
Zumiez Inc,ZUMZ,549300J0PDF58P6HZD25,0001318008,2011.0,Q3,2011-07-31,2011-10-29,,netcashfromcontinuinginvestingactivities,purchaseofplantpropertyandequipment,"Purchase of Property, Plant & Equipment",+,debit,usd,-8417000.0
Zumiez Inc,ZUMZ,549300J0PDF58P6HZD25,0001318008,2011.0,Q3,2011-07-31,2011-10-29,,netcashfromcontinuinginvestingactivities,purchaseofinvestments,Purchase of Investments,+,debit,usd,-46780000.0
Zumiez Inc,ZUMZ,549300J0PDF58P6HZD25,0001318008,2011.0,Q3,2011-07-31,2011-10-29,,netcashfromcontinuinginvestingactivities,saleofinvestments,Sale and/or Maturity of Investments,+,debit,usd,40748000.0
Zumiez Inc,ZUMZ,549300J0PDF58P6HZD25,0001318008,2011.0,Q3,2011-07-31,2011-10-29,,netcashfrominvestingactivities,netcashfromcontinuinginvestingactivities,Net Cash From Continuing Investing Activities,+,debit,usd,-14449000.0
Zumiez Inc,ZUMZ,549300J0PDF58P6HZD25,0001318008,2011.0,Q3,2011-07-31,2011-10-29,,netchangeincash,netcashfrominvestingactivities,Net Cash From Investing Activities,+,debit,usd,-14449000.0
Zumiez Inc,ZUMZ,549300J0PDF58P6HZD25,0001318008,2011.0,Q3,2011-07-31,2011-10-29,,netcashfromcontinuingfinancingactivities,issuanceofcommonequity,Issuance of Common Equity,+,debit,usd,273000.0
Zumiez Inc,ZUMZ,549300J0PDF58P6HZD25,0001318008,2011.0,Q3,2011-07-31,2011-10-29,,netcashfromcontinuingfinancingactivities,otherfinancingactivitiesnet,"Other Financing Activities, net",+,debit,usd,19000.0
Zumiez Inc,ZUMZ,549300J0PDF58P6HZD25,0001318008,2011.0,Q3,2011-07-31,2011-10-29,,netcashfromfinancingactivities,netcashfromcontinuingfinancingactivities,Net Cash From Continuing Financing Activities,+,debit,usd,292000.0
Zumiez Inc,ZUMZ,549300J0PDF58P6HZD25,0001318008,2011.0,Q3,2011-07-31,2011-10-29,,netchangeincash,netcashfromfinancingactivities,Net Cash From Financing Activities,+,debit,usd,292000.0
Zumiez Inc,ZUMZ,549300J0PDF58P6HZD25,0001318008,2011.0,Q3,2011-07-31,2011-10-29,,netchangeincash,effectofexchangeratechanges,Effect of Exchange Rate Changes,+,debit,usd,-35000.0
Zumiez Inc,ZUMZ,549300J0PDF58P6HZD25,0001318008,2011.0,Q3,2011-07-31,2011-10-29,,,netchangeincash,Net Change in Cash & Equivalents,=,debit,usd,-276000.0
Zumiez Inc,ZUMZ,549300J0PDF58P6HZD25,0001318008,2011.0,Q3,2011-07-31,2011-10-29,,,cashincometaxespaid,Cash Income Taxes Paid,=,,usd,649000.0
Zumiez Inc,ZUMZ,549300J0PDF58P6HZD25,0001318008,2011.0,Q4,2011-10-30,2012-01-28,,netincomecontinuing,netincome,Consolidated Net Income / (Loss),+,credit,usd,18737000.0
Zumiez Inc,ZUMZ,549300J0PDF58P6HZD25,0001318008,2011.0,Q4,2011-10-30,2012-01-28,,netcashfromcontinuingoperatingactivities,netincomecontinuing,Net Income / (Loss) Continuing Operations,+,credit,usd,18737000.0
Zumiez Inc,ZUMZ,549300J0PDF58P6HZD25,0001318008,2011.0,Q4,2011-10-30,2012-01-28,,netcashfromcontinuingoperatingactivities,depreciationexpense,Depreciation Expense,+,debit,usd,5157000.0
Zumiez Inc,ZUMZ,549300J0PDF58P6HZD25,0001318008,2011.0,Q4,2011-10-30,2012-01-28,,netcashfromcontinuingoperatingactivities,noncashadjustmentstonetincome,Non-Cash Adjustments To Reconcile Net Income,+,debit,usd,1685000.0
Zumiez Inc,ZUMZ,549300J0PDF58P6HZD25,0001318008,2011.0,Q4,2011-10-30,2012-01-28,,netcashfromcontinuingoperatingactivities,increasedecreaseinoperatingcapital,"Changes in Operating Assets and Liabilities, net",+,debit,usd,17308000.0
Zumiez Inc,ZUMZ,549300J0PDF58P6HZD25,0001318008,2011.0,Q4,2011-10-30,2012-01-28,,netcashfromoperatingactivities,netcashfromcontinuingoperatingactivities,Net Cash From Continuing Operating Activities,+,debit,usd,42887000.0
Zumiez Inc,ZUMZ,549300J0PDF58P6HZD25,0001318008,2011.0,Q4,2011-10-30,2012-01-28,,netchangeincash,netcashfromoperatingactivities,Net Cash From Operating Activities,+,debit,usd,42887000.0
Zumiez Inc,ZUMZ,549300J0PDF58P6HZD25,0001318008,2011.0,Q4,2011-10-30,2012-01-28,,netcashfromcontinuinginvestingactivities,purchaseofplantpropertyandequipment,"Purchase of Property, Plant & Equipment",+,debit,usd,-7132000.0
Zumiez Inc,ZUMZ,549300J0PDF58P6HZD25,0001318008,2011.0,Q4,2011-10-30,2012-01-28,,netcashfromcontinuinginvestingactivities,purchaseofinvestments,Purchase of Investments,+,debit,usd,-75179000.0
Zumiez Inc,ZUMZ,549300J0PDF58P6HZD25,0001318008,2011.0,Q4,2011-10-30,2012-01-28,,netcashfromcontinuinginvestingactivities,saleofinvestments,Sale and/or Maturity of Investments,+,debit,usd,39859000.0
Zumiez Inc,ZUMZ,549300J0PDF58P6HZD25,0001318008,2011.0,Q4,2011-10-30,2012-01-28,,netcashfrominvestingactivities,netcashfromcontinuinginvestingactivities,Net Cash From Continuing Investing Activities,+,debit,usd,-42452000.0
Zumiez Inc,ZUMZ,549300J0PDF58P6HZD25,0001318008,2011.0,Q4,2011-10-30,2012-01-28,,netchangeincash,netcashfrominvestingactivities,Net Cash From Investing Activities,+,debit,usd,-42452000.0
Zumiez Inc,ZUMZ,549300J0PDF58P6HZD25,0001318008,2011.0,Q4,2011-10-30,2012-01-28,,netcashfromcontinuingfinancingactivities,issuanceofcommonequity,Issuance of Common Equity,+,debit,usd,320000.0
Zumiez Inc,ZUMZ,549300J0PDF58P6HZD25,0001318008,2011.0,Q4,2011-10-30,2012-01-28,,netcashfromcontinuingfinancingactivities,otherfinancingactivitiesnet,"Other Financing Activities, net",+,debit,usd,149000.0
Zumiez Inc,ZUMZ,549300J0PDF58P6HZD25,0001318008,2011.0,Q4,2011-10-30,2012-01-28,,netcashfromfinancingactivities,netcashfromcontinuingfinancingactivities,Net Cash From Continuing Financing Activities,+,debit,usd,469000.0
Zumiez Inc,ZUMZ,549300J0PDF58P6HZD25,0001318008,2011.0,Q4,2011-10-30,2012-01-28,,netchangeincash,netcashfromfinancingactivities,Net Cash From Financing Activities,+,debit,usd,469000.0
Zumiez Inc,ZUMZ,549300J0PDF58P6HZD25,0001318008,2011.0,Q4,2011-10-30,2012-01-28,,netchangeincash,effectofexchangeratechanges,Effect of Exchange Rate Changes,+,debit,usd,-6000.0
Zumiez Inc,ZUMZ,549300J0PDF58P6HZD25,0001318008,2011.0,Q4,2011-10-30,2012-01-28,,,netchangeincash,Net Change in Cash & Equivalents,=,debit,usd,898000.0
Zumiez Inc,ZUMZ,549300J0PDF58P6HZD25,0001318008,2011.0,Q4,2011-10-30,2012-01-28,,,cashincometaxespaid,Cash Income Taxes Paid,=,,usd,11576000.0
Zumiez Inc,ZUMZ,549300J0PDF58P6HZD25,0001318008,2012.0,Q1,2012-01-29,2012-04-28,2013-05-29 09:01:19+00:00,netincomecontinuing,netincome,Consolidated Net Income / (Loss),+,credit,usd,4527000.0
Zumiez Inc,ZUMZ,549300J0PDF58P6HZD25,0001318008,2012.0,Q1,2012-01-29,2012-04-28,2013-05-29 09:01:19+00:00,netcashfromcontinuingoperatingactivities,netincomecontinuing,Net Income / (Loss) Continuing Operations,+,credit,usd,4527000.0
Zumiez Inc,ZUMZ,549300J0PDF58P6HZD25,0001318008,2012.0,Q1,2012-01-29,2012-04-28,2013-05-29 09:01:19+00:00,netcashfromcontinuingoperatingactivities,depreciationexpense,Depreciation Expense,+,debit,usd,5275000.0
Zumiez Inc,ZUMZ,549300J0PDF58P6HZD25,0001318008,2012.0,Q1,2012-01-29,2012-04-28,2013-05-29 09:01:19+00:00,netcashfromcontinuingoperatingactivities,noncashadjustmentstonetincome,Non-Cash Adjustments To Reconcile Net Income,+,debit,usd,-178000.0
Zumiez Inc,ZUMZ,549300J0PDF58P6HZD25,0001318008,2012.0,Q1,2012-01-29,2012-04-28,2013-05-29 09:01:19+00:00,netcashfromcontinuingoperatingactivities,increasedecreaseinoperatingcapital,"Changes in Operating Assets and Liabilities, net",+,debit,usd,-3825000.0
Zumiez Inc,ZUMZ,549300J0PDF58P6HZD25,0001318008,2012.0,Q1,2012-01-29,2012-04-28,2013-05-29 09:01:19+00:00,netcashfromoperatingactivities,netcashfromcontinuingoperatingactivities,Net Cash From Continuing Operating Activities,+,debit,usd,5799000.0
Zumiez Inc,ZUMZ,549300J0PDF58P6HZD25,0001318008,2012.0,Q1,2012-01-29,2012-04-28,2013-05-29 09:01:19+00:00,netchangeincash,netcashfromoperatingactivities,Net Cash From Operating Activities,+,debit,usd,5799000.0
Zumiez Inc,ZUMZ,549300J0PDF58P6HZD25,0001318008,2012.0,Q1,2012-01-29,2012-04-28,2013-05-29 09:01:19+00:00,netcashfromcontinuinginvestingactivities,purchaseofplantpropertyandequipment,"Purchase of Property, Plant & Equipment",+,debit,usd,-8519000.0
Zumiez Inc,ZUMZ,549300J0PDF58P6HZD25,0001318008,2012.0,Q1,2012-01-29,2012-04-28,2013-05-29 09:01:19+00:00,netcashfromcontinuinginvestingactivities,purchaseofinvestments,Purchase of Investments,+,debit,usd,-43375000.0
Zumiez Inc,ZUMZ,549300J0PDF58P6HZD25,0001318008,2012.0,Q1,2012-01-29,2012-04-28,2013-05-29 09:01:19+00:00,netcashfromcontinuinginvestingactivities,saleofinvestments,Sale and/or Maturity of Investments,+,debit,usd,37317000.0
Zumiez Inc,ZUMZ,549300J0PDF58P6HZD25,0001318008,2012.0,Q1,2012-01-29,2012-04-28,2013-05-29 09:01:19+00:00,netcashfrominvestingactivities,netcashfromcontinuinginvestingactivities,Net Cash From Continuing Investing Activities,+,debit,usd,-14577000.0
Zumiez Inc,ZUMZ,549300J0PDF58P6HZD25,0001318008,2012.0,Q1,2012-01-29,2012-04-28,2013-05-29 09:01:19+00:00,netchangeincash,netcashfrominvestingactivities,Net Cash From Investing Activities,+,debit,usd,-14577000.0
Zumiez Inc,ZUMZ,549300J0PDF58P6HZD25,0001318008,2012.0,Q1,2012-01-29,2012-04-28,2013-05-29 09:01:19+00:00,netcashfromcontinuingfinancingactivities,issuanceofcommonequity,Issuance of Common Equity,+,debit,usd,243000.0
Zumiez Inc,ZUMZ,549300J0PDF58P6HZD25,0001318008,2012.0,Q1,2012-01-29,2012-04-28,2013-05-29 09:01:19+00:00,netcashfromcontinuingfinancingactivities,otherfinancingactivitiesnet,"Other Financing Activities, net",+,debit,usd,1710000.0
Zumiez Inc,ZUMZ,549300J0PDF58P6HZD25,0001318008,2012.0,Q1,2012-01-29,2012-04-28,2013-05-29 09:01:19+00:00,netcashfromfinancingactivities,netcashfromcontinuingfinancingactivities,Net Cash From Continuing Financing Activities,+,debit,usd,1953000.0
Zumiez Inc,ZUMZ,549300J0PDF58P6HZD25,0001318008,2012.0,Q1,2012-01-29,2012-04-28,2013-05-29 09:01:19+00:00,netchangeincash,netcashfromfinancingactivities,Net Cash From Financing Activities,+,debit,usd,1953000.0
Zumiez Inc,ZUMZ,549300J0PDF58P6HZD25,0001318008,2012.0,Q1,2012-01-29,2012-04-28,2013-05-29 09:01:19+00:00,netchangeincash,effectofexchangeratechanges,Effect of Exchange Rate Changes,+,debit,usd,8000.0
Zumiez Inc,ZUMZ,549300J0PDF58P6HZD25,0001318008,2012.0,Q1,2012-01-29,2012-04-28,2013-05-29 09:01:19+00:00,,netchangeincash,Net Change in Cash & Equivalents,=,debit,usd,-6817000.0
Zumiez Inc,ZUMZ,549300J0PDF58P6HZD25,0001318008,2012.0,Q1,2012-01-29,2012-04-28,2013-05-29 09:01:19+00:00,,cashincometaxespaid,Cash Income Taxes Paid,=,,usd,10705000.0
Zumiez Inc,ZUMZ,549300J0PDF58P6HZD25,0001318008,2012.0,Q2,2012-04-29,2012-07-28,,netincomecontinuing,netincome,Consolidated Net Income / (Loss),+,credit,usd,2086000.0
Zumiez Inc,ZUMZ,549300J0PDF58P6HZD25,0001318008,2012.0,Q2,2012-04-29,2012-07-28,,netcashfromcontinuingoperatingactivities,netincomecontinuing,Net Income / (Loss) Continuing Operations,+,credit,usd,2086000.0
Zumiez Inc,ZUMZ,549300J0PDF58P6HZD25,0001318008,2012.0,Q2,2012-04-29,2012-07-28,,netcashfromcontinuingoperatingactivities,depreciationexpense,Depreciation Expense,+,debit,usd,5383000.0
Zumiez Inc,ZUMZ,549300J0PDF58P6HZD25,0001318008,2012.0,Q2,2012-04-29,2012-07-28,,netcashfromcontinuingoperatingactivities,noncashadjustmentstonetincome,Non-Cash Adjustments To Reconcile Net Income,+,debit,usd,1887000.0
Zumiez Inc,ZUMZ,549300J0PDF58P6HZD25,0001318008,2012.0,Q2,2012-04-29,2012-07-28,,netcashfromcontinuingoperatingactivities,increasedecreaseinoperatingcapital,"Changes in Operating Assets and Liabilities, net",+,debit,usd,-642000.0
Zumiez Inc,ZUMZ,549300J0PDF58P6HZD25,0001318008,2012.0,Q2,2012-04-29,2012-07-28,,netcashfromoperatingactivities,netcashfromcontinuingoperatingactivities,Net Cash From Continuing Operating Activities,+,debit,usd,8714000.0
Zumiez Inc,ZUMZ,549300J0PDF58P6HZD25,0001318008,2012.0,Q2,2012-04-29,2012-07-28,,netchangeincash,netcashfromoperatingactivities,Net Cash From Operating Activities,+,debit,usd,8714000.0
Zumiez Inc,ZUMZ,549300J0PDF58P6HZD25,0001318008,2012.0,Q2,2012-04-29,2012-07-28,,netcashfromcontinuinginvestingactivities,purchaseofplantpropertyandequipment,"Purchase of Property, Plant & Equipment",+,debit,usd,-13385000.0
Zumiez Inc,ZUMZ,549300J0PDF58P6HZD25,0001318008,2012.0,Q2,2012-04-29,2012-07-28,,netcashfromcontinuinginvestingactivities,acquisitions,Acquisitions,+,debit,usd,-69685000.0
Zumiez Inc,ZUMZ,549300J0PDF58P6HZD25,0001318008,2012.0,Q2,2012-04-29,2012-07-28,,netcashfromcontinuinginvestingactivities,purchaseofinvestments,Purchase of Investments,+,debit,usd,-22280000.0
Zumiez Inc,ZUMZ,549300J0PDF58P6HZD25,0001318008,2012.0,Q2,2012-04-29,2012-07-28,,netcashfromcontinuinginvestingactivities,saleofinvestments,Sale and/or Maturity of Investments,+,debit,usd,101238000.0
Zumiez Inc,ZUMZ,549300J0PDF58P6HZD25,0001318008,2012.0,Q2,2012-04-29,2012-07-28,,netcashfrominvestingactivities,netcashfromcontinuinginvestingactivities,Net Cash From Continuing Investing Activities,+,debit,usd,-4112000.0
Zumiez Inc,ZUMZ,549300J0PDF58P6HZD25,0001318008,2012.0,Q2,2012-04-29,2012-07-28,,netchangeincash,netcashfrominvestingactivities,Net Cash From Investing Activities,+,debit,usd,-4112000.0
Zumiez Inc,ZUMZ,549300J0PDF58P6HZD25,0001318008,2012.0,Q2,2012-04-29,2012-07-28,,netcashfromcontinuingfinancingactivities,repaymentofdebt,Repayment of Debt,+,debit,usd,-109000.0
Zumiez Inc,ZUMZ,549300J0PDF58P6HZD25,0001318008,2012.0,Q2,2012-04-29,2012-07-28,,netcashfromcontinuingfinancingactivities,issuanceofcommonequity,Issuance of Common Equity,+,debit,usd,104000.0
Zumiez Inc,ZUMZ,549300J0PDF58P6HZD25,0001318008,2012.0,Q2,2012-04-29,2012-07-28,,netcashfromcontinuingfinancingactivities,otherfinancingactivitiesnet,"Other Financing Activities, net",+,debit,usd,355000.0
Zumiez Inc,ZUMZ,549300J0PDF58P6HZD25,0001318008,2012.0,Q2,2012-04-29,2012-07-28,,netcashfromfinancingactivities,netcashfromcontinuingfinancingactivities,Net Cash From Continuing Financing Activities,+,debit,usd,350000.0
Zumiez Inc,ZUMZ,549300J0PDF58P6HZD25,0001318008,2012.0,Q2,2012-04-29,2012-07-28,,netchangeincash,netcashfromfinancingactivities,Net Cash From Financing Activities,+,debit,usd,350000.0
Zumiez Inc,ZUMZ,549300J0PDF58P6HZD25,0001318008,2012.0,Q2,2012-04-29,2012-07-28,,netchangeincash,effectofexchangeratechanges,Effect of Exchange Rate Changes,+,debit,usd,-304000.0
Zumiez Inc,ZUMZ,549300J0PDF58P6HZD25,0001318008,2012.0,Q2,2012-04-29,2012-07-28,,,netchangeincash,Net Change in Cash & Equivalents,=,debit,usd,4648000.0
Zumiez Inc,ZUMZ,549300J0PDF58P6HZD25,0001318008,2012.0,Q2,2012-04-29,2012-07-28,,,cashincometaxespaid,Cash Income Taxes Paid,=,,usd,919000.0
Zumiez Inc,ZUMZ,549300J0PDF58P6HZD25,0001318008,2012.0,Q3,2012-07-29,2012-10-27,,netincomecontinuing,netincome,Consolidated Net Income / (Loss),+,credit,usd,12667000.0
Zumiez Inc,ZUMZ,549300J0PDF58P6HZD25,0001318008,2012.0,Q3,2012-07-29,2012-10-27,,netcashfromcontinuingoperatingactivities,netincomecontinuing,Net Income / (Loss) Continuing Operations,+,credit,usd,12667000.0
Zumiez Inc,ZUMZ,549300J0PDF58P6HZD25,0001318008,2012.0,Q3,2012-07-29,2012-10-27,,netcashfromcontinuingoperatingactivities,depreciationexpense,Depreciation Expense,+,debit,usd,6003000.0
Zumiez Inc,ZUMZ,549300J0PDF58P6HZD25,0001318008,2012.0,Q3,2012-07-29,2012-10-27,,netcashfromcontinuingoperatingactivities,noncashadjustmentstonetincome,Non-Cash Adjustments To Reconcile Net Income,+,debit,usd,2044000.0
Zumiez Inc,ZUMZ,549300J0PDF58P6HZD25,0001318008,2012.0,Q3,2012-07-29,2012-10-27,,netcashfromcontinuingoperatingactivities,increasedecreaseinoperatingcapital,"Changes in Operating Assets and Liabilities, net",+,debit,usd,-7041000.0
Zumiez Inc,ZUMZ,549300J0PDF58P6HZD25,0001318008,2012.0,Q3,2012-07-29,2012-10-27,,netcashfromoperatingactivities,netcashfromcontinuingoperatingactivities,Net Cash From Continuing Operating Activities,+,debit,usd,13673000.0
Zumiez Inc,ZUMZ,549300J0PDF58P6HZD25,0001318008,2012.0,Q3,2012-07-29,2012-10-27,,netchangeincash,netcashfromoperatingactivities,Net Cash From Operating Activities,+,debit,usd,13673000.0
Zumiez Inc,ZUMZ,549300J0PDF58P6HZD25,0001318008,2012.0,Q3,2012-07-29,2012-10-27,,netcashfromcontinuinginvestingactivities,purchaseofplantpropertyandequipment,"Purchase of Property, Plant & Equipment",+,debit,usd,-12124000.0
Zumiez Inc,ZUMZ,549300J0PDF58P6HZD25,0001318008,2012.0,Q3,2012-07-29,2012-10-27,,netcashfromcontinuinginvestingactivities,purchaseofinvestments,Purchase of Investments,+,debit,usd,-29613000.0
Zumiez Inc,ZUMZ,549300J0PDF58P6HZD25,0001318008,2012.0,Q3,2012-07-29,2012-10-27,,netcashfromcontinuinginvestingactivities,saleofinvestments,Sale and/or Maturity of Investments,+,debit,usd,25676000.0
Zumiez Inc,ZUMZ,549300J0PDF58P6HZD25,0001318008,2012.0,Q3,2012-07-29,2012-10-27,,netcashfrominvestingactivities,netcashfromcontinuinginvestingactivities,Net Cash From Continuing Investing Activities,+,debit,usd,-16061000.0
Zumiez Inc,ZUMZ,549300J0PDF58P6HZD25,0001318008,2012.0,Q3,2012-07-29,2012-10-27,,netchangeincash,netcashfrominvestingactivities,Net Cash From Investing Activities,+,debit,usd,-16061000.0
Zumiez Inc,ZUMZ,549300J0PDF58P6HZD25,0001318008,2012.0,Q3,2012-07-29,2012-10-27,,netcashfromcontinuingfinancingactivities,repaymentofdebt,Repayment of Debt,+,debit,usd,-74000.0
Zumiez Inc,ZUMZ,549300J0PDF58P6HZD25,0001318008,2012.0,Q3,2012-07-29,2012-10-27,,netcashfromcontinuingfinancingactivities,issuanceofcommonequity,Issuance of Common Equity,+,debit,usd,187000.0
Zumiez Inc,ZUMZ,549300J0PDF58P6HZD25,0001318008,2012.0,Q3,2012-07-29,2012-10-27,,netcashfromcontinuingfinancingactivities,otherfinancingactivitiesnet,"Other Financing Activities, net",+,debit,usd,150000.0
Zumiez Inc,ZUMZ,549300J0PDF58P6HZD25,0001318008,2012.0,Q3,2012-07-29,2012-10-27,,netcashfromfinancingactivities,netcashfromcontinuingfinancingactivities,Net Cash From Continuing Financing Activities,+,debit,usd,263000.0
Zumiez Inc,ZUMZ,549300J0PDF58P6HZD25,0001318008,2012.0,Q3,2012-07-29,2012-10-27,,netchangeincash,netcashfromfinancingactivities,Net Cash From Financing Activities,+,debit,usd,263000.0
Zumiez Inc,ZUMZ,549300J0PDF58P6HZD25,0001318008,2012.0,Q3,2012-07-29,2012-10-27,,netchangeincash,effectofexchangeratechanges,Effect of Exchange Rate Changes,+,debit,usd,95000.0
Zumiez Inc,ZUMZ,549300J0PDF58P6HZD25,0001318008,2012.0,Q3,2012-07-29,2012-10-27,,,netchangeincash,Net Change in Cash & Equivalents,=,debit,usd,-2030000.0
Zumiez Inc,ZUMZ,549300J0PDF58P6HZD25,0001318008,2012.0,Q3,2012-07-29,2012-10-27,,,cashincometaxespaid,Cash Income Taxes Paid,=,,usd,3453000.0
Zumiez Inc,ZUMZ,549300J0PDF58P6HZD25,0001318008,2012.0,Q4,2012-10-28,2013-02-02,,netincomecontinuing,netincome,Consolidated Net Income / (Loss),+,credit,usd,22884000.0
Zumiez Inc,ZUMZ,549300J0PDF58P6HZD25,0001318008,2012.0,Q4,2012-10-28,2013-02-02,,netcashfromcontinuingoperatingactivities,netincomecontinuing,Net Income / (Loss) Continuing Operations,+,credit,usd,22884000.0
Zumiez Inc,ZUMZ,549300J0PDF58P6HZD25,0001318008,2012.0,Q4,2012-10-28,2013-02-02,,netcashfromcontinuingoperatingactivities,depreciationexpense,Depreciation Expense,+,debit,usd,6296000.0
Zumiez Inc,ZUMZ,549300J0PDF58P6HZD25,0001318008,2012.0,Q4,2012-10-28,2013-02-02,,netcashfromcontinuingoperatingactivities,noncashadjustmentstonetincome,Non-Cash Adjustments To Reconcile Net Income,+,debit,usd,1935000.0
Zumiez Inc,ZUMZ,549300J0PDF58P6HZD25,0001318008,2012.0,Q4,2012-10-28,2013-02-02,,netcashfromcontinuingoperatingactivities,increasedecreaseinoperatingcapital,"Changes in Operating Assets and Liabilities, net",+,debit,usd,6924000.0
Zumiez Inc,ZUMZ,549300J0PDF58P6HZD25,0001318008,2012.0,Q4,2012-10-28,2013-02-02,,netcashfromoperatingactivities,netcashfromcontinuingoperatingactivities,Net Cash From Continuing Operating Activities,+,debit,usd,38039000.0
Zumiez Inc,ZUMZ,549300J0PDF58P6HZD25,0001318008,2012.0,Q4,2012-10-28,2013-02-02,,netchangeincash,netcashfromoperatingactivities,Net Cash From Operating Activities,+,debit,usd,38039000.0
Zumiez Inc,ZUMZ,549300J0PDF58P6HZD25,0001318008,2012.0,Q4,2012-10-28,2013-02-02,,netcashfromcontinuinginvestingactivities,purchaseofplantpropertyandequipment,"Purchase of Property, Plant & Equipment",+,debit,usd,-7042000.0
Zumiez Inc,ZUMZ,549300J0PDF58P6HZD25,0001318008,2012.0,Q4,2012-10-28,2013-02-02,,netcashfromcontinuinginvestingactivities,acquisitions,Acquisitions,+,debit,usd,-1026000.0
Zumiez Inc,ZUMZ,549300J0PDF58P6HZD25,0001318008,2012.0,Q4,2012-10-28,2013-02-02,,netcashfromcontinuinginvestingactivities,purchaseofinvestments,Purchase of Investments,+,debit,usd,-25735000.0
Zumiez Inc,ZUMZ,549300J0PDF58P6HZD25,0001318008,2012.0,Q4,2012-10-28,2013-02-02,,netcashfromcontinuinginvestingactivities,saleofinvestments,Sale and/or Maturity of Investments,+,debit,usd,27474000.0
Zumiez Inc,ZUMZ,549300J0PDF58P6HZD25,0001318008,2012.0,Q4,2012-10-28,2013-02-02,,netcashfrominvestingactivities,netcashfromcontinuinginvestingactivities,Net Cash From Continuing Investing Activities,+,debit,usd,-6329000.0
Zumiez Inc,ZUMZ,549300J0PDF58P6HZD25,0001318008,2012.0,Q4,2012-10-28,2013-02-02,,netchangeincash,netcashfrominvestingactivities,Net Cash From Investing Activities,+,debit,usd,-6329000.0
Zumiez Inc,ZUMZ,549300J0PDF58P6HZD25,0001318008,2012.0,Q4,2012-10-28,2013-02-02,,netcashfromcontinuingfinancingactivities,repaymentofdebt,Repayment of Debt,+,debit,usd,-75000.0
Zumiez Inc,ZUMZ,549300J0PDF58P6HZD25,0001318008,2012.0,Q4,2012-10-28,2013-02-02,,netcashfromcontinuingfinancingactivities,repurchaseofcommonequity,Repurchase of Common Equity,+,debit,usd,-25213000.0
Zumiez Inc,ZUMZ,549300J0PDF58P6HZD25,0001318008,2012.0,Q4,2012-10-28,2013-02-02,,netcashfromcontinuingfinancingactivities,issuanceofcommonequity,Issuance of Common Equity,+,debit,usd,324000.0
Zumiez Inc,ZUMZ,549300J0PDF58P6HZD25,0001318008,2012.0,Q4,2012-10-28,2013-02-02,,netcashfromcontinuingfinancingactivities,otherfinancingactivitiesnet,"Other Financing Activities, net",+,debit,usd,-121000.0
Zumiez Inc,ZUMZ,549300J0PDF58P6HZD25,0001318008,2012.0,Q4,2012-10-28,2013-02-02,,netcashfromfinancingactivities,netcashfromcontinuingfinancingactivities,Net Cash From Continuing Financing Activities,+,debit,usd,-25085000.0
Zumiez Inc,ZUMZ,549300J0PDF58P6HZD25,0001318008,2012.0,Q4,2012-10-28,2013-02-02,,netchangeincash,netcashfromfinancingactivities,Net Cash From Financing Activities,+,debit,usd,-25085000.0
Zumiez Inc,ZUMZ,549300J0PDF58P6HZD25,0001318008,2012.0,Q4,2012-10-28,2013-02-02,,netchangeincash,effectofexchangeratechanges,Effect of Exchange Rate Changes,+,debit,usd,374000.0
Zumiez Inc,ZUMZ,549300J0PDF58P6HZD25,0001318008,2012.0,Q4,2012-10-28,2013-02-02,,,netchangeincash,Net Change in Cash & Equivalents,=,debit,usd,6999000.0
Zumiez Inc,ZUMZ,549300J0PDF58P6HZD25,0001318008,2012.0,Q4,2012-10-28,2013-02-02,,,cashincometaxespaid,Cash Income Taxes Paid,=,,usd,12763000.0
Zumiez Inc,ZUMZ,549300J0PDF58P6HZD25,0001318008,2013.0,Q1,2013-02-03,2013-05-04,2014-05-28 09:00:58+00:00,netincomecontinuing,netincome,Consolidated Net Income / (Loss),+,credit,usd,2498000.0
Zumiez Inc,ZUMZ,549300J0PDF58P6HZD25,0001318008,2013.0,Q1,2013-02-03,2013-05-04,2014-05-28 09:00:58+00:00,netcashfromcontinuingoperatingactivities,netincomecontinuing,Net Income / (Loss) Continuing Operations,+,credit,usd,2498000.0
Zumiez Inc,ZUMZ,549300J0PDF58P6HZD25,0001318008,2013.0,Q1,2013-02-03,2013-05-04,2014-05-28 09:00:58+00:00,netcashfromcontinuingoperatingactivities,depreciationexpense,Depreciation Expense,+,debit,usd,6331000.0
Zumiez Inc,ZUMZ,549300J0PDF58P6HZD25,0001318008,2013.0,Q1,2013-02-03,2013-05-04,2014-05-28 09:00:58+00:00,netcashfromcontinuingoperatingactivities,noncashadjustmentstonetincome,Non-Cash Adjustments To Reconcile Net Income,+,debit,usd,1098000.0
Zumiez Inc,ZUMZ,549300J0PDF58P6HZD25,0001318008,2013.0,Q1,2013-02-03,2013-05-04,2014-05-28 09:00:58+00:00,netcashfromcontinuingoperatingactivities,increasedecreaseinoperatingcapital,"Changes in Operating Assets and Liabilities, net",+,debit,usd,-5525000.0
Zumiez Inc,ZUMZ,549300J0PDF58P6HZD25,0001318008,2013.0,Q1,2013-02-03,2013-05-04,2014-05-28 09:00:58+00:00,netcashfromoperatingactivities,netcashfromcontinuingoperatingactivities,Net Cash From Continuing Operating Activities,+,debit,usd,4402000.0
Zumiez Inc,ZUMZ,549300J0PDF58P6HZD25,0001318008,2013.0,Q1,2013-02-03,2013-05-04,2014-05-28 09:00:58+00:00,netchangeincash,netcashfromoperatingactivities,Net Cash From Operating Activities,+,debit,usd,4402000.0
Zumiez Inc,ZUMZ,549300J0PDF58P6HZD25,0001318008,2013.0,Q1,2013-02-03,2013-05-04,2014-05-28 09:00:58+00:00,netcashfromcontinuinginvestingactivities,purchaseofplantpropertyandequipment,"Purchase of Property, Plant & Equipment",+,debit,usd,-6374000.0
Zumiez Inc,ZUMZ,549300J0PDF58P6HZD25,0001318008,2013.0,Q1,2013-02-03,2013-05-04,2014-05-28 09:00:58+00:00,netcashfromcontinuinginvestingactivities,purchaseofinvestments,Purchase of Investments,+,debit,usd,-15137000.0
Zumiez Inc,ZUMZ,549300J0PDF58P6HZD25,0001318008,2013.0,Q1,2013-02-03,2013-05-04,2014-05-28 09:00:58+00:00,netcashfromcontinuinginvestingactivities,saleofinvestments,Sale and/or Maturity of Investments,+,debit,usd,17315000.0
Zumiez Inc,ZUMZ,549300J0PDF58P6HZD25,0001318008,2013.0,Q1,2013-02-03,2013-05-04,2014-05-28 09:00:58+00:00,netcashfrominvestingactivities,netcashfromcontinuinginvestingactivities,Net Cash From Continuing Investing Activities,+,debit,usd,-4196000.0
Zumiez Inc,ZUMZ,549300J0PDF58P6HZD25,0001318008,2013.0,Q1,2013-02-03,2013-05-04,2014-05-28 09:00:58+00:00,netchangeincash,netcashfrominvestingactivities,Net Cash From Investing Activities,+,debit,usd,-4196000.0
Zumiez Inc,ZUMZ,549300J0PDF58P6HZD25,0001318008,2013.0,Q1,2013-02-03,2013-05-04,2014-05-28 09:00:58+00:00,netcashfromcontinuingfinancingactivities,repaymentofdebt,Repayment of Debt,+,debit,usd,-77000.0
Zumiez Inc,ZUMZ,549300J0PDF58P6HZD25,0001318008,2013.0,Q1,2013-02-03,2013-05-04,2014-05-28 09:00:58+00:00,netcashfromcontinuingfinancingactivities,repurchaseofcommonequity,Repurchase of Common Equity,+,debit,usd,-3680000.0
Zumiez Inc,ZUMZ,549300J0PDF58P6HZD25,0001318008,2013.0,Q1,2013-02-03,2013-05-04,2014-05-28 09:00:58+00:00,netcashfromcontinuingfinancingactivities,issuanceofcommonequity,Issuance of Common Equity,+,debit,usd,382000.0
Zumiez Inc,ZUMZ,549300J0PDF58P6HZD25,0001318008,2013.0,Q1,2013-02-03,2013-05-04,2014-05-28 09:00:58+00:00,netcashfromcontinuingfinancingactivities,otherfinancingactivitiesnet,"Other Financing Activities, net",+,debit,usd,529000.0
Zumiez Inc,ZUMZ,549300J0PDF58P6HZD25,0001318008,2013.0,Q1,2013-02-03,2013-05-04,2014-05-28 09:00:58+00:00,netcashfromfinancingactivities,netcashfromcontinuingfinancingactivities,Net Cash From Continuing Financing Activities,+,debit,usd,-2846000.0
Zumiez Inc,ZUMZ,549300J0PDF58P6HZD25,0001318008,2013.0,Q1,2013-02-03,2013-05-04,2014-05-28 09:00:58+00:00,netchangeincash,netcashfromfinancingactivities,Net Cash From Financing Activities,+,debit,usd,-2846000.0
Zumiez Inc,ZUMZ,549300J0PDF58P6HZD25,0001318008,2013.0,Q1,2013-02-03,2013-05-04,2014-05-28 09:00:58+00:00,netchangeincash,effectofexchangeratechanges,Effect of Exchange Rate Changes,+,debit,usd,-278000.0
Zumiez Inc,ZUMZ,549300J0PDF58P6HZD25,0001318008,2013.0,Q1,2013-02-03,2013-05-04,2014-05-28 09:00:58+00:00,,netchangeincash,Net Change in Cash & Equivalents,=,debit,usd,-2918000.0
Zumiez Inc,ZUMZ,549300J0PDF58P6HZD25,0001318008,2013.0,Q1,2013-02-03,2013-05-04,2014-05-28 09:00:58+00:00,,cashincometaxespaid,Cash Income Taxes Paid,=,,usd,7266000.0
Zumiez Inc,ZUMZ,549300J0PDF58P6HZD25,0001318008,2013.0,Q2,2013-05-05,2013-08-03,,netincomecontinuing,netincome,Consolidated Net Income / (Loss),+,credit,usd,4739000.0
Zumiez Inc,ZUMZ,549300J0PDF58P6HZD25,0001318008,2013.0,Q2,2013-05-05,2013-08-03,,netcashfromcontinuingoperatingactivities,netincomecontinuing,Net Income / (Loss) Continuing Operations,+,credit,usd,4739000.0
Zumiez Inc,ZUMZ,549300J0PDF58P6HZD25,0001318008,2013.0,Q2,2013-05-05,2013-08-03,,netcashfromcontinuingoperatingactivities,depreciationexpense,Depreciation Expense,+,debit,usd,6363000.0
Zumiez Inc,ZUMZ,549300J0PDF58P6HZD25,0001318008,2013.0,Q2,2013-05-05,2013-08-03,,netcashfromcontinuingoperatingactivities,noncashadjustmentstonetincome,Non-Cash Adjustments To Reconcile Net Income,+,debit,usd,1181000.0
Zumiez Inc,ZUMZ,549300J0PDF58P6HZD25,0001318008,2013.0,Q2,2013-05-05,2013-08-03,,netcashfromcontinuingoperatingactivities,increasedecreaseinoperatingcapital,"Changes in Operating Assets and Liabilities, net",+,debit,usd,-6809000.0
Zumiez Inc,ZUMZ,549300J0PDF58P6HZD25,0001318008,2013.0,Q2,2013-05-05,2013-08-03,,netcashfromoperatingactivities,netcashfromcontinuingoperatingactivities,Net Cash From Continuing Operating Activities,+,debit,usd,5474000.0
Zumiez Inc,ZUMZ,549300J0PDF58P6HZD25,0001318008,2013.0,Q2,2013-05-05,2013-08-03,,netchangeincash,netcashfromoperatingactivities,Net Cash From Operating Activities,+,debit,usd,5474000.0
Zumiez Inc,ZUMZ,549300J0PDF58P6HZD25,0001318008,2013.0,Q2,2013-05-05,2013-08-03,,netcashfromcontinuinginvestingactivities,purchaseofplantpropertyandequipment,"Purchase of Property, Plant & Equipment",+,debit,usd,-8131000.0
Zumiez Inc,ZUMZ,549300J0PDF58P6HZD25,0001318008,2013.0,Q2,2013-05-05,2013-08-03,,netcashfromcontinuinginvestingactivities,purchaseofinvestments,Purchase of Investments,+,debit,usd,-23854000.0
Zumiez Inc,ZUMZ,549300J0PDF58P6HZD25,0001318008,2013.0,Q2,2013-05-05,2013-08-03,,netcashfromcontinuinginvestingactivities,saleofinvestments,Sale and/or Maturity of Investments,+,debit,usd,30445000.0
Zumiez Inc,ZUMZ,549300J0PDF58P6HZD25,0001318008,2013.0,Q2,2013-05-05,2013-08-03,,netcashfrominvestingactivities,netcashfromcontinuinginvestingactivities,Net Cash From Continuing Investing Activities,+,debit,usd,-1540000.0
Zumiez Inc,ZUMZ,549300J0PDF58P6HZD25,0001318008,2013.0,Q2,2013-05-05,2013-08-03,,netchangeincash,netcashfrominvestingactivities,Net Cash From Investing Activities,+,debit,usd,-1540000.0
Zumiez Inc,ZUMZ,549300J0PDF58P6HZD25,0001318008,2013.0,Q2,2013-05-05,2013-08-03,,netcashfromcontinuingfinancingactivities,repaymentofdebt,Repayment of Debt,+,debit,usd,-76000.0
Zumiez Inc,ZUMZ,549300J0PDF58P6HZD25,0001318008,2013.0,Q2,2013-05-05,2013-08-03,,netcashfromcontinuingfinancingactivities,repurchaseofcommonequity,Repurchase of Common Equity,+,debit,usd,-630000.0
Zumiez Inc,ZUMZ,549300J0PDF58P6HZD25,0001318008,2013.0,Q2,2013-05-05,2013-08-03,,netcashfromcontinuingfinancingactivities,issuanceofcommonequity,Issuance of Common Equity,+,debit,usd,494000.0
Zumiez Inc,ZUMZ,549300J0PDF58P6HZD25,0001318008,2013.0,Q2,2013-05-05,2013-08-03,,netcashfromcontinuingfinancingactivities,otherfinancingactivitiesnet,"Other Financing Activities, net",+,debit,usd,639000.0
Zumiez Inc,ZUMZ,549300J0PDF58P6HZD25,0001318008,2013.0,Q2,2013-05-05,2013-08-03,,netcashfromfinancingactivities,netcashfromcontinuingfinancingactivities,Net Cash From Continuing Financing Activities,+,debit,usd,427000.0
Zumiez Inc,ZUMZ,549300J0PDF58P6HZD25,0001318008,2013.0,Q2,2013-05-05,2013-08-03,,netchangeincash,netcashfromfinancingactivities,Net Cash From Financing Activities,+,debit,usd,427000.0
Zumiez Inc,ZUMZ,549300J0PDF58P6HZD25,0001318008,2013.0,Q2,2013-05-05,2013-08-03,,netchangeincash,effectofexchangeratechanges,Effect of Exchange Rate Changes,+,debit,usd,76000.0
Zumiez Inc,ZUMZ,549300J0PDF58P6HZD25,0001318008,2013.0,Q2,2013-05-05,2013-08-03,,,netchangeincash,Net Change in Cash & Equivalents,=,debit,usd,4437000.0
Zumiez Inc,ZUMZ,549300J0PDF58P6HZD25,0001318008,2013.0,Q2,2013-05-05,2013-08-03,,,cashincometaxespaid,Cash Income Taxes Paid,=,,usd,5162000.0
Zumiez Inc,ZUMZ,549300J0PDF58P6HZD25,0001318008,2013.0,Q3,2013-08-04,2013-11-02,,netincomecontinuing,netincome,Consolidated Net Income / (Loss),+,credit,usd,11860000.0
Zumiez Inc,ZUMZ,549300J0PDF58P6HZD25,0001318008,2013.0,Q3,2013-08-04,2013-11-02,,netcashfromcontinuingoperatingactivities,netincomecontinuing,Net Income / (Loss) Continuing Operations,+,credit,usd,11860000.0
Zumiez Inc,ZUMZ,549300J0PDF58P6HZD25,0001318008,2013.0,Q3,2013-08-04,2013-11-02,,netcashfromcontinuingoperatingactivities,depreciationexpense,Depreciation Expense,+,debit,usd,6823000.0
Zumiez Inc,ZUMZ,549300J0PDF58P6HZD25,0001318008,2013.0,Q3,2013-08-04,2013-11-02,,netcashfromcontinuingoperatingactivities,noncashadjustmentstonetincome,Non-Cash Adjustments To Reconcile Net Income,+,debit,usd,2568000.0
Zumiez Inc,ZUMZ,549300J0PDF58P6HZD25,0001318008,2013.0,Q3,2013-08-04,2013-11-02,,netcashfromcontinuingoperatingactivities,increasedecreaseinoperatingcapital,"Changes in Operating Assets and Liabilities, net",+,debit,usd,-9464000.0
Zumiez Inc,ZUMZ,549300J0PDF58P6HZD25,0001318008,2013.0,Q3,2013-08-04,2013-11-02,,netcashfromoperatingactivities,netcashfromcontinuingoperatingactivities,Net Cash From Continuing Operating Activities,+,debit,usd,11787000.0
Zumiez Inc,ZUMZ,549300J0PDF58P6HZD25,0001318008,2013.0,Q3,2013-08-04,2013-11-02,,netchangeincash,netcashfromoperatingactivities,Net Cash From Operating Activities,+,debit,usd,11787000.0
Zumiez Inc,ZUMZ,549300J0PDF58P6HZD25,0001318008,2013.0,Q3,2013-08-04,2013-11-02,,netcashfromcontinuinginvestingactivities,purchaseofplantpropertyandequipment,"Purchase of Property, Plant & Equipment",+,debit,usd,-12674000.0
Zumiez Inc,ZUMZ,549300J0PDF58P6HZD25,0001318008,2013.0,Q3,2013-08-04,2013-11-02,,netcashfromcontinuinginvestingactivities,purchaseofinvestments,Purchase of Investments,+,debit,usd,-39184000.0
Zumiez Inc,ZUMZ,549300J0PDF58P6HZD25,0001318008,2013.0,Q3,2013-08-04,2013-11-02,,netcashfromcontinuinginvestingactivities,saleofinvestments,Sale and/or Maturity of Investments,+,debit,usd,25914000.0
Zumiez Inc,ZUMZ,549300J0PDF58P6HZD25,0001318008,2013.0,Q3,2013-08-04,2013-11-02,,netcashfrominvestingactivities,netcashfromcontinuinginvestingactivities,Net Cash From Continuing Investing Activities,+,debit,usd,-25944000.0
Zumiez Inc,ZUMZ,549300J0PDF58P6HZD25,0001318008,2013.0,Q3,2013-08-04,2013-11-02,,netchangeincash,netcashfrominvestingactivities,Net Cash From Investing Activities,+,debit,usd,-25944000.0
Zumiez Inc,ZUMZ,549300J0PDF58P6HZD25,0001318008,2013.0,Q3,2013-08-04,2013-11-02,,netcashfromcontinuingfinancingactivities,repaymentofdebt,Repayment of Debt,+,debit,usd,-80000.0
Zumiez Inc,ZUMZ,549300J0PDF58P6HZD25,0001318008,2013.0,Q3,2013-08-04,2013-11-02,,netcashfromcontinuingfinancingactivities,issuanceofcommonequity,Issuance of Common Equity,+,debit,usd,432000.0
Zumiez Inc,ZUMZ,549300J0PDF58P6HZD25,0001318008,2013.0,Q3,2013-08-04,2013-11-02,,netcashfromcontinuingfinancingactivities,otherfinancingactivitiesnet,"Other Financing Activities, net",+,debit,usd,-14000.0
Zumiez Inc,ZUMZ,549300J0PDF58P6HZD25,0001318008,2013.0,Q3,2013-08-04,2013-11-02,,netcashfromfinancingactivities,netcashfromcontinuingfinancingactivities,Net Cash From Continuing Financing Activities,+,debit,usd,338000.0
Zumiez Inc,ZUMZ,549300J0PDF58P6HZD25,0001318008,2013.0,Q3,2013-08-04,2013-11-02,,netchangeincash,netcashfromfinancingactivities,Net Cash From Financing Activities,+,debit,usd,338000.0
Zumiez Inc,ZUMZ,549300J0PDF58P6HZD25,0001318008,2013.0,Q3,2013-08-04,2013-11-02,,netchangeincash,effectofexchangeratechanges,Effect of Exchange Rate Changes,+,debit,usd,36000.0
Zumiez Inc,ZUMZ,549300J0PDF58P6HZD25,0001318008,2013.0,Q3,2013-08-04,2013-11-02,,,netchangeincash,Net Change in Cash & Equivalents,=,debit,usd,-13783000.0
Zumiez Inc,ZUMZ,549300J0PDF58P6HZD25,0001318008,2013.0,Q3,2013-08-04,2013-11-02,,,cashincometaxespaid,Cash Income Taxes Paid,=,,usd,4940000.0
Zumiez Inc,ZUMZ,549300J0PDF58P6HZD25,0001318008,2013.0,Q4,2013-11-03,2014-02-01,,netincomecontinuing,netincome,Consolidated Net Income / (Loss),+,credit,usd,26851000.0
Zumiez Inc,ZUMZ,549300J0PDF58P6HZD25,0001318008,2013.0,Q4,2013-11-03,2014-02-01,,netcashfromcontinuingoperatingactivities,netincomecontinuing,Net Income / (Loss) Continuing Operations,+,credit,usd,26851000.0
Zumiez Inc,ZUMZ,549300J0PDF58P6HZD25,0001318008,2013.0,Q4,2013-11-03,2014-02-01,,netcashfromcontinuingoperatingactivities,depreciationexpense,Depreciation Expense,+,debit,usd,7079000.0
Zumiez Inc,ZUMZ,549300J0PDF58P6HZD25,0001318008,2013.0,Q4,2013-11-03,2014-02-01,,netcashfromcontinuingoperatingactivities,noncashadjustmentstonetincome,Non-Cash Adjustments To Reconcile Net Income,+,debit,usd,262000.0
Zumiez Inc,ZUMZ,549300J0PDF58P6HZD25,0001318008,2013.0,Q4,2013-11-03,2014-02-01,,netcashfromcontinuingoperatingactivities,increasedecreaseinoperatingcapital,"Changes in Operating Assets and Liabilities, net",+,debit,usd,11039000.0
Zumiez Inc,ZUMZ,549300J0PDF58P6HZD25,0001318008,2013.0,Q4,2013-11-03,2014-02-01,,netcashfromoperatingactivities,netcashfromcontinuingoperatingactivities,Net Cash From Continuing Operating Activities,+,debit,usd,45231000.0
Zumiez Inc,ZUMZ,549300J0PDF58P6HZD25,0001318008,2013.0,Q4,2013-11-03,2014-02-01,,netchangeincash,netcashfromoperatingactivities,Net Cash From Operating Activities,+,debit,usd,45231000.0
Zumiez Inc,ZUMZ,549300J0PDF58P6HZD25,0001318008,2013.0,Q4,2013-11-03,2014-02-01,,netcashfromcontinuinginvestingactivities,purchaseofplantpropertyandequipment,"Purchase of Property, Plant & Equipment",+,debit,usd,-8790000.0
Zumiez Inc,ZUMZ,549300J0PDF58P6HZD25,0001318008,2013.0,Q4,2013-11-03,2014-02-01,,netcashfromcontinuinginvestingactivities,purchaseofinvestments,Purchase of Investments,+,debit,usd,-45954000.0
Zumiez Inc,ZUMZ,549300J0PDF58P6HZD25,0001318008,2013.0,Q4,2013-11-03,2014-02-01,,netcashfromcontinuinginvestingactivities,saleofinvestments,Sale and/or Maturity of Investments,+,debit,usd,36805000.0
Zumiez Inc,ZUMZ,549300J0PDF58P6HZD25,0001318008,2013.0,Q4,2013-11-03,2014-02-01,,netcashfrominvestingactivities,netcashfromcontinuinginvestingactivities,Net Cash From Continuing Investing Activities,+,debit,usd,-17939000.0
Zumiez Inc,ZUMZ,549300J0PDF58P6HZD25,0001318008,2013.0,Q4,2013-11-03,2014-02-01,,netchangeincash,netcashfrominvestingactivities,Net Cash From Investing Activities,+,debit,usd,-17939000.0
Zumiez Inc,ZUMZ,549300J0PDF58P6HZD25,0001318008,2013.0,Q4,2013-11-03,2014-02-01,,netcashfromcontinuingfinancingactivities,repaymentofdebt,Repayment of Debt,+,debit,usd,-4255000.0
Zumiez Inc,ZUMZ,549300J0PDF58P6HZD25,0001318008,2013.0,Q4,2013-11-03,2014-02-01,,netcashfromcontinuingfinancingactivities,repurchaseofcommonequity,Repurchase of Common Equity,+,debit,usd,-13246000.0
Zumiez Inc,ZUMZ,549300J0PDF58P6HZD25,0001318008,2013.0,Q4,2013-11-03,2014-02-01,,netcashfromcontinuingfinancingactivities,issuanceofdebt,Issuance of Debt,+,debit,usd,4182000.0
Zumiez Inc,ZUMZ,549300J0PDF58P6HZD25,0001318008,2013.0,Q4,2013-11-03,2014-02-01,,netcashfromcontinuingfinancingactivities,issuanceofcommonequity,Issuance of Common Equity,+,debit,usd,89000.0
Zumiez Inc,ZUMZ,549300J0PDF58P6HZD25,0001318008,2013.0,Q4,2013-11-03,2014-02-01,,netcashfromcontinuingfinancingactivities,otherfinancingactivitiesnet,"Other Financing Activities, net",+,debit,usd,78000.0
Zumiez Inc,ZUMZ,549300J0PDF58P6HZD25,0001318008,2013.0,Q4,2013-11-03,2014-02-01,,netcashfromfinancingactivities,netcashfromcontinuingfinancingactivities,Net Cash From Continuing Financing Activities,+,debit,usd,-13152000.0
Zumiez Inc,ZUMZ,549300J0PDF58P6HZD25,0001318008,2013.0,Q4,2013-11-03,2014-02-01,,netchangeincash,netcashfromfinancingactivities,Net Cash From Financing Activities,+,debit,usd,-13152000.0
Zumiez Inc,ZUMZ,549300J0PDF58P6HZD25,0001318008,2013.0,Q4,2013-11-03,2014-02-01,,netchangeincash,effectofexchangeratechanges,Effect of Exchange Rate Changes,+,debit,usd,179000.0
Zumiez Inc,ZUMZ,549300J0PDF58P6HZD25,0001318008,2013.0,Q4,2013-11-03,2014-02-01,,,netchangeincash,Net Change in Cash & Equivalents,=,debit,usd,14319000.0
Zumiez Inc,ZUMZ,549300J0PDF58P6HZD25,0001318008,2013.0,Q4,2013-11-03,2014-02-01,,,cashincometaxespaid,Cash Income Taxes Paid,=,,usd,10737000.0
Zumiez Inc,ZUMZ,549300J0PDF58P6HZD25,0001318008,2014.0,Q1,2014-02-02,2014-05-03,2015-06-09 16:06:21+00:00,netincomecontinuing,netincome,Consolidated Net Income / (Loss),+,credit,usd,2496000.0
Zumiez Inc,ZUMZ,549300J0PDF58P6HZD25,0001318008,2014.0,Q1,2014-02-02,2014-05-03,2015-06-09 16:06:21+00:00,netcashfromcontinuingoperatingactivities,netincomecontinuing,Net Income / (Loss) Continuing Operations,+,credit,usd,2496000.0
Zumiez Inc,ZUMZ,549300J0PDF58P6HZD25,0001318008,2014.0,Q1,2014-02-02,2014-05-03,2015-06-09 16:06:21+00:00,netcashfromcontinuingoperatingactivities,depreciationexpense,Depreciation Expense,+,debit,usd,7009000.0
Zumiez Inc,ZUMZ,549300J0PDF58P6HZD25,0001318008,2014.0,Q1,2014-02-02,2014-05-03,2015-06-09 16:06:21+00:00,netcashfromcontinuingoperatingactivities,noncashadjustmentstonetincome,Non-Cash Adjustments To Reconcile Net Income,+,debit,usd,984000.0
Zumiez Inc,ZUMZ,549300J0PDF58P6HZD25,0001318008,2014.0,Q1,2014-02-02,2014-05-03,2015-06-09 16:06:21+00:00,netcashfromcontinuingoperatingactivities,increasedecreaseinoperatingcapital,"Changes in Operating Assets and Liabilities, net",+,debit,usd,6081000.0
Zumiez Inc,ZUMZ,549300J0PDF58P6HZD25,0001318008,2014.0,Q1,2014-02-02,2014-05-03,2015-06-09 16:06:21+00:00,netcashfromoperatingactivities,netcashfromcontinuingoperatingactivities,Net Cash From Continuing Operating Activities,+,debit,usd,16570000.0
Zumiez Inc,ZUMZ,549300J0PDF58P6HZD25,0001318008,2014.0,Q1,2014-02-02,2014-05-03,2015-06-09 16:06:21+00:00,netchangeincash,netcashfromoperatingactivities,Net Cash From Operating Activities,+,debit,usd,16570000.0
Zumiez Inc,ZUMZ,549300J0PDF58P6HZD25,0001318008,2014.0,Q1,2014-02-02,2014-05-03,2015-06-09 16:06:21+00:00,netcashfromcontinuinginvestingactivities,purchaseofplantpropertyandequipment,"Purchase of Property, Plant & Equipment",+,debit,usd,-6781000.0
Zumiez Inc,ZUMZ,549300J0PDF58P6HZD25,0001318008,2014.0,Q1,2014-02-02,2014-05-03,2015-06-09 16:06:21+00:00,netcashfromcontinuinginvestingactivities,purchaseofinvestments,Purchase of Investments,+,debit,usd,-11714000.0
Zumiez Inc,ZUMZ,549300J0PDF58P6HZD25,0001318008,2014.0,Q1,2014-02-02,2014-05-03,2015-06-09 16:06:21+00:00,netcashfromcontinuinginvestingactivities,saleofinvestments,Sale and/or Maturity of Investments,+,debit,usd,22100000.0
Zumiez Inc,ZUMZ,549300J0PDF58P6HZD25,0001318008,2014.0,Q1,2014-02-02,2014-05-03,2015-06-09 16:06:21+00:00,netcashfrominvestingactivities,netcashfromcontinuinginvestingactivities,Net Cash From Continuing Investing Activities,+,debit,usd,3605000.0
Zumiez Inc,ZUMZ,549300J0PDF58P6HZD25,0001318008,2014.0,Q1,2014-02-02,2014-05-03,2015-06-09 16:06:21+00:00,netchangeincash,netcashfrominvestingactivities,Net Cash From Investing Activities,+,debit,usd,3605000.0
Zumiez Inc,ZUMZ,549300J0PDF58P6HZD25,0001318008,2014.0,Q1,2014-02-02,2014-05-03,2015-06-09 16:06:21+00:00,netcashfromcontinuingfinancingactivities,repaymentofdebt,Repayment of Debt,+,debit,usd,-81000.0
Zumiez Inc,ZUMZ,549300J0PDF58P6HZD25,0001318008,2014.0,Q1,2014-02-02,2014-05-03,2015-06-09 16:06:21+00:00,netcashfromcontinuingfinancingactivities,repurchaseofcommonequity,Repurchase of Common Equity,+,debit,usd,-19553000.0
Zumiez Inc,ZUMZ,549300J0PDF58P6HZD25,0001318008,2014.0,Q1,2014-02-02,2014-05-03,2015-06-09 16:06:21+00:00,netcashfromcontinuingfinancingactivities,issuanceofdebt,Issuance of Debt,+,debit,usd,634000.0
Zumiez Inc,ZUMZ,549300J0PDF58P6HZD25,0001318008,2014.0,Q1,2014-02-02,2014-05-03,2015-06-09 16:06:21+00:00,netcashfromcontinuingfinancingactivities,issuanceofcommonequity,Issuance of Common Equity,+,debit,usd,242000.0
Zumiez Inc,ZUMZ,549300J0PDF58P6HZD25,0001318008,2014.0,Q1,2014-02-02,2014-05-03,2015-06-09 16:06:21+00:00,netcashfromcontinuingfinancingactivities,otherfinancingactivitiesnet,"Other Financing Activities, net",+,debit,usd,-62000.0
Zumiez Inc,ZUMZ,549300J0PDF58P6HZD25,0001318008,2014.0,Q1,2014-02-02,2014-05-03,2015-06-09 16:06:21+00:00,netcashfromfinancingactivities,netcashfromcontinuingfinancingactivities,Net Cash From Continuing Financing Activities,+,debit,usd,-18820000.0
Zumiez Inc,ZUMZ,549300J0PDF58P6HZD25,0001318008,2014.0,Q1,2014-02-02,2014-05-03,2015-06-09 16:06:21+00:00,netchangeincash,netcashfromfinancingactivities,Net Cash From Financing Activities,+,debit,usd,-18820000.0
Zumiez Inc,ZUMZ,549300J0PDF58P6HZD25,0001318008,2014.0,Q1,2014-02-02,2014-05-03,2015-06-09 16:06:21+00:00,netchangeincash,effectofexchangeratechanges,Effect of Exchange Rate Changes,+,debit,usd,90000.0
Zumiez Inc,ZUMZ,549300J0PDF58P6HZD25,0001318008,2014.0,Q1,2014-02-02,2014-05-03,2015-06-09 16:06:21+00:00,,netchangeincash,Net Change in Cash & Equivalents,=,debit,usd,1445000.0
Zumiez Inc,ZUMZ,549300J0PDF58P6HZD25,0001318008,2014.0,Q1,2014-02-02,2014-05-03,2015-06-09 16:06:21+00:00,,cashincometaxespaid,Cash Income Taxes Paid,=,,usd,5783000.0
Zumiez Inc,ZUMZ,549300J0PDF58P6HZD25,0001318008,2014.0,Q2,2014-05-04,2014-08-02,,netincomecontinuing,netincome,Consolidated Net Income / (Loss),+,credit,usd,7456000.0
Zumiez Inc,ZUMZ,549300J0PDF58P6HZD25,0001318008,2014.0,Q2,2014-05-04,2014-08-02,,netcashfromcontinuingoperatingactivities,netincomecontinuing,Net Income / (Loss) Continuing Operations,+,credit,usd,7456000.0
Zumiez Inc,ZUMZ,549300J0PDF58P6HZD25,0001318008,2014.0,Q2,2014-05-04,2014-08-02,,netcashfromcontinuingoperatingactivities,depreciationexpense,Depreciation Expense,+,debit,usd,7090000.0
Zumiez Inc,ZUMZ,549300J0PDF58P6HZD25,0001318008,2014.0,Q2,2014-05-04,2014-08-02,,netcashfromcontinuingoperatingactivities,noncashadjustmentstonetincome,Non-Cash Adjustments To Reconcile Net Income,+,debit,usd,899000.0
Zumiez Inc,ZUMZ,549300J0PDF58P6HZD25,0001318008,2014.0,Q2,2014-05-04,2014-08-02,,netcashfromcontinuingoperatingactivities,increasedecreaseinoperatingcapital,"Changes in Operating Assets and Liabilities, net",+,debit,usd,-1500000.0
Zumiez Inc,ZUMZ,549300J0PDF58P6HZD25,0001318008,2014.0,Q2,2014-05-04,2014-08-02,,netcashfromoperatingactivities,netcashfromcontinuingoperatingactivities,Net Cash From Continuing Operating Activities,+,debit,usd,13945000.0
Zumiez Inc,ZUMZ,549300J0PDF58P6HZD25,0001318008,2014.0,Q2,2014-05-04,2014-08-02,,netchangeincash,netcashfromoperatingactivities,Net Cash From Operating Activities,+,debit,usd,13945000.0
Zumiez Inc,ZUMZ,549300J0PDF58P6HZD25,0001318008,2014.0,Q2,2014-05-04,2014-08-02,,netcashfromcontinuinginvestingactivities,purchaseofplantpropertyandequipment,"Purchase of Property, Plant & Equipment",+,debit,usd,-11520000.0
Zumiez Inc,ZUMZ,549300J0PDF58P6HZD25,0001318008,2014.0,Q2,2014-05-04,2014-08-02,,netcashfromcontinuinginvestingactivities,purchaseofinvestments,Purchase of Investments,+,debit,usd,-24833000.0
Zumiez Inc,ZUMZ,549300J0PDF58P6HZD25,0001318008,2014.0,Q2,2014-05-04,2014-08-02,,netcashfromcontinuinginvestingactivities,saleofinvestments,Sale and/or Maturity of Investments,+,debit,usd,19662000.0
Zumiez Inc,ZUMZ,549300J0PDF58P6HZD25,0001318008,2014.0,Q2,2014-05-04,2014-08-02,,netcashfrominvestingactivities,netcashfromcontinuinginvestingactivities,Net Cash From Continuing Investing Activities,+,debit,usd,-16691000.0
Zumiez Inc,ZUMZ,549300J0PDF58P6HZD25,0001318008,2014.0,Q2,2014-05-04,2014-08-02,,netchangeincash,netcashfrominvestingactivities,Net Cash From Investing Activities,+,debit,usd,-16691000.0
Zumiez Inc,ZUMZ,549300J0PDF58P6HZD25,0001318008,2014.0,Q2,2014-05-04,2014-08-02,,netcashfromcontinuingfinancingactivities,repaymentofdebt,Repayment of Debt,+,debit,usd,-959000.0
Zumiez Inc,ZUMZ,549300J0PDF58P6HZD25,0001318008,2014.0,Q2,2014-05-04,2014-08-02,,netcashfromcontinuingfinancingactivities,repurchaseofcommonequity,Repurchase of Common Equity,+,debit,usd,-4000.0
Zumiez Inc,ZUMZ,549300J0PDF58P6HZD25,0001318008,2014.0,Q2,2014-05-04,2014-08-02,,netcashfromcontinuingfinancingactivities,issuanceofdebt,Issuance of Debt,+,debit,usd,1410000.0
Zumiez Inc,ZUMZ,549300J0PDF58P6HZD25,0001318008,2014.0,Q2,2014-05-04,2014-08-02,,netcashfromcontinuingfinancingactivities,issuanceofcommonequity,Issuance of Common Equity,+,debit,usd,2755000.0
Zumiez Inc,ZUMZ,549300J0PDF58P6HZD25,0001318008,2014.0,Q2,2014-05-04,2014-08-02,,netcashfromcontinuingfinancingactivities,otherfinancingactivitiesnet,"Other Financing Activities, net",+,debit,usd,536000.0
Zumiez Inc,ZUMZ,549300J0PDF58P6HZD25,0001318008,2014.0,Q2,2014-05-04,2014-08-02,,netcashfromfinancingactivities,netcashfromcontinuingfinancingactivities,Net Cash From Continuing Financing Activities,+,debit,usd,3738000.0
Zumiez Inc,ZUMZ,549300J0PDF58P6HZD25,0001318008,2014.0,Q2,2014-05-04,2014-08-02,,netchangeincash,netcashfromfinancingactivities,Net Cash From Financing Activities,+,debit,usd,3738000.0
Zumiez Inc,ZUMZ,549300J0PDF58P6HZD25,0001318008,2014.0,Q2,2014-05-04,2014-08-02,,netchangeincash,effectofexchangeratechanges,Effect of Exchange Rate Changes,+,debit,usd,-34000.0
Zumiez Inc,ZUMZ,549300J0PDF58P6HZD25,0001318008,2014.0,Q2,2014-05-04,2014-08-02,,,netchangeincash,Net Change in Cash & Equivalents,=,debit,usd,958000.0
Zumiez Inc,ZUMZ,549300J0PDF58P6HZD25,0001318008,2014.0,Q2,2014-05-04,2014-08-02,,,cashincometaxespaid,Cash Income Taxes Paid,=,,usd,7057000.0
Zumiez Inc,ZUMZ,549300J0PDF58P6HZD25,0001318008,2014.0,Q3,2014-08-03,2014-11-01,,netincomecontinuing,netincome,Consolidated Net Income / (Loss),+,credit,usd,15727000.0
Zumiez Inc,ZUMZ,549300J0PDF58P6HZD25,0001318008,2014.0,Q3,2014-08-03,2014-11-01,,netcashfromcontinuingoperatingactivities,netincomecontinuing,Net Income / (Loss) Continuing Operations,+,credit,usd,15727000.0
Zumiez Inc,ZUMZ,549300J0PDF58P6HZD25,0001318008,2014.0,Q3,2014-08-03,2014-11-01,,netcashfromcontinuingoperatingactivities,depreciationexpense,Depreciation Expense,+,debit,usd,7457000.0
Zumiez Inc,ZUMZ,549300J0PDF58P6HZD25,0001318008,2014.0,Q3,2014-08-03,2014-11-01,,netcashfromcontinuingoperatingactivities,noncashadjustmentstonetincome,Non-Cash Adjustments To Reconcile Net Income,+,debit,usd,1248000.0
Zumiez Inc,ZUMZ,549300J0PDF58P6HZD25,0001318008,2014.0,Q3,2014-08-03,2014-11-01,,netcashfromcontinuingoperatingactivities,increasedecreaseinoperatingcapital,"Changes in Operating Assets and Liabilities, net",+,debit,usd,-20512000.0
Zumiez Inc,ZUMZ,549300J0PDF58P6HZD25,0001318008,2014.0,Q3,2014-08-03,2014-11-01,,netcashfromoperatingactivities,netcashfromcontinuingoperatingactivities,Net Cash From Continuing Operating Activities,+,debit,usd,3920000.0
Zumiez Inc,ZUMZ,549300J0PDF58P6HZD25,0001318008,2014.0,Q3,2014-08-03,2014-11-01,,netchangeincash,netcashfromoperatingactivities,Net Cash From Operating Activities,+,debit,usd,3920000.0
Zumiez Inc,ZUMZ,549300J0PDF58P6HZD25,0001318008,2014.0,Q3,2014-08-03,2014-11-01,,netcashfromcontinuinginvestingactivities,purchaseofplantpropertyandequipment,"Purchase of Property, Plant & Equipment",+,debit,usd,-10671000.0
Zumiez Inc,ZUMZ,549300J0PDF58P6HZD25,0001318008,2014.0,Q3,2014-08-03,2014-11-01,,netcashfromcontinuinginvestingactivities,purchaseofinvestments,Purchase of Investments,+,debit,usd,-37851000.0
Zumiez Inc,ZUMZ,549300J0PDF58P6HZD25,0001318008,2014.0,Q3,2014-08-03,2014-11-01,,netcashfromcontinuinginvestingactivities,saleofinvestments,Sale and/or Maturity of Investments,+,debit,usd,33890000.0
Zumiez Inc,ZUMZ,549300J0PDF58P6HZD25,0001318008,2014.0,Q3,2014-08-03,2014-11-01,,netcashfrominvestingactivities,netcashfromcontinuinginvestingactivities,Net Cash From Continuing Investing Activities,+,debit,usd,-14632000.0
Zumiez Inc,ZUMZ,549300J0PDF58P6HZD25,0001318008,2014.0,Q3,2014-08-03,2014-11-01,,netchangeincash,netcashfrominvestingactivities,Net Cash From Investing Activities,+,debit,usd,-14632000.0
Zumiez Inc,ZUMZ,549300J0PDF58P6HZD25,0001318008,2014.0,Q3,2014-08-03,2014-11-01,,netcashfromcontinuingfinancingactivities,repaymentofdebt,Repayment of Debt,+,debit,usd,-1834000.0
Zumiez Inc,ZUMZ,549300J0PDF58P6HZD25,0001318008,2014.0,Q3,2014-08-03,2014-11-01,,netcashfromcontinuingfinancingactivities,issuanceofdebt,Issuance of Debt,+,debit,usd,4012000.0
Zumiez Inc,ZUMZ,549300J0PDF58P6HZD25,0001318008,2014.0,Q3,2014-08-03,2014-11-01,,netcashfromcontinuingfinancingactivities,issuanceofcommonequity,Issuance of Common Equity,+,debit,usd,414000.0
Zumiez Inc,ZUMZ,549300J0PDF58P6HZD25,0001318008,2014.0,Q3,2014-08-03,2014-11-01,,netcashfromcontinuingfinancingactivities,otherfinancingactivitiesnet,"Other Financing Activities, net",+,debit,usd,84000.0
Zumiez Inc,ZUMZ,549300J0PDF58P6HZD25,0001318008,2014.0,Q3,2014-08-03,2014-11-01,,netcashfromfinancingactivities,netcashfromcontinuingfinancingactivities,Net Cash From Continuing Financing Activities,+,debit,usd,2676000.0
Zumiez Inc,ZUMZ,549300J0PDF58P6HZD25,0001318008,2014.0,Q3,2014-08-03,2014-11-01,,netchangeincash,netcashfromfinancingactivities,Net Cash From Financing Activities,+,debit,usd,2676000.0
Zumiez Inc,ZUMZ,549300J0PDF58P6HZD25,0001318008,2014.0,Q3,2014-08-03,2014-11-01,,netchangeincash,effectofexchangeratechanges,Effect of Exchange Rate Changes,+,debit,usd,-216000.0
Zumiez Inc,ZUMZ,549300J0PDF58P6HZD25,0001318008,2014.0,Q3,2014-08-03,2014-11-01,,,netchangeincash,Net Change in Cash & Equivalents,=,debit,usd,-8252000.0
Zumiez Inc,ZUMZ,549300J0PDF58P6HZD25,0001318008,2014.0,Q3,2014-08-03,2014-11-01,,,cashincometaxespaid,Cash Income Taxes Paid,=,,usd,8091000.0
Zumiez Inc,ZUMZ,549300J0PDF58P6HZD25,0001318008,2014.0,Q4,2014-11-02,2015-01-31,,netincomecontinuing,netincome,Consolidated Net Income / (Loss),+,credit,usd,17513000.0
Zumiez Inc,ZUMZ,549300J0PDF58P6HZD25,0001318008,2014.0,Q4,2014-11-02,2015-01-31,,netcashfromcontinuingoperatingactivities,netincomecontinuing,Net Income / (Loss) Continuing Operations,+,credit,usd,17513000.0
Zumiez Inc,ZUMZ,549300J0PDF58P6HZD25,0001318008,2014.0,Q4,2014-11-02,2015-01-31,,netcashfromcontinuingoperatingactivities,depreciationexpense,Depreciation Expense,+,debit,usd,7611000.0
Zumiez Inc,ZUMZ,549300J0PDF58P6HZD25,0001318008,2014.0,Q4,2014-11-02,2015-01-31,,netcashfromcontinuingoperatingactivities,noncashadjustmentstonetincome,Non-Cash Adjustments To Reconcile Net Income,+,debit,usd,4143000.0
Zumiez Inc,ZUMZ,549300J0PDF58P6HZD25,0001318008,2014.0,Q4,2014-11-02,2015-01-31,,netcashfromcontinuingoperatingactivities,increasedecreaseinoperatingcapital,"Changes in Operating Assets and Liabilities, net",+,debit,usd,26235000.0
Zumiez Inc,ZUMZ,549300J0PDF58P6HZD25,0001318008,2014.0,Q4,2014-11-02,2015-01-31,,netcashfromoperatingactivities,netcashfromcontinuingoperatingactivities,Net Cash From Continuing Operating Activities,+,debit,usd,55502000.0
Zumiez Inc,ZUMZ,549300J0PDF58P6HZD25,0001318008,2014.0,Q4,2014-11-02,2015-01-31,,netchangeincash,netcashfromoperatingactivities,Net Cash From Operating Activities,+,debit,usd,55502000.0
Zumiez Inc,ZUMZ,549300J0PDF58P6HZD25,0001318008,2014.0,Q4,2014-11-02,2015-01-31,,netcashfromcontinuinginvestingactivities,purchaseofplantpropertyandequipment,"Purchase of Property, Plant & Equipment",+,debit,usd,-6786000.0
Zumiez Inc,ZUMZ,549300J0PDF58P6HZD25,0001318008,2014.0,Q4,2014-11-02,2015-01-31,,netcashfromcontinuinginvestingactivities,purchaseofinvestments,Purchase of Investments,+,debit,usd,-51573000.0
Zumiez Inc,ZUMZ,549300J0PDF58P6HZD25,0001318008,2014.0,Q4,2014-11-02,2015-01-31,,netcashfromcontinuinginvestingactivities,saleofinvestments,Sale and/or Maturity of Investments,+,debit,usd,12204000.0
Zumiez Inc,ZUMZ,549300J0PDF58P6HZD25,0001318008,2014.0,Q4,2014-11-02,2015-01-31,,netcashfrominvestingactivities,netcashfromcontinuinginvestingactivities,Net Cash From Continuing Investing Activities,+,debit,usd,-46155000.0
Zumiez Inc,ZUMZ,549300J0PDF58P6HZD25,0001318008,2014.0,Q4,2014-11-02,2015-01-31,,netchangeincash,netcashfrominvestingactivities,Net Cash From Investing Activities,+,debit,usd,-46155000.0
Zumiez Inc,ZUMZ,549300J0PDF58P6HZD25,0001318008,2014.0,Q4,2014-11-02,2015-01-31,,netcashfromcontinuingfinancingactivities,repaymentofdebt,Repayment of Debt,+,debit,usd,-6135000.0
Zumiez Inc,ZUMZ,549300J0PDF58P6HZD25,0001318008,2014.0,Q4,2014-11-02,2015-01-31,,netcashfromcontinuingfinancingactivities,issuanceofdebt,Issuance of Debt,+,debit,usd,887000.0
Zumiez Inc,ZUMZ,549300J0PDF58P6HZD25,0001318008,2014.0,Q4,2014-11-02,2015-01-31,,netcashfromcontinuingfinancingactivities,issuanceofcommonequity,Issuance of Common Equity,+,debit,usd,2924000.0
Zumiez Inc,ZUMZ,549300J0PDF58P6HZD25,0001318008,2014.0,Q4,2014-11-02,2015-01-31,,netcashfromcontinuingfinancingactivities,otherfinancingactivitiesnet,"Other Financing Activities, net",+,debit,usd,797000.0
Zumiez Inc,ZUMZ,549300J0PDF58P6HZD25,0001318008,2014.0,Q4,2014-11-02,2015-01-31,,netcashfromfinancingactivities,netcashfromcontinuingfinancingactivities,Net Cash From Continuing Financing Activities,+,debit,usd,-1527000.0
Zumiez Inc,ZUMZ,549300J0PDF58P6HZD25,0001318008,2014.0,Q4,2014-11-02,2015-01-31,,netchangeincash,netcashfromfinancingactivities,Net Cash From Financing Activities,+,debit,usd,-1527000.0
Zumiez Inc,ZUMZ,549300J0PDF58P6HZD25,0001318008,2014.0,Q4,2014-11-02,2015-01-31,,netchangeincash,effectofexchangeratechanges,Effect of Exchange Rate Changes,+,debit,usd,-743000.0
Zumiez Inc,ZUMZ,549300J0PDF58P6HZD25,0001318008,2014.0,Q4,2014-11-02,2015-01-31,,,netchangeincash,Net Change in Cash & Equivalents,=,debit,usd,7077000.0
Zumiez Inc,ZUMZ,549300J0PDF58P6HZD25,0001318008,2014.0,Q4,2014-11-02,2015-01-31,,,cashincometaxespaid,Cash Income Taxes Paid,=,,usd,7839000.0
Zumiez Inc,ZUMZ,549300J0PDF58P6HZD25,0001318008,2015.0,Q1,2015-02-01,2015-05-02,2016-06-07 16:31:56+00:00,netincomecontinuing,netincome,Consolidated Net Income / (Loss),+,credit,usd,2770000.0
Zumiez Inc,ZUMZ,549300J0PDF58P6HZD25,0001318008,2015.0,Q1,2015-02-01,2015-05-02,2016-06-07 16:31:56+00:00,netcashfromcontinuingoperatingactivities,netincomecontinuing,Net Income / (Loss) Continuing Operations,+,credit,usd,2770000.0
Zumiez Inc,ZUMZ,549300J0PDF58P6HZD25,0001318008,2015.0,Q1,2015-02-01,2015-05-02,2016-06-07 16:31:56+00:00,netcashfromcontinuingoperatingactivities,depreciationexpense,Depreciation Expense,+,debit,usd,7797000.0
Zumiez Inc,ZUMZ,549300J0PDF58P6HZD25,0001318008,2015.0,Q1,2015-02-01,2015-05-02,2016-06-07 16:31:56+00:00,netcashfromcontinuingoperatingactivities,noncashadjustmentstonetincome,Non-Cash Adjustments To Reconcile Net Income,+,debit,usd,807000.0
Zumiez Inc,ZUMZ,549300J0PDF58P6HZD25,0001318008,2015.0,Q1,2015-02-01,2015-05-02,2016-06-07 16:31:56+00:00,netcashfromcontinuingoperatingactivities,increasedecreaseinoperatingcapital,"Changes in Operating Assets and Liabilities, net",+,debit,usd,-9686000.0
Zumiez Inc,ZUMZ,549300J0PDF58P6HZD25,0001318008,2015.0,Q1,2015-02-01,2015-05-02,2016-06-07 16:31:56+00:00,netcashfromoperatingactivities,netcashfromcontinuingoperatingactivities,Net Cash From Continuing Operating Activities,+,debit,usd,1688000.0
Zumiez Inc,ZUMZ,549300J0PDF58P6HZD25,0001318008,2015.0,Q1,2015-02-01,2015-05-02,2016-06-07 16:31:56+00:00,netchangeincash,netcashfromoperatingactivities,Net Cash From Operating Activities,+,debit,usd,1688000.0
Zumiez Inc,ZUMZ,549300J0PDF58P6HZD25,0001318008,2015.0,Q1,2015-02-01,2015-05-02,2016-06-07 16:31:56+00:00,netcashfromcontinuinginvestingactivities,purchaseofplantpropertyandequipment,"Purchase of Property, Plant & Equipment",+,debit,usd,-8818000.0
Zumiez Inc,ZUMZ,549300J0PDF58P6HZD25,0001318008,2015.0,Q1,2015-02-01,2015-05-02,2016-06-07 16:31:56+00:00,netcashfromcontinuinginvestingactivities,purchaseofinvestments,Purchase of Investments,+,debit,usd,-35037000.0
Zumiez Inc,ZUMZ,549300J0PDF58P6HZD25,0001318008,2015.0,Q1,2015-02-01,2015-05-02,2016-06-07 16:31:56+00:00,netcashfromcontinuinginvestingactivities,saleofinvestments,Sale and/or Maturity of Investments,+,debit,usd,29074000.0
Zumiez Inc,ZUMZ,549300J0PDF58P6HZD25,0001318008,2015.0,Q1,2015-02-01,2015-05-02,2016-06-07 16:31:56+00:00,netcashfrominvestingactivities,netcashfromcontinuinginvestingactivities,Net Cash From Continuing Investing Activities,+,debit,usd,-14781000.0
Zumiez Inc,ZUMZ,549300J0PDF58P6HZD25,0001318008,2015.0,Q1,2015-02-01,2015-05-02,2016-06-07 16:31:56+00:00,netchangeincash,netcashfrominvestingactivities,Net Cash From Investing Activities,+,debit,usd,-14781000.0
Zumiez Inc,ZUMZ,549300J0PDF58P6HZD25,0001318008,2015.0,Q1,2015-02-01,2015-05-02,2016-06-07 16:31:56+00:00,netcashfromcontinuingfinancingactivities,repaymentofdebt,Repayment of Debt,+,debit,usd,-1271000.0
Zumiez Inc,ZUMZ,549300J0PDF58P6HZD25,0001318008,2015.0,Q1,2015-02-01,2015-05-02,2016-06-07 16:31:56+00:00,netcashfromcontinuingfinancingactivities,issuanceofdebt,Issuance of Debt,+,debit,usd,4310000.0
Zumiez Inc,ZUMZ,549300J0PDF58P6HZD25,0001318008,2015.0,Q1,2015-02-01,2015-05-02,2016-06-07 16:31:56+00:00,netcashfromcontinuingfinancingactivities,issuanceofcommonequity,Issuance of Common Equity,+,debit,usd,367000.0
Zumiez Inc,ZUMZ,549300J0PDF58P6HZD25,0001318008,2015.0,Q1,2015-02-01,2015-05-02,2016-06-07 16:31:56+00:00,netcashfromcontinuingfinancingactivities,otherfinancingactivitiesnet,"Other Financing Activities, net",+,debit,usd,689000.0
Zumiez Inc,ZUMZ,549300J0PDF58P6HZD25,0001318008,2015.0,Q1,2015-02-01,2015-05-02,2016-06-07 16:31:56+00:00,netcashfromfinancingactivities,netcashfromcontinuingfinancingactivities,Net Cash From Continuing Financing Activities,+,debit,usd,4095000.0
Zumiez Inc,ZUMZ,549300J0PDF58P6HZD25,0001318008,2015.0,Q1,2015-02-01,2015-05-02,2016-06-07 16:31:56+00:00,netchangeincash,netcashfromfinancingactivities,Net Cash From Financing Activities,+,debit,usd,4095000.0
Zumiez Inc,ZUMZ,549300J0PDF58P6HZD25,0001318008,2015.0,Q1,2015-02-01,2015-05-02,2016-06-07 16:31:56+00:00,netchangeincash,effectofexchangeratechanges,Effect of Exchange Rate Changes,+,debit,usd,-58000.0
Zumiez Inc,ZUMZ,549300J0PDF58P6HZD25,0001318008,2015.0,Q1,2015-02-01,2015-05-02,2016-06-07 16:31:56+00:00,,netchangeincash,Net Change in Cash & Equivalents,=,debit,usd,-9056000.0
Zumiez Inc,ZUMZ,549300J0PDF58P6HZD25,0001318008,2015.0,Q1,2015-02-01,2015-05-02,2016-06-07 16:31:56+00:00,,cashincometaxespaid,Cash Income Taxes Paid,=,,usd,5667000.0
Zumiez Inc,ZUMZ,549300J0PDF58P6HZD25,0001318008,2015.0,Q2,2015-05-03,2015-08-01,,netincomecontinuing,netincome,Consolidated Net Income / (Loss),+,credit,usd,3213000.0
Zumiez Inc,ZUMZ,549300J0PDF58P6HZD25,0001318008,2015.0,Q2,2015-05-03,2015-08-01,,netcashfromcontinuingoperatingactivities,netincomecontinuing,Net Income / (Loss) Continuing Operations,+,credit,usd,3213000.0
Zumiez Inc,ZUMZ,549300J0PDF58P6HZD25,0001318008,2015.0,Q2,2015-05-03,2015-08-01,,netcashfromcontinuingoperatingactivities,depreciationexpense,Depreciation Expense,+,debit,usd,7847000.0
Zumiez Inc,ZUMZ,549300J0PDF58P6HZD25,0001318008,2015.0,Q2,2015-05-03,2015-08-01,,netcashfromcontinuingoperatingactivities,noncashadjustmentstonetincome,Non-Cash Adjustments To Reconcile Net Income,+,debit,usd,1816000.0
Zumiez Inc,ZUMZ,549300J0PDF58P6HZD25,0001318008,2015.0,Q2,2015-05-03,2015-08-01,,netcashfromcontinuingoperatingactivities,increasedecreaseinoperatingcapital,"Changes in Operating Assets and Liabilities, net",+,debit,usd,-13587000.0
Zumiez Inc,ZUMZ,549300J0PDF58P6HZD25,0001318008,2015.0,Q2,2015-05-03,2015-08-01,,netcashfromoperatingactivities,netcashfromcontinuingoperatingactivities,Net Cash From Continuing Operating Activities,+,debit,usd,-711000.0
Zumiez Inc,ZUMZ,549300J0PDF58P6HZD25,0001318008,2015.0,Q2,2015-05-03,2015-08-01,,netchangeincash,netcashfromoperatingactivities,Net Cash From Operating Activities,+,debit,usd,-711000.0
Zumiez Inc,ZUMZ,549300J0PDF58P6HZD25,0001318008,2015.0,Q2,2015-05-03,2015-08-01,,netcashfromcontinuinginvestingactivities,purchaseofplantpropertyandequipment,"Purchase of Property, Plant & Equipment",+,debit,usd,-11203000.0
Zumiez Inc,ZUMZ,549300J0PDF58P6HZD25,0001318008,2015.0,Q2,2015-05-03,2015-08-01,,netcashfromcontinuinginvestingactivities,purchaseofinvestments,Purchase of Investments,+,debit,usd,-3201000.0
Zumiez Inc,ZUMZ,549300J0PDF58P6HZD25,0001318008,2015.0,Q2,2015-05-03,2015-08-01,,netcashfromcontinuinginvestingactivities,saleofinvestments,Sale and/or Maturity of Investments,+,debit,usd,83019000.0
Zumiez Inc,ZUMZ,549300J0PDF58P6HZD25,0001318008,2015.0,Q2,2015-05-03,2015-08-01,,netcashfrominvestingactivities,netcashfromcontinuinginvestingactivities,Net Cash From Continuing Investing Activities,+,debit,usd,68615000.0
Zumiez Inc,ZUMZ,549300J0PDF58P6HZD25,0001318008,2015.0,Q2,2015-05-03,2015-08-01,,netchangeincash,netcashfrominvestingactivities,Net Cash From Investing Activities,+,debit,usd,68615000.0
Zumiez Inc,ZUMZ,549300J0PDF58P6HZD25,0001318008,2015.0,Q2,2015-05-03,2015-08-01,,netcashfromcontinuingfinancingactivities,repaymentofdebt,Repayment of Debt,+,debit,usd,-14346000.0
Zumiez Inc,ZUMZ,549300J0PDF58P6HZD25,0001318008,2015.0,Q2,2015-05-03,2015-08-01,,netcashfromcontinuingfinancingactivities,repurchaseofcommonequity,Repurchase of Common Equity,+,debit,usd,-58969000.0
Zumiez Inc,ZUMZ,549300J0PDF58P6HZD25,0001318008,2015.0,Q2,2015-05-03,2015-08-01,,netcashfromcontinuingfinancingactivities,issuanceofdebt,Issuance of Debt,+,debit,usd,15913000.0
Zumiez Inc,ZUMZ,549300J0PDF58P6HZD25,0001318008,2015.0,Q2,2015-05-03,2015-08-01,,netcashfromcontinuingfinancingactivities,issuanceofcommonequity,Issuance of Common Equity,+,debit,usd,12000.0
Zumiez Inc,ZUMZ,549300J0PDF58P6HZD25,0001318008,2015.0,Q2,2015-05-03,2015-08-01,,netcashfromcontinuingfinancingactivities,otherfinancingactivitiesnet,"Other Financing Activities, net",+,debit,usd,24000.0
Zumiez Inc,ZUMZ,549300J0PDF58P6HZD25,0001318008,2015.0,Q2,2015-05-03,2015-08-01,,netcashfromfinancingactivities,netcashfromcontinuingfinancingactivities,Net Cash From Continuing Financing Activities,+,debit,usd,-57366000.0
Zumiez Inc,ZUMZ,549300J0PDF58P6HZD25,0001318008,2015.0,Q2,2015-05-03,2015-08-01,,netchangeincash,netcashfromfinancingactivities,Net Cash From Financing Activities,+,debit,usd,-57366000.0
Zumiez Inc,ZUMZ,549300J0PDF58P6HZD25,0001318008,2015.0,Q2,2015-05-03,2015-08-01,,netchangeincash,effectofexchangeratechanges,Effect of Exchange Rate Changes,+,debit,usd,-178000.0
Zumiez Inc,ZUMZ,549300J0PDF58P6HZD25,0001318008,2015.0,Q2,2015-05-03,2015-08-01,,,netchangeincash,Net Change in Cash & Equivalents,=,debit,usd,10360000.0
Zumiez Inc,ZUMZ,549300J0PDF58P6HZD25,0001318008,2015.0,Q2,2015-05-03,2015-08-01,,,cashincometaxespaid,Cash Income Taxes Paid,=,,usd,8914000.0
Zumiez Inc,ZUMZ,549300J0PDF58P6HZD25,0001318008,2015.0,Q3,2015-08-02,2015-10-31,,netincomecontinuing,netincome,Consolidated Net Income / (Loss),+,credit,usd,9653000.0
Zumiez Inc,ZUMZ,549300J0PDF58P6HZD25,0001318008,2015.0,Q3,2015-08-02,2015-10-31,,netcashfromcontinuingoperatingactivities,netincomecontinuing,Net Income / (Loss) Continuing Operations,+,credit,usd,9653000.0
Zumiez Inc,ZUMZ,549300J0PDF58P6HZD25,0001318008,2015.0,Q3,2015-08-02,2015-10-31,,netcashfromcontinuingoperatingactivities,depreciationexpense,Depreciation Expense,+,debit,usd,7514000.0
Zumiez Inc,ZUMZ,549300J0PDF58P6HZD25,0001318008,2015.0,Q3,2015-08-02,2015-10-31,,netcashfromcontinuingoperatingactivities,noncashadjustmentstonetincome,Non-Cash Adjustments To Reconcile Net Income,+,debit,usd,1728000.0
Zumiez Inc,ZUMZ,549300J0PDF58P6HZD25,0001318008,2015.0,Q3,2015-08-02,2015-10-31,,netcashfromcontinuingoperatingactivities,increasedecreaseinoperatingcapital,"Changes in Operating Assets and Liabilities, net",+,debit,usd,-19396000.0
Zumiez Inc,ZUMZ,549300J0PDF58P6HZD25,0001318008,2015.0,Q3,2015-08-02,2015-10-31,,netcashfromoperatingactivities,netcashfromcontinuingoperatingactivities,Net Cash From Continuing Operating Activities,+,debit,usd,-501000.0
Zumiez Inc,ZUMZ,549300J0PDF58P6HZD25,0001318008,2015.0,Q3,2015-08-02,2015-10-31,,netchangeincash,netcashfromoperatingactivities,Net Cash From Operating Activities,+,debit,usd,-501000.0
Zumiez Inc,ZUMZ,549300J0PDF58P6HZD25,0001318008,2015.0,Q3,2015-08-02,2015-10-31,,netcashfromcontinuinginvestingactivities,purchaseofplantpropertyandequipment,"Purchase of Property, Plant & Equipment",+,debit,usd,-7094000.0
Zumiez Inc,ZUMZ,549300J0PDF58P6HZD25,0001318008,2015.0,Q3,2015-08-02,2015-10-31,,netcashfromcontinuinginvestingactivities,purchaseofinvestments,Purchase of Investments,+,debit,usd,-20403000.0
Zumiez Inc,ZUMZ,549300J0PDF58P6HZD25,0001318008,2015.0,Q3,2015-08-02,2015-10-31,,netcashfromcontinuinginvestingactivities,saleofinvestments,Sale and/or Maturity of Investments,+,debit,usd,32353000.0
Zumiez Inc,ZUMZ,549300J0PDF58P6HZD25,0001318008,2015.0,Q3,2015-08-02,2015-10-31,,netcashfrominvestingactivities,netcashfromcontinuinginvestingactivities,Net Cash From Continuing Investing Activities,+,debit,usd,4856000.0
Zumiez Inc,ZUMZ,549300J0PDF58P6HZD25,0001318008,2015.0,Q3,2015-08-02,2015-10-31,,netchangeincash,netcashfrominvestingactivities,Net Cash From Investing Activities,+,debit,usd,4856000.0
Zumiez Inc,ZUMZ,549300J0PDF58P6HZD25,0001318008,2015.0,Q3,2015-08-02,2015-10-31,,netcashfromcontinuingfinancingactivities,repaymentofdebt,Repayment of Debt,+,debit,usd,-16776000.0
Zumiez Inc,ZUMZ,549300J0PDF58P6HZD25,0001318008,2015.0,Q3,2015-08-02,2015-10-31,,netcashfromcontinuingfinancingactivities,repurchaseofcommonequity,Repurchase of Common Equity,+,debit,usd,-18728000.0
Zumiez Inc,ZUMZ,549300J0PDF58P6HZD25,0001318008,2015.0,Q3,2015-08-02,2015-10-31,,netcashfromcontinuingfinancingactivities,issuanceofdebt,Issuance of Debt,+,debit,usd,13281000.0
Zumiez Inc,ZUMZ,549300J0PDF58P6HZD25,0001318008,2015.0,Q3,2015-08-02,2015-10-31,,netcashfromcontinuingfinancingactivities,issuanceofcommonequity,Issuance of Common Equity,+,debit,usd,299000.0
Zumiez Inc,ZUMZ,549300J0PDF58P6HZD25,0001318008,2015.0,Q3,2015-08-02,2015-10-31,,netcashfromcontinuingfinancingactivities,otherfinancingactivitiesnet,"Other Financing Activities, net",+,debit,usd,1000.0
Zumiez Inc,ZUMZ,549300J0PDF58P6HZD25,0001318008,2015.0,Q3,2015-08-02,2015-10-31,,netcashfromfinancingactivities,netcashfromcontinuingfinancingactivities,Net Cash From Continuing Financing Activities,+,debit,usd,-21923000.0
Zumiez Inc,ZUMZ,549300J0PDF58P6HZD25,0001318008,2015.0,Q3,2015-08-02,2015-10-31,,netchangeincash,netcashfromfinancingactivities,Net Cash From Financing Activities,+,debit,usd,-21923000.0
Zumiez Inc,ZUMZ,549300J0PDF58P6HZD25,0001318008,2015.0,Q3,2015-08-02,2015-10-31,,netchangeincash,effectofexchangeratechanges,Effect of Exchange Rate Changes,+,debit,usd,186000.0
Zumiez Inc,ZUMZ,549300J0PDF58P6HZD25,0001318008,2015.0,Q3,2015-08-02,2015-10-31,,,netchangeincash,Net Change in Cash & Equivalents,=,debit,usd,-17382000.0
Zumiez Inc,ZUMZ,549300J0PDF58P6HZD25,0001318008,2015.0,Q3,2015-08-02,2015-10-31,,,cashincometaxespaid,Cash Income Taxes Paid,=,,usd,767000.0
Zumiez Inc,ZUMZ,549300J0PDF58P6HZD25,0001318008,2015.0,Q4,2015-11-01,2016-01-30,,netincomecontinuing,netincome,Consolidated Net Income / (Loss),+,credit,usd,13149000.0
Zumiez Inc,ZUMZ,549300J0PDF58P6HZD25,0001318008,2015.0,Q4,2015-11-01,2016-01-30,,netcashfromcontinuingoperatingactivities,netincomecontinuing,Net Income / (Loss) Continuing Operations,+,credit,usd,13149000.0
Zumiez Inc,ZUMZ,549300J0PDF58P6HZD25,0001318008,2015.0,Q4,2015-11-01,2016-01-30,,netcashfromcontinuingoperatingactivities,depreciationexpense,Depreciation Expense,+,debit,usd,7252000.0
Zumiez Inc,ZUMZ,549300J0PDF58P6HZD25,0001318008,2015.0,Q4,2015-11-01,2016-01-30,,netcashfromcontinuingoperatingactivities,noncashadjustmentstonetincome,Non-Cash Adjustments To Reconcile Net Income,+,debit,usd,4654000.0
Zumiez Inc,ZUMZ,549300J0PDF58P6HZD25,0001318008,2015.0,Q4,2015-11-01,2016-01-30,,netcashfromcontinuingoperatingactivities,increasedecreaseinoperatingcapital,"Changes in Operating Assets and Liabilities, net",+,debit,usd,23790000.0
Zumiez Inc,ZUMZ,549300J0PDF58P6HZD25,0001318008,2015.0,Q4,2015-11-01,2016-01-30,,netcashfromoperatingactivities,netcashfromcontinuingoperatingactivities,Net Cash From Continuing Operating Activities,+,debit,usd,48845000.0
Zumiez Inc,ZUMZ,549300J0PDF58P6HZD25,0001318008,2015.0,Q4,2015-11-01,2016-01-30,,netchangeincash,netcashfromoperatingactivities,Net Cash From Operating Activities,+,debit,usd,48845000.0
Zumiez Inc,ZUMZ,549300J0PDF58P6HZD25,0001318008,2015.0,Q4,2015-11-01,2016-01-30,,netcashfromcontinuinginvestingactivities,purchaseofplantpropertyandequipment,"Purchase of Property, Plant & Equipment",+,debit,usd,-7719000.0
Zumiez Inc,ZUMZ,549300J0PDF58P6HZD25,0001318008,2015.0,Q4,2015-11-01,2016-01-30,,netcashfromcontinuinginvestingactivities,purchaseofinvestments,Purchase of Investments,+,debit,usd,-645000.0
Zumiez Inc,ZUMZ,549300J0PDF58P6HZD25,0001318008,2015.0,Q4,2015-11-01,2016-01-30,,netcashfromcontinuinginvestingactivities,saleofinvestments,Sale and/or Maturity of Investments,+,debit,usd,14404000.0
Zumiez Inc,ZUMZ,549300J0PDF58P6HZD25,0001318008,2015.0,Q4,2015-11-01,2016-01-30,,netcashfrominvestingactivities,netcashfromcontinuinginvestingactivities,Net Cash From Continuing Investing Activities,+,debit,usd,6040000.0
Zumiez Inc,ZUMZ,549300J0PDF58P6HZD25,0001318008,2015.0,Q4,2015-11-01,2016-01-30,,netchangeincash,netcashfrominvestingactivities,Net Cash From Investing Activities,+,debit,usd,6040000.0
Zumiez Inc,ZUMZ,549300J0PDF58P6HZD25,0001318008,2015.0,Q4,2015-11-01,2016-01-30,,netcashfromcontinuingfinancingactivities,repaymentofdebt,Repayment of Debt,+,debit,usd,-10862000.0
Zumiez Inc,ZUMZ,549300J0PDF58P6HZD25,0001318008,2015.0,Q4,2015-11-01,2016-01-30,,netcashfromcontinuingfinancingactivities,repurchaseofcommonequity,Repurchase of Common Equity,+,debit,usd,-14538000.0
Zumiez Inc,ZUMZ,549300J0PDF58P6HZD25,0001318008,2015.0,Q4,2015-11-01,2016-01-30,,netcashfromcontinuingfinancingactivities,issuanceofdebt,Issuance of Debt,+,debit,usd,9669000.0
Zumiez Inc,ZUMZ,549300J0PDF58P6HZD25,0001318008,2015.0,Q4,2015-11-01,2016-01-30,,netcashfromcontinuingfinancingactivities,issuanceofcommonequity,Issuance of Common Equity,+,debit,usd,466000.0
Zumiez Inc,ZUMZ,549300J0PDF58P6HZD25,0001318008,2015.0,Q4,2015-11-01,2016-01-30,,netcashfromcontinuingfinancingactivities,otherfinancingactivitiesnet,"Other Financing Activities, net",+,debit,usd,-1013000.0
Zumiez Inc,ZUMZ,549300J0PDF58P6HZD25,0001318008,2015.0,Q4,2015-11-01,2016-01-30,,netcashfromfinancingactivities,netcashfromcontinuingfinancingactivities,Net Cash From Continuing Financing Activities,+,debit,usd,-16278000.0
Zumiez Inc,ZUMZ,549300J0PDF58P6HZD25,0001318008,2015.0,Q4,2015-11-01,2016-01-30,,netchangeincash,netcashfromfinancingactivities,Net Cash From Financing Activities,+,debit,usd,-16278000.0
Zumiez Inc,ZUMZ,549300J0PDF58P6HZD25,0001318008,2015.0,Q4,2015-11-01,2016-01-30,,netchangeincash,effectofexchangeratechanges,Effect of Exchange Rate Changes,+,debit,usd,-228000.0
Zumiez Inc,ZUMZ,549300J0PDF58P6HZD25,0001318008,2015.0,Q4,2015-11-01,2016-01-30,,,netchangeincash,Net Change in Cash & Equivalents,=,debit,usd,38379000.0
Zumiez Inc,ZUMZ,549300J0PDF58P6HZD25,0001318008,2015.0,Q4,2015-11-01,2016-01-30,,,cashincometaxespaid,Cash Income Taxes Paid,=,,usd,4282000.0
Zumiez Inc,ZUMZ,549300J0PDF58P6HZD25,0001318008,2016.0,Q1,2016-01-31,2016-04-30,2017-06-06 16:01:19+00:00,netincomecontinuing,netincome,Consolidated Net Income / (Loss),+,credit,usd,-2137000.0
Zumiez Inc,ZUMZ,549300J0PDF58P6HZD25,0001318008,2016.0,Q1,2016-01-31,2016-04-30,2017-06-06 16:01:19+00:00,netcashfromcontinuingoperatingactivities,netincomecontinuing,Net Income / (Loss) Continuing Operations,+,credit,usd,-2137000.0
Zumiez Inc,ZUMZ,549300J0PDF58P6HZD25,0001318008,2016.0,Q1,2016-01-31,2016-04-30,2017-06-06 16:01:19+00:00,netcashfromcontinuingoperatingactivities,depreciationexpense,Depreciation Expense,+,debit,usd,7222000.0
Zumiez Inc,ZUMZ,549300J0PDF58P6HZD25,0001318008,2016.0,Q1,2016-01-31,2016-04-30,2017-06-06 16:01:19+00:00,netcashfromcontinuingoperatingactivities,noncashadjustmentstonetincome,Non-Cash Adjustments To Reconcile Net Income,+,debit,usd,859000.0
Zumiez Inc,ZUMZ,549300J0PDF58P6HZD25,0001318008,2016.0,Q1,2016-01-31,2016-04-30,2017-06-06 16:01:19+00:00,netcashfromcontinuingoperatingactivities,increasedecreaseinoperatingcapital,"Changes in Operating Assets and Liabilities, net",+,debit,usd,-3239000.0
Zumiez Inc,ZUMZ,549300J0PDF58P6HZD25,0001318008,2016.0,Q1,2016-01-31,2016-04-30,2017-06-06 16:01:19+00:00,netcashfromoperatingactivities,netcashfromcontinuingoperatingactivities,Net Cash From Continuing Operating Activities,+,debit,usd,2705000.0
Zumiez Inc,ZUMZ,549300J0PDF58P6HZD25,0001318008,2016.0,Q1,2016-01-31,2016-04-30,2017-06-06 16:01:19+00:00,netchangeincash,netcashfromoperatingactivities,Net Cash From Operating Activities,+,debit,usd,2705000.0
Zumiez Inc,ZUMZ,549300J0PDF58P6HZD25,0001318008,2016.0,Q1,2016-01-31,2016-04-30,2017-06-06 16:01:19+00:00,netcashfromcontinuinginvestingactivities,purchaseofplantpropertyandequipment,"Purchase of Property, Plant & Equipment",+,debit,usd,-4485000.0
Zumiez Inc,ZUMZ,549300J0PDF58P6HZD25,0001318008,2016.0,Q1,2016-01-31,2016-04-30,2017-06-06 16:01:19+00:00,netcashfromcontinuinginvestingactivities,purchaseofinvestments,Purchase of Investments,+,debit,usd,-26854000.0
Zumiez Inc,ZUMZ,549300J0PDF58P6HZD25,0001318008,2016.0,Q1,2016-01-31,2016-04-30,2017-06-06 16:01:19+00:00,netcashfromcontinuinginvestingactivities,saleofinvestments,Sale and/or Maturity of Investments,+,debit,usd,13761000.0
Zumiez Inc,ZUMZ,549300J0PDF58P6HZD25,0001318008,2016.0,Q1,2016-01-31,2016-04-30,2017-06-06 16:01:19+00:00,netcashfrominvestingactivities,netcashfromcontinuinginvestingactivities,Net Cash From Continuing Investing Activities,+,debit,usd,-17578000.0
Zumiez Inc,ZUMZ,549300J0PDF58P6HZD25,0001318008,2016.0,Q1,2016-01-31,2016-04-30,2017-06-06 16:01:19+00:00,netchangeincash,netcashfrominvestingactivities,Net Cash From Investing Activities,+,debit,usd,-17578000.0
Zumiez Inc,ZUMZ,549300J0PDF58P6HZD25,0001318008,2016.0,Q1,2016-01-31,2016-04-30,2017-06-06 16:01:19+00:00,netcashfromcontinuingfinancingactivities,repurchaseofcommonequity,Repurchase of Common Equity,+,debit,usd,-12248000.0
Zumiez Inc,ZUMZ,549300J0PDF58P6HZD25,0001318008,2016.0,Q1,2016-01-31,2016-04-30,2017-06-06 16:01:19+00:00,netcashfromcontinuingfinancingactivities,issuanceofcommonequity,Issuance of Common Equity,+,debit,usd,526000.0
Zumiez Inc,ZUMZ,549300J0PDF58P6HZD25,0001318008,2016.0,Q1,2016-01-31,2016-04-30,2017-06-06 16:01:19+00:00,netcashfromcontinuingfinancingactivities,otherfinancingactivitiesnet,"Other Financing Activities, net",+,debit,usd,-121000.0
Zumiez Inc,ZUMZ,549300J0PDF58P6HZD25,0001318008,2016.0,Q1,2016-01-31,2016-04-30,2017-06-06 16:01:19+00:00,netcashfromfinancingactivities,netcashfromcontinuingfinancingactivities,Net Cash From Continuing Financing Activities,+,debit,usd,-11843000.0
Zumiez Inc,ZUMZ,549300J0PDF58P6HZD25,0001318008,2016.0,Q1,2016-01-31,2016-04-30,2017-06-06 16:01:19+00:00,netchangeincash,netcashfromfinancingactivities,Net Cash From Financing Activities,+,debit,usd,-11843000.0
Zumiez Inc,ZUMZ,549300J0PDF58P6HZD25,0001318008,2016.0,Q1,2016-01-31,2016-04-30,2017-06-06 16:01:19+00:00,netchangeincash,effectofexchangeratechanges,Effect of Exchange Rate Changes,+,debit,usd,443000.0
Zumiez Inc,ZUMZ,549300J0PDF58P6HZD25,0001318008,2016.0,Q1,2016-01-31,2016-04-30,2017-06-06 16:01:19+00:00,,netchangeincash,Net Change in Cash & Equivalents,=,debit,usd,-26273000.0
Zumiez Inc,ZUMZ,549300J0PDF58P6HZD25,0001318008,2016.0,Q1,2016-01-31,2016-04-30,2017-06-06 16:01:19+00:00,,cashincometaxespaid,Cash Income Taxes Paid,=,,usd,5470000.0
Zumiez Inc,ZUMZ,549300J0PDF58P6HZD25,0001318008,2016.0,Q2,2016-05-01,2016-07-30,,netincomecontinuing,netincome,Consolidated Net Income / (Loss),+,credit,usd,-838000.0
Zumiez Inc,ZUMZ,549300J0PDF58P6HZD25,0001318008,2016.0,Q2,2016-05-01,2016-07-30,,netcashfromcontinuingoperatingactivities,netincomecontinuing,Net Income / (Loss) Continuing Operations,+,credit,usd,-838000.0
Zumiez Inc,ZUMZ,549300J0PDF58P6HZD25,0001318008,2016.0,Q2,2016-05-01,2016-07-30,,netcashfromcontinuingoperatingactivities,depreciationexpense,Depreciation Expense,+,debit,usd,7114000.0
Zumiez Inc,ZUMZ,549300J0PDF58P6HZD25,0001318008,2016.0,Q2,2016-05-01,2016-07-30,,netcashfromcontinuingoperatingactivities,noncashadjustmentstonetincome,Non-Cash Adjustments To Reconcile Net Income,+,debit,usd,1457000.0
Zumiez Inc,ZUMZ,549300J0PDF58P6HZD25,0001318008,2016.0,Q2,2016-05-01,2016-07-30,,netcashfromcontinuingoperatingactivities,increasedecreaseinoperatingcapital,"Changes in Operating Assets and Liabilities, net",+,debit,usd,-3995000.0
Zumiez Inc,ZUMZ,549300J0PDF58P6HZD25,0001318008,2016.0,Q2,2016-05-01,2016-07-30,,netcashfromoperatingactivities,netcashfromcontinuingoperatingactivities,Net Cash From Continuing Operating Activities,+,debit,usd,3738000.0
Zumiez Inc,ZUMZ,549300J0PDF58P6HZD25,0001318008,2016.0,Q2,2016-05-01,2016-07-30,,netchangeincash,netcashfromoperatingactivities,Net Cash From Operating Activities,+,debit,usd,3738000.0
Zumiez Inc,ZUMZ,549300J0PDF58P6HZD25,0001318008,2016.0,Q2,2016-05-01,2016-07-30,,netcashfromcontinuinginvestingactivities,purchaseofplantpropertyandequipment,"Purchase of Property, Plant & Equipment",+,debit,usd,-7410000.0
Zumiez Inc,ZUMZ,549300J0PDF58P6HZD25,0001318008,2016.0,Q2,2016-05-01,2016-07-30,,netcashfromcontinuinginvestingactivities,purchaseofinvestments,Purchase of Investments,+,debit,usd,-1499000.0
Zumiez Inc,ZUMZ,549300J0PDF58P6HZD25,0001318008,2016.0,Q2,2016-05-01,2016-07-30,,netcashfromcontinuinginvestingactivities,saleofinvestments,Sale and/or Maturity of Investments,+,debit,usd,14897000.0
Zumiez Inc,ZUMZ,549300J0PDF58P6HZD25,0001318008,2016.0,Q2,2016-05-01,2016-07-30,,netcashfrominvestingactivities,netcashfromcontinuinginvestingactivities,Net Cash From Continuing Investing Activities,+,debit,usd,5988000.0
Zumiez Inc,ZUMZ,549300J0PDF58P6HZD25,0001318008,2016.0,Q2,2016-05-01,2016-07-30,,netchangeincash,netcashfrominvestingactivities,Net Cash From Investing Activities,+,debit,usd,5988000.0
Zumiez Inc,ZUMZ,549300J0PDF58P6HZD25,0001318008,2016.0,Q2,2016-05-01,2016-07-30,,netcashfromcontinuingfinancingactivities,repurchaseofcommonequity,Repurchase of Common Equity,+,debit,usd,-6836000.0
Zumiez Inc,ZUMZ,549300J0PDF58P6HZD25,0001318008,2016.0,Q2,2016-05-01,2016-07-30,,netcashfromcontinuingfinancingactivities,issuanceofcommonequity,Issuance of Common Equity,+,debit,usd,-8000.0
Zumiez Inc,ZUMZ,549300J0PDF58P6HZD25,0001318008,2016.0,Q2,2016-05-01,2016-07-30,,netcashfromfinancingactivities,netcashfromcontinuingfinancingactivities,Net Cash From Continuing Financing Activities,+,debit,usd,-6844000.0
Zumiez Inc,ZUMZ,549300J0PDF58P6HZD25,0001318008,2016.0,Q2,2016-05-01,2016-07-30,,netchangeincash,netcashfromfinancingactivities,Net Cash From Financing Activities,+,debit,usd,-6844000.0
Zumiez Inc,ZUMZ,549300J0PDF58P6HZD25,0001318008,2016.0,Q2,2016-05-01,2016-07-30,,netchangeincash,effectofexchangeratechanges,Effect of Exchange Rate Changes,+,debit,usd,-172000.0
Zumiez Inc,ZUMZ,549300J0PDF58P6HZD25,0001318008,2016.0,Q2,2016-05-01,2016-07-30,,,netchangeincash,Net Change in Cash & Equivalents,=,debit,usd,2710000.0
Zumiez Inc,ZUMZ,549300J0PDF58P6HZD25,0001318008,2016.0,Q2,2016-05-01,2016-07-30,,,cashincometaxespaid,Cash Income Taxes Paid,=,,usd,1266000.0
Zumiez Inc,ZUMZ,549300J0PDF58P6HZD25,0001318008,2016.0,Q3,2016-07-31,2016-10-29,,netincomecontinuing,netincome,Consolidated Net Income / (Loss),+,credit,usd,10695000.0
Zumiez Inc,ZUMZ,549300J0PDF58P6HZD25,0001318008,2016.0,Q3,2016-07-31,2016-10-29,,netcashfromcontinuingoperatingactivities,netincomecontinuing,Net Income / (Loss) Continuing Operations,+,credit,usd,10695000.0
Zumiez Inc,ZUMZ,549300J0PDF58P6HZD25,0001318008,2016.0,Q3,2016-07-31,2016-10-29,,netcashfromcontinuingoperatingactivities,depreciationexpense,Depreciation Expense,+,debit,usd,6842000.0
Zumiez Inc,ZUMZ,549300J0PDF58P6HZD25,0001318008,2016.0,Q3,2016-07-31,2016-10-29,,netcashfromcontinuingoperatingactivities,noncashadjustmentstonetincome,Non-Cash Adjustments To Reconcile Net Income,+,debit,usd,1304000.0
Zumiez Inc,ZUMZ,549300J0PDF58P6HZD25,0001318008,2016.0,Q3,2016-07-31,2016-10-29,,netcashfromcontinuingoperatingactivities,increasedecreaseinoperatingcapital,"Changes in Operating Assets and Liabilities, net",+,debit,usd,-21300000.0
Zumiez Inc,ZUMZ,549300J0PDF58P6HZD25,0001318008,2016.0,Q3,2016-07-31,2016-10-29,,netcashfromoperatingactivities,netcashfromcontinuingoperatingactivities,Net Cash From Continuing Operating Activities,+,debit,usd,-2459000.0
Zumiez Inc,ZUMZ,549300J0PDF58P6HZD25,0001318008,2016.0,Q3,2016-07-31,2016-10-29,,netchangeincash,netcashfromoperatingactivities,Net Cash From Operating Activities,+,debit,usd,-2459000.0
Zumiez Inc,ZUMZ,549300J0PDF58P6HZD25,0001318008,2016.0,Q3,2016-07-31,2016-10-29,,netcashfromcontinuinginvestingactivities,purchaseofplantpropertyandequipment,"Purchase of Property, Plant & Equipment",+,debit,usd,-4934000.0
Zumiez Inc,ZUMZ,549300J0PDF58P6HZD25,0001318008,2016.0,Q3,2016-07-31,2016-10-29,,netcashfromcontinuinginvestingactivities,acquisitions,Acquisitions,+,debit,usd,-5395000.0
Zumiez Inc,ZUMZ,549300J0PDF58P6HZD25,0001318008,2016.0,Q3,2016-07-31,2016-10-29,,netcashfromcontinuinginvestingactivities,purchaseofinvestments,Purchase of Investments,+,debit,usd,-19879000.0
Zumiez Inc,ZUMZ,549300J0PDF58P6HZD25,0001318008,2016.0,Q3,2016-07-31,2016-10-29,,netcashfromcontinuinginvestingactivities,saleofinvestments,Sale and/or Maturity of Investments,+,debit,usd,21328000.0
Zumiez Inc,ZUMZ,549300J0PDF58P6HZD25,0001318008,2016.0,Q3,2016-07-31,2016-10-29,,netcashfrominvestingactivities,netcashfromcontinuinginvestingactivities,Net Cash From Continuing Investing Activities,+,debit,usd,-8880000.0
Zumiez Inc,ZUMZ,549300J0PDF58P6HZD25,0001318008,2016.0,Q3,2016-07-31,2016-10-29,,netchangeincash,netcashfrominvestingactivities,Net Cash From Investing Activities,+,debit,usd,-8880000.0
Zumiez Inc,ZUMZ,549300J0PDF58P6HZD25,0001318008,2016.0,Q3,2016-07-31,2016-10-29,,netcashfromcontinuingfinancingactivities,repaymentofdebt,Repayment of Debt,+,debit,usd,-5813000.0
Zumiez Inc,ZUMZ,549300J0PDF58P6HZD25,0001318008,2016.0,Q3,2016-07-31,2016-10-29,,netcashfromcontinuingfinancingactivities,repurchaseofcommonequity,Repurchase of Common Equity,+,debit,usd,-2523000.0
Zumiez Inc,ZUMZ,549300J0PDF58P6HZD25,0001318008,2016.0,Q3,2016-07-31,2016-10-29,,netcashfromcontinuingfinancingactivities,issuanceofdebt,Issuance of Debt,+,debit,usd,17849000.0
Zumiez Inc,ZUMZ,549300J0PDF58P6HZD25,0001318008,2016.0,Q3,2016-07-31,2016-10-29,,netcashfromcontinuingfinancingactivities,issuanceofcommonequity,Issuance of Common Equity,+,debit,usd,333000.0
Zumiez Inc,ZUMZ,549300J0PDF58P6HZD25,0001318008,2016.0,Q3,2016-07-31,2016-10-29,,netcashfromcontinuingfinancingactivities,otherfinancingactivitiesnet,"Other Financing Activities, net",+,debit,usd,26000.0
Zumiez Inc,ZUMZ,549300J0PDF58P6HZD25,0001318008,2016.0,Q3,2016-07-31,2016-10-29,,netcashfromfinancingactivities,netcashfromcontinuingfinancingactivities,Net Cash From Continuing Financing Activities,+,debit,usd,9872000.0
Zumiez Inc,ZUMZ,549300J0PDF58P6HZD25,0001318008,2016.0,Q3,2016-07-31,2016-10-29,,netchangeincash,netcashfromfinancingactivities,Net Cash From Financing Activities,+,debit,usd,9872000.0
Zumiez Inc,ZUMZ,549300J0PDF58P6HZD25,0001318008,2016.0,Q3,2016-07-31,2016-10-29,,netchangeincash,effectofexchangeratechanges,Effect of Exchange Rate Changes,+,debit,usd,-132000.0
Zumiez Inc,ZUMZ,549300J0PDF58P6HZD25,0001318008,2016.0,Q3,2016-07-31,2016-10-29,,,netchangeincash,Net Change in Cash & Equivalents,=,debit,usd,-1599000.0
Zumiez Inc,ZUMZ,549300J0PDF58P6HZD25,0001318008,2016.0,Q3,2016-07-31,2016-10-29,,,cashincometaxespaid,Cash Income Taxes Paid,=,,usd,3306000.0
Zumiez Inc,ZUMZ,549300J0PDF58P6HZD25,0001318008,2016.0,Q4,2016-10-30,2017-01-28,,netincomecontinuing,netincome,Consolidated Net Income / (Loss),+,credit,usd,18184000.0
Zumiez Inc,ZUMZ,549300J0PDF58P6HZD25,0001318008,2016.0,Q4,2016-10-30,2017-01-28,,netcashfromcontinuingoperatingactivities,netincomecontinuing,Net Income / (Loss) Continuing Operations,+,credit,usd,18184000.0
Zumiez Inc,ZUMZ,549300J0PDF58P6HZD25,0001318008,2016.0,Q4,2016-10-30,2017-01-28,,netcashfromcontinuingoperatingactivities,depreciationexpense,Depreciation Expense,+,debit,usd,6738000.0
Zumiez Inc,ZUMZ,549300J0PDF58P6HZD25,0001318008,2016.0,Q4,2016-10-30,2017-01-28,,netcashfromcontinuingoperatingactivities,noncashadjustmentstonetincome,Non-Cash Adjustments To Reconcile Net Income,+,debit,usd,2522000.0
Zumiez Inc,ZUMZ,549300J0PDF58P6HZD25,0001318008,2016.0,Q4,2016-10-30,2017-01-28,,netcashfromcontinuingoperatingactivities,increasedecreaseinoperatingcapital,"Changes in Operating Assets and Liabilities, net",+,debit,usd,17030000.0
Zumiez Inc,ZUMZ,549300J0PDF58P6HZD25,0001318008,2016.0,Q4,2016-10-30,2017-01-28,,netcashfromoperatingactivities,netcashfromcontinuingoperatingactivities,Net Cash From Continuing Operating Activities,+,debit,usd,44474000.0
Zumiez Inc,ZUMZ,549300J0PDF58P6HZD25,0001318008,2016.0,Q4,2016-10-30,2017-01-28,,netchangeincash,netcashfromoperatingactivities,Net Cash From Operating Activities,+,debit,usd,44474000.0
Zumiez Inc,ZUMZ,549300J0PDF58P6HZD25,0001318008,2016.0,Q4,2016-10-30,2017-01-28,,netcashfromcontinuinginvestingactivities,purchaseofplantpropertyandequipment,"Purchase of Property, Plant & Equipment",+,debit,usd,-3571000.0
Zumiez Inc,ZUMZ,549300J0PDF58P6HZD25,0001318008,2016.0,Q4,2016-10-30,2017-01-28,,netcashfromcontinuinginvestingactivities,purchaseofinvestments,Purchase of Investments,+,debit,usd,-38594000.0
Zumiez Inc,ZUMZ,549300J0PDF58P6HZD25,0001318008,2016.0,Q4,2016-10-30,2017-01-28,,netcashfromcontinuinginvestingactivities,saleofinvestments,Sale and/or Maturity of Investments,+,debit,usd,11120000.0
Zumiez Inc,ZUMZ,549300J0PDF58P6HZD25,0001318008,2016.0,Q4,2016-10-30,2017-01-28,,netcashfrominvestingactivities,netcashfromcontinuinginvestingactivities,Net Cash From Continuing Investing Activities,+,debit,usd,-31045000.0
Zumiez Inc,ZUMZ,549300J0PDF58P6HZD25,0001318008,2016.0,Q4,2016-10-30,2017-01-28,,netchangeincash,netcashfrominvestingactivities,Net Cash From Investing Activities,+,debit,usd,-31045000.0
Zumiez Inc,ZUMZ,549300J0PDF58P6HZD25,0001318008,2016.0,Q4,2016-10-30,2017-01-28,,netcashfromcontinuingfinancingactivities,repaymentofdebt,Repayment of Debt,+,debit,usd,-16616000.0
Zumiez Inc,ZUMZ,549300J0PDF58P6HZD25,0001318008,2016.0,Q4,2016-10-30,2017-01-28,,netcashfromcontinuingfinancingactivities,issuanceofdebt,Issuance of Debt,+,debit,usd,5230000.0
Zumiez Inc,ZUMZ,549300J0PDF58P6HZD25,0001318008,2016.0,Q4,2016-10-30,2017-01-28,,netcashfromcontinuingfinancingactivities,issuanceofcommonequity,Issuance of Common Equity,+,debit,usd,163000.0
Zumiez Inc,ZUMZ,549300J0PDF58P6HZD25,0001318008,2016.0,Q4,2016-10-30,2017-01-28,,netcashfromcontinuingfinancingactivities,otherfinancingactivitiesnet,"Other Financing Activities, net",+,debit,usd,-39000.0
Zumiez Inc,ZUMZ,549300J0PDF58P6HZD25,0001318008,2016.0,Q4,2016-10-30,2017-01-28,,netcashfromfinancingactivities,netcashfromcontinuingfinancingactivities,Net Cash From Continuing Financing Activities,+,debit,usd,-11262000.0
Zumiez Inc,ZUMZ,549300J0PDF58P6HZD25,0001318008,2016.0,Q4,2016-10-30,2017-01-28,,netchangeincash,netcashfromfinancingactivities,Net Cash From Financing Activities,+,debit,usd,-11262000.0
Zumiez Inc,ZUMZ,549300J0PDF58P6HZD25,0001318008,2016.0,Q4,2016-10-30,2017-01-28,,netchangeincash,effectofexchangeratechanges,Effect of Exchange Rate Changes,+,debit,usd,79000.0
Zumiez Inc,ZUMZ,549300J0PDF58P6HZD25,0001318008,2016.0,Q4,2016-10-30,2017-01-28,,,netchangeincash,Net Change in Cash & Equivalents,=,debit,usd,2246000.0
Zumiez Inc,ZUMZ,549300J0PDF58P6HZD25,0001318008,2016.0,Q4,2016-10-30,2017-01-28,,,cashincometaxespaid,Cash Income Taxes Paid,=,,usd,10420000.0
Zumiez Inc,ZUMZ,549300J0PDF58P6HZD25,0001318008,2017.0,Q1,2017-01-29,2017-04-29,2018-06-11 16:01:36+00:00,netincomecontinuing,netincome,Consolidated Net Income / (Loss),+,credit,usd,-4448000.0
Zumiez Inc,ZUMZ,549300J0PDF58P6HZD25,0001318008,2017.0,Q1,2017-01-29,2017-04-29,2018-06-11 16:01:36+00:00,netcashfromcontinuingoperatingactivities,netincomecontinuing,Net Income / (Loss) Continuing Operations,+,credit,usd,-4448000.0
Zumiez Inc,ZUMZ,549300J0PDF58P6HZD25,0001318008,2017.0,Q1,2017-01-29,2017-04-29,2018-06-11 16:01:36+00:00,netcashfromcontinuingoperatingactivities,depreciationexpense,Depreciation Expense,+,debit,usd,6660000.0
Zumiez Inc,ZUMZ,549300J0PDF58P6HZD25,0001318008,2017.0,Q1,2017-01-29,2017-04-29,2018-06-11 16:01:36+00:00,netcashfromcontinuingoperatingactivities,noncashadjustmentstonetincome,Non-Cash Adjustments To Reconcile Net Income,+,debit,usd,1663000.0
Zumiez Inc,ZUMZ,549300J0PDF58P6HZD25,0001318008,2017.0,Q1,2017-01-29,2017-04-29,2018-06-11 16:01:36+00:00,netcashfromcontinuingoperatingactivities,increasedecreaseinoperatingcapital,"Changes in Operating Assets and Liabilities, net",+,debit,usd,792000.0
Zumiez Inc,ZUMZ,549300J0PDF58P6HZD25,0001318008,2017.0,Q1,2017-01-29,2017-04-29,2018-06-11 16:01:36+00:00,netcashfromoperatingactivities,netcashfromcontinuingoperatingactivities,Net Cash From Continuing Operating Activities,+,debit,usd,4667000.0
Zumiez Inc,ZUMZ,549300J0PDF58P6HZD25,0001318008,2017.0,Q1,2017-01-29,2017-04-29,2018-06-11 16:01:36+00:00,netchangeincash,netcashfromoperatingactivities,Net Cash From Operating Activities,+,debit,usd,4667000.0
Zumiez Inc,ZUMZ,549300J0PDF58P6HZD25,0001318008,2017.0,Q1,2017-01-29,2017-04-29,2018-06-11 16:01:36+00:00,netcashfromcontinuinginvestingactivities,purchaseofplantpropertyandequipment,"Purchase of Property, Plant & Equipment",+,debit,usd,-7117000.0
Zumiez Inc,ZUMZ,549300J0PDF58P6HZD25,0001318008,2017.0,Q1,2017-01-29,2017-04-29,2018-06-11 16:01:36+00:00,netcashfromcontinuinginvestingactivities,purchaseofinvestments,Purchase of Investments,+,debit,usd,-20006000.0
Zumiez Inc,ZUMZ,549300J0PDF58P6HZD25,0001318008,2017.0,Q1,2017-01-29,2017-04-29,2018-06-11 16:01:36+00:00,netcashfromcontinuinginvestingactivities,saleofinvestments,Sale and/or Maturity of Investments,+,debit,usd,24370000.0
Zumiez Inc,ZUMZ,549300J0PDF58P6HZD25,0001318008,2017.0,Q1,2017-01-29,2017-04-29,2018-06-11 16:01:36+00:00,netcashfrominvestingactivities,netcashfromcontinuinginvestingactivities,Net Cash From Continuing Investing Activities,+,debit,usd,-2753000.0
Zumiez Inc,ZUMZ,549300J0PDF58P6HZD25,0001318008,2017.0,Q1,2017-01-29,2017-04-29,2018-06-11 16:01:36+00:00,netchangeincash,netcashfrominvestingactivities,Net Cash From Investing Activities,+,debit,usd,-2753000.0
Zumiez Inc,ZUMZ,549300J0PDF58P6HZD25,0001318008,2017.0,Q1,2017-01-29,2017-04-29,2018-06-11 16:01:36+00:00,netcashfromcontinuingfinancingactivities,issuanceofcommonequity,Issuance of Common Equity,+,debit,usd,370000.0
Zumiez Inc,ZUMZ,549300J0PDF58P6HZD25,0001318008,2017.0,Q1,2017-01-29,2017-04-29,2018-06-11 16:01:36+00:00,netcashfromcontinuingfinancingactivities,otherfinancingactivitiesnet,"Other Financing Activities, net",+,debit,usd,-172000.0
Zumiez Inc,ZUMZ,549300J0PDF58P6HZD25,0001318008,2017.0,Q1,2017-01-29,2017-04-29,2018-06-11 16:01:36+00:00,netcashfromfinancingactivities,netcashfromcontinuingfinancingactivities,Net Cash From Continuing Financing Activities,+,debit,usd,198000.0
Zumiez Inc,ZUMZ,549300J0PDF58P6HZD25,0001318008,2017.0,Q1,2017-01-29,2017-04-29,2018-06-11 16:01:36+00:00,netchangeincash,netcashfromfinancingactivities,Net Cash From Financing Activities,+,debit,usd,198000.0
Zumiez Inc,ZUMZ,549300J0PDF58P6HZD25,0001318008,2017.0,Q1,2017-01-29,2017-04-29,2018-06-11 16:01:36+00:00,netchangeincash,effectofexchangeratechanges,Effect of Exchange Rate Changes,+,debit,usd,-39000.0
Zumiez Inc,ZUMZ,549300J0PDF58P6HZD25,0001318008,2017.0,Q1,2017-01-29,2017-04-29,2018-06-11 16:01:36+00:00,,netchangeincash,Net Change in Cash & Equivalents,=,debit,usd,2073000.0
Zumiez Inc,ZUMZ,549300J0PDF58P6HZD25,0001318008,2017.0,Q1,2017-01-29,2017-04-29,2018-06-11 16:01:36+00:00,,cashincometaxespaid,Cash Income Taxes Paid,=,,usd,3074000.0
Zumiez Inc,ZUMZ,549300J0PDF58P6HZD25,0001318008,2017.0,Q2,2017-04-30,2017-07-29,,netincomecontinuing,netincome,Consolidated Net Income / (Loss),+,credit,usd,-608000.0
Zumiez Inc,ZUMZ,549300J0PDF58P6HZD25,0001318008,2017.0,Q2,2017-04-30,2017-07-29,,netcashfromcontinuingoperatingactivities,netincomecontinuing,Net Income / (Loss) Continuing Operations,+,credit,usd,-608000.0
Zumiez Inc,ZUMZ,549300J0PDF58P6HZD25,0001318008,2017.0,Q2,2017-04-30,2017-07-29,,netcashfromcontinuingoperatingactivities,depreciationexpense,Depreciation Expense,+,debit,usd,6860000.0
Zumiez Inc,ZUMZ,549300J0PDF58P6HZD25,0001318008,2017.0,Q2,2017-04-30,2017-07-29,,netcashfromcontinuingoperatingactivities,noncashadjustmentstonetincome,Non-Cash Adjustments To Reconcile Net Income,+,debit,usd,1458000.0
Zumiez Inc,ZUMZ,549300J0PDF58P6HZD25,0001318008,2017.0,Q2,2017-04-30,2017-07-29,,netcashfromcontinuingoperatingactivities,increasedecreaseinoperatingcapital,"Changes in Operating Assets and Liabilities, net",+,debit,usd,-8609000.0
Zumiez Inc,ZUMZ,549300J0PDF58P6HZD25,0001318008,2017.0,Q2,2017-04-30,2017-07-29,,netcashfromoperatingactivities,netcashfromcontinuingoperatingactivities,Net Cash From Continuing Operating Activities,+,debit,usd,-899000.0
Zumiez Inc,ZUMZ,549300J0PDF58P6HZD25,0001318008,2017.0,Q2,2017-04-30,2017-07-29,,netchangeincash,netcashfromoperatingactivities,Net Cash From Operating Activities,+,debit,usd,-899000.0
Zumiez Inc,ZUMZ,549300J0PDF58P6HZD25,0001318008,2017.0,Q2,2017-04-30,2017-07-29,,netcashfromcontinuinginvestingactivities,purchaseofplantpropertyandequipment,"Purchase of Property, Plant & Equipment",+,debit,usd,-5344000.0
Zumiez Inc,ZUMZ,549300J0PDF58P6HZD25,0001318008,2017.0,Q2,2017-04-30,2017-07-29,,netcashfromcontinuinginvestingactivities,purchaseofinvestments,Purchase of Investments,+,debit,usd,-17580000.0
Zumiez Inc,ZUMZ,549300J0PDF58P6HZD25,0001318008,2017.0,Q2,2017-04-30,2017-07-29,,netcashfromcontinuinginvestingactivities,saleofinvestments,Sale and/or Maturity of Investments,+,debit,usd,18245000.0
Zumiez Inc,ZUMZ,549300J0PDF58P6HZD25,0001318008,2017.0,Q2,2017-04-30,2017-07-29,,netcashfrominvestingactivities,netcashfromcontinuinginvestingactivities,Net Cash From Continuing Investing Activities,+,debit,usd,-4679000.0
Zumiez Inc,ZUMZ,549300J0PDF58P6HZD25,0001318008,2017.0,Q2,2017-04-30,2017-07-29,,netchangeincash,netcashfrominvestingactivities,Net Cash From Investing Activities,+,debit,usd,-4679000.0
Zumiez Inc,ZUMZ,549300J0PDF58P6HZD25,0001318008,2017.0,Q2,2017-04-30,2017-07-29,,netcashfromcontinuingfinancingactivities,repaymentofdebt,Repayment of Debt,+,debit,usd,-1791000.0
Zumiez Inc,ZUMZ,549300J0PDF58P6HZD25,0001318008,2017.0,Q2,2017-04-30,2017-07-29,,netcashfromcontinuingfinancingactivities,issuanceofdebt,Issuance of Debt,+,debit,usd,1791000.0
Zumiez Inc,ZUMZ,549300J0PDF58P6HZD25,0001318008,2017.0,Q2,2017-04-30,2017-07-29,,netchangeincash,effectofexchangeratechanges,Effect of Exchange Rate Changes,+,debit,usd,549000.0
Zumiez Inc,ZUMZ,549300J0PDF58P6HZD25,0001318008,2017.0,Q2,2017-04-30,2017-07-29,,,netchangeincash,Net Change in Cash & Equivalents,=,debit,usd,-5029000.0
Zumiez Inc,ZUMZ,549300J0PDF58P6HZD25,0001318008,2017.0,Q2,2017-04-30,2017-07-29,,,cashincometaxespaid,Cash Income Taxes Paid,=,,usd,586000.0
Zumiez Inc,ZUMZ,549300J0PDF58P6HZD25,0001318008,2017.0,Q3,2017-07-30,2017-10-28,,netincomecontinuing,netincome,Consolidated Net Income / (Loss),+,credit,usd,11921000.0
Zumiez Inc,ZUMZ,549300J0PDF58P6HZD25,0001318008,2017.0,Q3,2017-07-30,2017-10-28,,netcashfromcontinuingoperatingactivities,netincomecontinuing,Net Income / (Loss) Continuing Operations,+,credit,usd,11921000.0
Zumiez Inc,ZUMZ,549300J0PDF58P6HZD25,0001318008,2017.0,Q3,2017-07-30,2017-10-28,,netcashfromcontinuingoperatingactivities,depreciationexpense,Depreciation Expense,+,debit,usd,6818000.0
Zumiez Inc,ZUMZ,549300J0PDF58P6HZD25,0001318008,2017.0,Q3,2017-07-30,2017-10-28,,netcashfromcontinuingoperatingactivities,noncashadjustmentstonetincome,Non-Cash Adjustments To Reconcile Net Income,+,debit,usd,1788000.0
Zumiez Inc,ZUMZ,549300J0PDF58P6HZD25,0001318008,2017.0,Q3,2017-07-30,2017-10-28,,netcashfromcontinuingoperatingactivities,increasedecreaseinoperatingcapital,"Changes in Operating Assets and Liabilities, net",+,debit,usd,-10426000.0
Zumiez Inc,ZUMZ,549300J0PDF58P6HZD25,0001318008,2017.0,Q3,2017-07-30,2017-10-28,,netcashfromoperatingactivities,netcashfromcontinuingoperatingactivities,Net Cash From Continuing Operating Activities,+,debit,usd,10101000.0
Zumiez Inc,ZUMZ,549300J0PDF58P6HZD25,0001318008,2017.0,Q3,2017-07-30,2017-10-28,,netchangeincash,netcashfromoperatingactivities,Net Cash From Operating Activities,+,debit,usd,10101000.0
Zumiez Inc,ZUMZ,549300J0PDF58P6HZD25,0001318008,2017.0,Q3,2017-07-30,2017-10-28,,netcashfromcontinuinginvestingactivities,purchaseofplantpropertyandequipment,"Purchase of Property, Plant & Equipment",+,debit,usd,-6611000.0
Zumiez Inc,ZUMZ,549300J0PDF58P6HZD25,0001318008,2017.0,Q3,2017-07-30,2017-10-28,,netcashfromcontinuinginvestingactivities,purchaseofinvestments,Purchase of Investments,+,debit,usd,-42612000.0
Zumiez Inc,ZUMZ,549300J0PDF58P6HZD25,0001318008,2017.0,Q3,2017-07-30,2017-10-28,,netcashfromcontinuinginvestingactivities,saleofinvestments,Sale and/or Maturity of Investments,+,debit,usd,20750000.0
Zumiez Inc,ZUMZ,549300J0PDF58P6HZD25,0001318008,2017.0,Q3,2017-07-30,2017-10-28,,netcashfrominvestingactivities,netcashfromcontinuinginvestingactivities,Net Cash From Continuing Investing Activities,+,debit,usd,-28473000.0
Zumiez Inc,ZUMZ,549300J0PDF58P6HZD25,0001318008,2017.0,Q3,2017-07-30,2017-10-28,,netchangeincash,netcashfrominvestingactivities,Net Cash From Investing Activities,+,debit,usd,-28473000.0
Zumiez Inc,ZUMZ,549300J0PDF58P6HZD25,0001318008,2017.0,Q3,2017-07-30,2017-10-28,,netcashfromcontinuingfinancingactivities,repaymentofdebt,Repayment of Debt,+,debit,usd,-6050000.0
Zumiez Inc,ZUMZ,549300J0PDF58P6HZD25,0001318008,2017.0,Q3,2017-07-30,2017-10-28,,netcashfromcontinuingfinancingactivities,issuanceofdebt,Issuance of Debt,+,debit,usd,17621000.0
Zumiez Inc,ZUMZ,549300J0PDF58P6HZD25,0001318008,2017.0,Q3,2017-07-30,2017-10-28,,netcashfromcontinuingfinancingactivities,issuanceofcommonequity,Issuance of Common Equity,+,debit,usd,327000.0
Zumiez Inc,ZUMZ,549300J0PDF58P6HZD25,0001318008,2017.0,Q3,2017-07-30,2017-10-28,,netcashfromcontinuingfinancingactivities,otherfinancingactivitiesnet,"Other Financing Activities, net",+,debit,usd,1000.0
Zumiez Inc,ZUMZ,549300J0PDF58P6HZD25,0001318008,2017.0,Q3,2017-07-30,2017-10-28,,netcashfromfinancingactivities,netcashfromcontinuingfinancingactivities,Net Cash From Continuing Financing Activities,+,debit,usd,11899000.0
Zumiez Inc,ZUMZ,549300J0PDF58P6HZD25,0001318008,2017.0,Q3,2017-07-30,2017-10-28,,netchangeincash,netcashfromfinancingactivities,Net Cash From Financing Activities,+,debit,usd,11899000.0
Zumiez Inc,ZUMZ,549300J0PDF58P6HZD25,0001318008,2017.0,Q3,2017-07-30,2017-10-28,,netchangeincash,effectofexchangeratechanges,Effect of Exchange Rate Changes,+,debit,usd,-158000.0
Zumiez Inc,ZUMZ,549300J0PDF58P6HZD25,0001318008,2017.0,Q3,2017-07-30,2017-10-28,,,netchangeincash,Net Change in Cash & Equivalents,=,debit,usd,-6631000.0
Zumiez Inc,ZUMZ,549300J0PDF58P6HZD25,0001318008,2017.0,Q3,2017-07-30,2017-10-28,,,cashincometaxespaid,Cash Income Taxes Paid,=,,usd,774000.0
Zumiez Inc,ZUMZ,549300J0PDF58P6HZD25,0001318008,2017.0,Q4,2017-10-29,2018-02-03,,netincomecontinuing,netincome,Consolidated Net Income / (Loss),+,credit,usd,19937000.0
Zumiez Inc,ZUMZ,549300J0PDF58P6HZD25,0001318008,2017.0,Q4,2017-10-29,2018-02-03,,netcashfromcontinuingoperatingactivities,netincomecontinuing,Net Income / (Loss) Continuing Operations,+,credit,usd,19937000.0
Zumiez Inc,ZUMZ,549300J0PDF58P6HZD25,0001318008,2017.0,Q4,2017-10-29,2018-02-03,,netcashfromcontinuingoperatingactivities,depreciationexpense,Depreciation Expense,+,debit,usd,6950000.0
Zumiez Inc,ZUMZ,549300J0PDF58P6HZD25,0001318008,2017.0,Q4,2017-10-29,2018-02-03,,netcashfromcontinuingoperatingactivities,noncashadjustmentstonetincome,Non-Cash Adjustments To Reconcile Net Income,+,debit,usd,2467000.0
Zumiez Inc,ZUMZ,549300J0PDF58P6HZD25,0001318008,2017.0,Q4,2017-10-29,2018-02-03,,netcashfromcontinuingoperatingactivities,increasedecreaseinoperatingcapital,"Changes in Operating Assets and Liabilities, net",+,debit,usd,22301000.0
Zumiez Inc,ZUMZ,549300J0PDF58P6HZD25,0001318008,2017.0,Q4,2017-10-29,2018-02-03,,netcashfromoperatingactivities,netcashfromcontinuingoperatingactivities,Net Cash From Continuing Operating Activities,+,debit,usd,51655000.0
Zumiez Inc,ZUMZ,549300J0PDF58P6HZD25,0001318008,2017.0,Q4,2017-10-29,2018-02-03,,netchangeincash,netcashfromoperatingactivities,Net Cash From Operating Activities,+,debit,usd,51655000.0
Zumiez Inc,ZUMZ,549300J0PDF58P6HZD25,0001318008,2017.0,Q4,2017-10-29,2018-02-03,,netcashfromcontinuinginvestingactivities,purchaseofplantpropertyandequipment,"Purchase of Property, Plant & Equipment",+,debit,usd,-4990000.0
Zumiez Inc,ZUMZ,549300J0PDF58P6HZD25,0001318008,2017.0,Q4,2017-10-29,2018-02-03,,netcashfromcontinuinginvestingactivities,purchaseofinvestments,Purchase of Investments,+,debit,usd,-48838000.0
Zumiez Inc,ZUMZ,549300J0PDF58P6HZD25,0001318008,2017.0,Q4,2017-10-29,2018-02-03,,netcashfromcontinuinginvestingactivities,saleofinvestments,Sale and/or Maturity of Investments,+,debit,usd,25763000.0
Zumiez Inc,ZUMZ,549300J0PDF58P6HZD25,0001318008,2017.0,Q4,2017-10-29,2018-02-03,,netcashfrominvestingactivities,netcashfromcontinuinginvestingactivities,Net Cash From Continuing Investing Activities,+,debit,usd,-28065000.0
Zumiez Inc,ZUMZ,549300J0PDF58P6HZD25,0001318008,2017.0,Q4,2017-10-29,2018-02-03,,netchangeincash,netcashfrominvestingactivities,Net Cash From Investing Activities,+,debit,usd,-28065000.0
Zumiez Inc,ZUMZ,549300J0PDF58P6HZD25,0001318008,2017.0,Q4,2017-10-29,2018-02-03,,netcashfromcontinuingfinancingactivities,repaymentofdebt,Repayment of Debt,+,debit,usd,-12859000.0
Zumiez Inc,ZUMZ,549300J0PDF58P6HZD25,0001318008,2017.0,Q4,2017-10-29,2018-02-03,,netcashfromcontinuingfinancingactivities,issuanceofdebt,Issuance of Debt,+,debit,usd,2054000.0
Zumiez Inc,ZUMZ,549300J0PDF58P6HZD25,0001318008,2017.0,Q4,2017-10-29,2018-02-03,,netcashfromcontinuingfinancingactivities,issuanceofcommonequity,Issuance of Common Equity,+,debit,usd,1000.0
Zumiez Inc,ZUMZ,549300J0PDF58P6HZD25,0001318008,2017.0,Q4,2017-10-29,2018-02-03,,netcashfromcontinuingfinancingactivities,otherfinancingactivitiesnet,"Other Financing Activities, net",+,debit,usd,-20000.0
Zumiez Inc,ZUMZ,549300J0PDF58P6HZD25,0001318008,2017.0,Q4,2017-10-29,2018-02-03,,netcashfromfinancingactivities,netcashfromcontinuingfinancingactivities,Net Cash From Continuing Financing Activities,+,debit,usd,-10824000.0
Zumiez Inc,ZUMZ,549300J0PDF58P6HZD25,0001318008,2017.0,Q4,2017-10-29,2018-02-03,,netchangeincash,netcashfromfinancingactivities,Net Cash From Financing Activities,+,debit,usd,-10824000.0
Zumiez Inc,ZUMZ,549300J0PDF58P6HZD25,0001318008,2017.0,Q4,2017-10-29,2018-02-03,,netchangeincash,effectofexchangeratechanges,Effect of Exchange Rate Changes,+,debit,usd,-352000.0
Zumiez Inc,ZUMZ,549300J0PDF58P6HZD25,0001318008,2017.0,Q4,2017-10-29,2018-02-03,,,netchangeincash,Net Change in Cash & Equivalents,=,debit,usd,12414000.0
Zumiez Inc,ZUMZ,549300J0PDF58P6HZD25,0001318008,2017.0,Q4,2017-10-29,2018-02-03,,,cashincometaxespaid,Cash Income Taxes Paid,=,,usd,10417000.0
Zumiez Inc,ZUMZ,549300J0PDF58P6HZD25,0001318008,2018.0,Q1,2018-02-04,2018-05-05,2019-06-10 16:01:21+00:00,netincomecontinuing,netincome,Consolidated Net Income / (Loss),+,credit,usd,-2607000.0
Zumiez Inc,ZUMZ,549300J0PDF58P6HZD25,0001318008,2018.0,Q1,2018-02-04,2018-05-05,2019-06-10 16:01:21+00:00,netcashfromcontinuingoperatingactivities,netincomecontinuing,Net Income / (Loss) Continuing Operations,+,credit,usd,-2607000.0
Zumiez Inc,ZUMZ,549300J0PDF58P6HZD25,0001318008,2018.0,Q1,2018-02-04,2018-05-05,2019-06-10 16:01:21+00:00,netcashfromcontinuingoperatingactivities,depreciationexpense,Depreciation Expense,+,debit,usd,6970000.0
Zumiez Inc,ZUMZ,549300J0PDF58P6HZD25,0001318008,2018.0,Q1,2018-02-04,2018-05-05,2019-06-10 16:01:21+00:00,netcashfromcontinuingoperatingactivities,noncashadjustmentstonetincome,Non-Cash Adjustments To Reconcile Net Income,+,debit,usd,2230000.0
Zumiez Inc,ZUMZ,549300J0PDF58P6HZD25,0001318008,2018.0,Q1,2018-02-04,2018-05-05,2019-06-10 16:01:21+00:00,netcashfromcontinuingoperatingactivities,increasedecreaseinoperatingcapital,"Changes in Operating Assets and Liabilities, net",+,debit,usd,-10485000.0
Zumiez Inc,ZUMZ,549300J0PDF58P6HZD25,0001318008,2018.0,Q1,2018-02-04,2018-05-05,2019-06-10 16:01:21+00:00,netcashfromoperatingactivities,netcashfromcontinuingoperatingactivities,Net Cash From Continuing Operating Activities,+,debit,usd,-3892000.0
Zumiez Inc,ZUMZ,549300J0PDF58P6HZD25,0001318008,2018.0,Q1,2018-02-04,2018-05-05,2019-06-10 16:01:21+00:00,netchangeincash,netcashfromoperatingactivities,Net Cash From Operating Activities,+,debit,usd,-3892000.0
Zumiez Inc,ZUMZ,549300J0PDF58P6HZD25,0001318008,2018.0,Q1,2018-02-04,2018-05-05,2019-06-10 16:01:21+00:00,netcashfromcontinuinginvestingactivities,purchaseofplantpropertyandequipment,"Purchase of Property, Plant & Equipment",+,debit,usd,-3585000.0
Zumiez Inc,ZUMZ,549300J0PDF58P6HZD25,0001318008,2018.0,Q1,2018-02-04,2018-05-05,2019-06-10 16:01:21+00:00,netcashfromcontinuinginvestingactivities,purchaseofinvestments,Purchase of Investments,+,debit,usd,-12932000.0
Zumiez Inc,ZUMZ,549300J0PDF58P6HZD25,0001318008,2018.0,Q1,2018-02-04,2018-05-05,2019-06-10 16:01:21+00:00,netcashfromcontinuinginvestingactivities,saleofinvestments,Sale and/or Maturity of Investments,+,debit,usd,21590000.0
Zumiez Inc,ZUMZ,549300J0PDF58P6HZD25,0001318008,2018.0,Q1,2018-02-04,2018-05-05,2019-06-10 16:01:21+00:00,netcashfrominvestingactivities,netcashfromcontinuinginvestingactivities,Net Cash From Continuing Investing Activities,+,debit,usd,5073000.0
Zumiez Inc,ZUMZ,549300J0PDF58P6HZD25,0001318008,2018.0,Q1,2018-02-04,2018-05-05,2019-06-10 16:01:21+00:00,netchangeincash,netcashfrominvestingactivities,Net Cash From Investing Activities,+,debit,usd,5073000.0
Zumiez Inc,ZUMZ,549300J0PDF58P6HZD25,0001318008,2018.0,Q1,2018-02-04,2018-05-05,2019-06-10 16:01:21+00:00,netcashfromcontinuingfinancingactivities,repaymentofdebt,Repayment of Debt,+,debit,usd,-13347000.0
Zumiez Inc,ZUMZ,549300J0PDF58P6HZD25,0001318008,2018.0,Q1,2018-02-04,2018-05-05,2019-06-10 16:01:21+00:00,netcashfromcontinuingfinancingactivities,issuanceofdebt,Issuance of Debt,+,debit,usd,17245000.0
Zumiez Inc,ZUMZ,549300J0PDF58P6HZD25,0001318008,2018.0,Q1,2018-02-04,2018-05-05,2019-06-10 16:01:21+00:00,netcashfromcontinuingfinancingactivities,issuanceofcommonequity,Issuance of Common Equity,+,debit,usd,621000.0
Zumiez Inc,ZUMZ,549300J0PDF58P6HZD25,0001318008,2018.0,Q1,2018-02-04,2018-05-05,2019-06-10 16:01:21+00:00,netcashfromcontinuingfinancingactivities,otherfinancingactivitiesnet,"Other Financing Activities, net",+,debit,usd,-195000.0
Zumiez Inc,ZUMZ,549300J0PDF58P6HZD25,0001318008,2018.0,Q1,2018-02-04,2018-05-05,2019-06-10 16:01:21+00:00,netcashfromfinancingactivities,netcashfromcontinuingfinancingactivities,Net Cash From Continuing Financing Activities,+,debit,usd,4324000.0
Zumiez Inc,ZUMZ,549300J0PDF58P6HZD25,0001318008,2018.0,Q1,2018-02-04,2018-05-05,2019-06-10 16:01:21+00:00,netchangeincash,netcashfromfinancingactivities,Net Cash From Financing Activities,+,debit,usd,4324000.0
Zumiez Inc,ZUMZ,549300J0PDF58P6HZD25,0001318008,2018.0,Q1,2018-02-04,2018-05-05,2019-06-10 16:01:21+00:00,,netchangeincash,Net Change in Cash & Equivalents,=,debit,usd,5505000.0
Zumiez Inc,ZUMZ,549300J0PDF58P6HZD25,0001318008,2018.0,Q1,2018-02-04,2018-05-05,2019-06-10 16:01:21+00:00,,cashincometaxespaid,Cash Income Taxes Paid,=,,usd,6442000.0
Zumiez Inc,ZUMZ,549300J0PDF58P6HZD25,0001318008,2018.0,Q2,2018-05-06,2018-08-04,,netincomecontinuing,netincome,Consolidated Net Income / (Loss),+,credit,usd,4377000.0
Zumiez Inc,ZUMZ,549300J0PDF58P6HZD25,0001318008,2018.0,Q2,2018-05-06,2018-08-04,,netcashfromcontinuingoperatingactivities,netincomecontinuing,Net Income / (Loss) Continuing Operations,+,credit,usd,4377000.0
Zumiez Inc,ZUMZ,549300J0PDF58P6HZD25,0001318008,2018.0,Q2,2018-05-06,2018-08-04,,netcashfromcontinuingoperatingactivities,depreciationexpense,Depreciation Expense,+,debit,usd,6950000.0
Zumiez Inc,ZUMZ,549300J0PDF58P6HZD25,0001318008,2018.0,Q2,2018-05-06,2018-08-04,,netcashfromcontinuingoperatingactivities,noncashadjustmentstonetincome,Non-Cash Adjustments To Reconcile Net Income,+,debit,usd,1092000.0
Zumiez Inc,ZUMZ,549300J0PDF58P6HZD25,0001318008,2018.0,Q2,2018-05-06,2018-08-04,,netcashfromcontinuingoperatingactivities,increasedecreaseinoperatingcapital,"Changes in Operating Assets and Liabilities, net",+,debit,usd,6777000.0
Zumiez Inc,ZUMZ,549300J0PDF58P6HZD25,0001318008,2018.0,Q2,2018-05-06,2018-08-04,,netcashfromoperatingactivities,netcashfromcontinuingoperatingactivities,Net Cash From Continuing Operating Activities,+,debit,usd,19196000.0
Zumiez Inc,ZUMZ,549300J0PDF58P6HZD25,0001318008,2018.0,Q2,2018-05-06,2018-08-04,,netchangeincash,netcashfromoperatingactivities,Net Cash From Operating Activities,+,debit,usd,19196000.0
Zumiez Inc,ZUMZ,549300J0PDF58P6HZD25,0001318008,2018.0,Q2,2018-05-06,2018-08-04,,netcashfromcontinuinginvestingactivities,purchaseofplantpropertyandequipment,"Purchase of Property, Plant & Equipment",+,debit,usd,-5476000.0
Zumiez Inc,ZUMZ,549300J0PDF58P6HZD25,0001318008,2018.0,Q2,2018-05-06,2018-08-04,,netcashfromcontinuinginvestingactivities,purchaseofinvestments,Purchase of Investments,+,debit,usd,-22114000.0
Zumiez Inc,ZUMZ,549300J0PDF58P6HZD25,0001318008,2018.0,Q2,2018-05-06,2018-08-04,,netcashfromcontinuinginvestingactivities,saleofinvestments,Sale and/or Maturity of Investments,+,debit,usd,19610000.0
Zumiez Inc,ZUMZ,549300J0PDF58P6HZD25,0001318008,2018.0,Q2,2018-05-06,2018-08-04,,netcashfrominvestingactivities,netcashfromcontinuinginvestingactivities,Net Cash From Continuing Investing Activities,+,debit,usd,-7980000.0
Zumiez Inc,ZUMZ,549300J0PDF58P6HZD25,0001318008,2018.0,Q2,2018-05-06,2018-08-04,,netchangeincash,netcashfrominvestingactivities,Net Cash From Investing Activities,+,debit,usd,-7980000.0
Zumiez Inc,ZUMZ,549300J0PDF58P6HZD25,0001318008,2018.0,Q2,2018-05-06,2018-08-04,,netcashfromcontinuingfinancingactivities,repaymentofdebt,Repayment of Debt,+,debit,usd,-10886000.0
Zumiez Inc,ZUMZ,549300J0PDF58P6HZD25,0001318008,2018.0,Q2,2018-05-06,2018-08-04,,netcashfromcontinuingfinancingactivities,issuanceofdebt,Issuance of Debt,+,debit,usd,11982000.0
Zumiez Inc,ZUMZ,549300J0PDF58P6HZD25,0001318008,2018.0,Q2,2018-05-06,2018-08-04,,netcashfromfinancingactivities,netcashfromcontinuingfinancingactivities,Net Cash From Continuing Financing Activities,+,debit,usd,1096000.0
Zumiez Inc,ZUMZ,549300J0PDF58P6HZD25,0001318008,2018.0,Q2,2018-05-06,2018-08-04,,netchangeincash,netcashfromfinancingactivities,Net Cash From Financing Activities,+,debit,usd,1096000.0
Zumiez Inc,ZUMZ,549300J0PDF58P6HZD25,0001318008,2018.0,Q2,2018-05-06,2018-08-04,,,netchangeincash,Net Change in Cash & Equivalents,=,debit,usd,12312000.0
Zumiez Inc,ZUMZ,549300J0PDF58P6HZD25,0001318008,2018.0,Q2,2018-05-06,2018-08-04,,,cashincometaxespaid,Cash Income Taxes Paid,=,,usd,920000.0
Zumiez Inc,ZUMZ,549300J0PDF58P6HZD25,0001318008,2018.0,Q3,2018-08-05,2018-11-03,,netincomecontinuing,netincome,Consolidated Net Income / (Loss),+,credit,usd,13823000.0
Zumiez Inc,ZUMZ,549300J0PDF58P6HZD25,0001318008,2018.0,Q3,2018-08-05,2018-11-03,,netcashfromcontinuingoperatingactivities,netincomecontinuing,Net Income / (Loss) Continuing Operations,+,credit,usd,13823000.0
Zumiez Inc,ZUMZ,549300J0PDF58P6HZD25,0001318008,2018.0,Q3,2018-08-05,2018-11-03,,netcashfromcontinuingoperatingactivities,depreciationexpense,Depreciation Expense,+,debit,usd,7329000.0
Zumiez Inc,ZUMZ,549300J0PDF58P6HZD25,0001318008,2018.0,Q3,2018-08-05,2018-11-03,,netcashfromcontinuingoperatingactivities,noncashadjustmentstonetincome,Non-Cash Adjustments To Reconcile Net Income,+,debit,usd,1591000.0
Zumiez Inc,ZUMZ,549300J0PDF58P6HZD25,0001318008,2018.0,Q3,2018-08-05,2018-11-03,,netcashfromcontinuingoperatingactivities,increasedecreaseinoperatingcapital,"Changes in Operating Assets and Liabilities, net",+,debit,usd,-20898000.0
Zumiez Inc,ZUMZ,549300J0PDF58P6HZD25,0001318008,2018.0,Q3,2018-08-05,2018-11-03,,netcashfromoperatingactivities,netcashfromcontinuingoperatingactivities,Net Cash From Continuing Operating Activities,+,debit,usd,1845000.0
Zumiez Inc,ZUMZ,549300J0PDF58P6HZD25,0001318008,2018.0,Q3,2018-08-05,2018-11-03,,netchangeincash,netcashfromoperatingactivities,Net Cash From Operating Activities,+,debit,usd,1845000.0
Zumiez Inc,ZUMZ,549300J0PDF58P6HZD25,0001318008,2018.0,Q3,2018-08-05,2018-11-03,,netcashfromcontinuinginvestingactivities,purchaseofplantpropertyandequipment,"Purchase of Property, Plant & Equipment",+,debit,usd,-6622000.0
Zumiez Inc,ZUMZ,549300J0PDF58P6HZD25,0001318008,2018.0,Q3,2018-08-05,2018-11-03,,netcashfromcontinuinginvestingactivities,purchaseofinvestments,Purchase of Investments,+,debit,usd,-81384000.0
Zumiez Inc,ZUMZ,549300J0PDF58P6HZD25,0001318008,2018.0,Q3,2018-08-05,2018-11-03,,netcashfromcontinuinginvestingactivities,saleofinvestments,Sale and/or Maturity of Investments,+,debit,usd,74336000.0
Zumiez Inc,ZUMZ,549300J0PDF58P6HZD25,0001318008,2018.0,Q3,2018-08-05,2018-11-03,,netcashfrominvestingactivities,netcashfromcontinuinginvestingactivities,Net Cash From Continuing Investing Activities,+,debit,usd,-13670000.0
Zumiez Inc,ZUMZ,549300J0PDF58P6HZD25,0001318008,2018.0,Q3,2018-08-05,2018-11-03,,netchangeincash,netcashfrominvestingactivities,Net Cash From Investing Activities,+,debit,usd,-13670000.0
Zumiez Inc,ZUMZ,549300J0PDF58P6HZD25,0001318008,2018.0,Q3,2018-08-05,2018-11-03,,netcashfromcontinuingfinancingactivities,repaymentofdebt,Repayment of Debt,+,debit,usd,-3418000.0
Zumiez Inc,ZUMZ,549300J0PDF58P6HZD25,0001318008,2018.0,Q3,2018-08-05,2018-11-03,,netcashfromcontinuingfinancingactivities,issuanceofdebt,Issuance of Debt,+,debit,usd,3549000.0
Zumiez Inc,ZUMZ,549300J0PDF58P6HZD25,0001318008,2018.0,Q3,2018-08-05,2018-11-03,,netcashfromcontinuingfinancingactivities,issuanceofcommonequity,Issuance of Common Equity,+,debit,usd,278000.0
Zumiez Inc,ZUMZ,549300J0PDF58P6HZD25,0001318008,2018.0,Q3,2018-08-05,2018-11-03,,netcashfromfinancingactivities,netcashfromcontinuingfinancingactivities,Net Cash From Continuing Financing Activities,+,debit,usd,409000.0
Zumiez Inc,ZUMZ,549300J0PDF58P6HZD25,0001318008,2018.0,Q3,2018-08-05,2018-11-03,,netchangeincash,netcashfromfinancingactivities,Net Cash From Financing Activities,+,debit,usd,409000.0
Zumiez Inc,ZUMZ,549300J0PDF58P6HZD25,0001318008,2018.0,Q3,2018-08-05,2018-11-03,,,netchangeincash,Net Change in Cash & Equivalents,=,debit,usd,-11416000.0
Zumiez Inc,ZUMZ,549300J0PDF58P6HZD25,0001318008,2018.0,Q3,2018-08-05,2018-11-03,,,cashincometaxespaid,Cash Income Taxes Paid,=,,usd,4531000.0
Zumiez Inc,ZUMZ,549300J0PDF58P6HZD25,0001318008,2018.0,Q4,2018-11-04,2019-02-02,,netincomecontinuing,netincome,Consolidated Net Income / (Loss),+,credit,usd,29612000.0
Zumiez Inc,ZUMZ,549300J0PDF58P6HZD25,0001318008,2018.0,Q4,2018-11-04,2019-02-02,,netcashfromcontinuingoperatingactivities,netincomecontinuing,Net Income / (Loss) Continuing Operations,+,credit,usd,29612000.0
Zumiez Inc,ZUMZ,549300J0PDF58P6HZD25,0001318008,2018.0,Q4,2018-11-04,2019-02-02,,netcashfromcontinuingoperatingactivities,depreciationexpense,Depreciation Expense,+,debit,usd,6067000.0
Zumiez Inc,ZUMZ,549300J0PDF58P6HZD25,0001318008,2018.0,Q4,2018-11-04,2019-02-02,,netcashfromcontinuingoperatingactivities,noncashadjustmentstonetincome,Non-Cash Adjustments To Reconcile Net Income,+,debit,usd,3284000.0
Zumiez Inc,ZUMZ,549300J0PDF58P6HZD25,0001318008,2018.0,Q4,2018-11-04,2019-02-02,,netcashfromcontinuingoperatingactivities,increasedecreaseinoperatingcapital,"Changes in Operating Assets and Liabilities, net",+,debit,usd,9294000.0
Zumiez Inc,ZUMZ,549300J0PDF58P6HZD25,0001318008,2018.0,Q4,2018-11-04,2019-02-02,,netcashfromoperatingactivities,netcashfromcontinuingoperatingactivities,Net Cash From Continuing Operating Activities,+,debit,usd,48257000.0
Zumiez Inc,ZUMZ,549300J0PDF58P6HZD25,0001318008,2018.0,Q4,2018-11-04,2019-02-02,,netchangeincash,netcashfromoperatingactivities,Net Cash From Operating Activities,+,debit,usd,48257000.0
Zumiez Inc,ZUMZ,549300J0PDF58P6HZD25,0001318008,2018.0,Q4,2018-11-04,2019-02-02,,netcashfromcontinuinginvestingactivities,purchaseofplantpropertyandequipment,"Purchase of Property, Plant & Equipment",+,debit,usd,-5345000.0
Zumiez Inc,ZUMZ,549300J0PDF58P6HZD25,0001318008,2018.0,Q4,2018-11-04,2019-02-02,,netcashfromcontinuinginvestingactivities,purchaseofinvestments,Purchase of Investments,+,debit,usd,-32216000.0
Zumiez Inc,ZUMZ,549300J0PDF58P6HZD25,0001318008,2018.0,Q4,2018-11-04,2019-02-02,,netcashfromcontinuinginvestingactivities,saleofinvestments,Sale and/or Maturity of Investments,+,debit,usd,17740000.0
Zumiez Inc,ZUMZ,549300J0PDF58P6HZD25,0001318008,2018.0,Q4,2018-11-04,2019-02-02,,netcashfrominvestingactivities,netcashfromcontinuinginvestingactivities,Net Cash From Continuing Investing Activities,+,debit,usd,-19821000.0
Zumiez Inc,ZUMZ,549300J0PDF58P6HZD25,0001318008,2018.0,Q4,2018-11-04,2019-02-02,,netchangeincash,netcashfrominvestingactivities,Net Cash From Investing Activities,+,debit,usd,-19821000.0
Zumiez Inc,ZUMZ,549300J0PDF58P6HZD25,0001318008,2018.0,Q4,2018-11-04,2019-02-02,,netcashfromcontinuingfinancingactivities,repaymentofdebt,Repayment of Debt,+,debit,usd,-7530000.0
Zumiez Inc,ZUMZ,549300J0PDF58P6HZD25,0001318008,2018.0,Q4,2018-11-04,2019-02-02,,netcashfromcontinuingfinancingactivities,issuanceofdebt,Issuance of Debt,+,debit,usd,1853000.0
Zumiez Inc,ZUMZ,549300J0PDF58P6HZD25,0001318008,2018.0,Q4,2018-11-04,2019-02-02,,netcashfromcontinuingfinancingactivities,otherfinancingactivitiesnet,"Other Financing Activities, net",+,debit,usd,-32000.0
Zumiez Inc,ZUMZ,549300J0PDF58P6HZD25,0001318008,2018.0,Q4,2018-11-04,2019-02-02,,netcashfromfinancingactivities,netcashfromcontinuingfinancingactivities,Net Cash From Continuing Financing Activities,+,debit,usd,-5709000.0
Zumiez Inc,ZUMZ,549300J0PDF58P6HZD25,0001318008,2018.0,Q4,2018-11-04,2019-02-02,,netchangeincash,netcashfromfinancingactivities,Net Cash From Financing Activities,+,debit,usd,-5709000.0
Zumiez Inc,ZUMZ,549300J0PDF58P6HZD25,0001318008,2018.0,Q4,2018-11-04,2019-02-02,,,netchangeincash,Net Change in Cash & Equivalents,=,debit,usd,22727000.0
Zumiez Inc,ZUMZ,549300J0PDF58P6HZD25,0001318008,2018.0,Q4,2018-11-04,2019-02-02,,,cashincometaxespaid,Cash Income Taxes Paid,=,,usd,6452000.0
Zumiez Inc,ZUMZ,549300J0PDF58P6HZD25,0001318008,2019.0,Q1,2019-02-03,2019-05-04,2020-06-08 16:01:34+00:00,netincomecontinuing,netincome,Consolidated Net Income / (Loss),+,credit,usd,793000.0
Zumiez Inc,ZUMZ,549300J0PDF58P6HZD25,0001318008,2019.0,Q1,2019-02-03,2019-05-04,2020-06-08 16:01:34+00:00,netcashfromcontinuingoperatingactivities,netincomecontinuing,Net Income / (Loss) Continuing Operations,+,credit,usd,793000.0
Zumiez Inc,ZUMZ,549300J0PDF58P6HZD25,0001318008,2019.0,Q1,2019-02-03,2019-05-04,2020-06-08 16:01:34+00:00,netcashfromcontinuingoperatingactivities,depreciationexpense,Depreciation Expense,+,debit,usd,6263000.0
Zumiez Inc,ZUMZ,549300J0PDF58P6HZD25,0001318008,2019.0,Q1,2019-02-03,2019-05-04,2020-06-08 16:01:34+00:00,netcashfromcontinuingoperatingactivities,noncashadjustmentstonetincome,Non-Cash Adjustments To Reconcile Net Income,+,debit,usd,15288000.0
Zumiez Inc,ZUMZ,549300J0PDF58P6HZD25,0001318008,2019.0,Q1,2019-02-03,2019-05-04,2020-06-08 16:01:34+00:00,netcashfromcontinuingoperatingactivities,increasedecreaseinoperatingcapital,"Changes in Operating Assets and Liabilities, net",+,debit,usd,-12482000.0
Zumiez Inc,ZUMZ,549300J0PDF58P6HZD25,0001318008,2019.0,Q1,2019-02-03,2019-05-04,2020-06-08 16:01:34+00:00,netcashfromoperatingactivities,netcashfromcontinuingoperatingactivities,Net Cash From Continuing Operating Activities,+,debit,usd,9862000.0
Zumiez Inc,ZUMZ,549300J0PDF58P6HZD25,0001318008,2019.0,Q1,2019-02-03,2019-05-04,2020-06-08 16:01:34+00:00,netchangeincash,netcashfromoperatingactivities,Net Cash From Operating Activities,+,debit,usd,9862000.0
Zumiez Inc,ZUMZ,549300J0PDF58P6HZD25,0001318008,2019.0,Q1,2019-02-03,2019-05-04,2020-06-08 16:01:34+00:00,netcashfromcontinuinginvestingactivities,purchaseofplantpropertyandequipment,"Purchase of Property, Plant & Equipment",+,debit,usd,-3331000.0
Zumiez Inc,ZUMZ,549300J0PDF58P6HZD25,0001318008,2019.0,Q1,2019-02-03,2019-05-04,2020-06-08 16:01:34+00:00,netcashfromcontinuinginvestingactivities,purchaseofinvestments,Purchase of Investments,+,debit,usd,-33385000.0
Zumiez Inc,ZUMZ,549300J0PDF58P6HZD25,0001318008,2019.0,Q1,2019-02-03,2019-05-04,2020-06-08 16:01:34+00:00,netcashfromcontinuinginvestingactivities,saleofinvestments,Sale and/or Maturity of Investments,+,debit,usd,39001000.0
Zumiez Inc,ZUMZ,549300J0PDF58P6HZD25,0001318008,2019.0,Q1,2019-02-03,2019-05-04,2020-06-08 16:01:34+00:00,netcashfrominvestingactivities,netcashfromcontinuinginvestingactivities,Net Cash From Continuing Investing Activities,+,debit,usd,2285000.0
Zumiez Inc,ZUMZ,549300J0PDF58P6HZD25,0001318008,2019.0,Q1,2019-02-03,2019-05-04,2020-06-08 16:01:34+00:00,netchangeincash,netcashfrominvestingactivities,Net Cash From Investing Activities,+,debit,usd,2285000.0
Zumiez Inc,ZUMZ,549300J0PDF58P6HZD25,0001318008,2019.0,Q1,2019-02-03,2019-05-04,2020-06-08 16:01:34+00:00,netcashfromcontinuingfinancingactivities,repurchaseofcommonequity,Repurchase of Common Equity,+,debit,usd,0.0
Zumiez Inc,ZUMZ,549300J0PDF58P6HZD25,0001318008,2019.0,Q1,2019-02-03,2019-05-04,2020-06-08 16:01:34+00:00,netcashfromcontinuingfinancingactivities,issuanceofcommonequity,Issuance of Common Equity,+,debit,usd,583000.0
Zumiez Inc,ZUMZ,549300J0PDF58P6HZD25,0001318008,2019.0,Q1,2019-02-03,2019-05-04,2020-06-08 16:01:34+00:00,netcashfromcontinuingfinancingactivities,otherfinancingactivitiesnet,"Other Financing Activities, net",+,debit,usd,-238000.0
Zumiez Inc,ZUMZ,549300J0PDF58P6HZD25,0001318008,2019.0,Q1,2019-02-03,2019-05-04,2020-06-08 16:01:34+00:00,netcashfromfinancingactivities,netcashfromcontinuingfinancingactivities,Net Cash From Continuing Financing Activities,+,debit,usd,345000.0
Zumiez Inc,ZUMZ,549300J0PDF58P6HZD25,0001318008,2019.0,Q1,2019-02-03,2019-05-04,2020-06-08 16:01:34+00:00,netchangeincash,netcashfromfinancingactivities,Net Cash From Financing Activities,+,debit,usd,345000.0
Zumiez Inc,ZUMZ,549300J0PDF58P6HZD25,0001318008,2019.0,Q1,2019-02-03,2019-05-04,2020-06-08 16:01:34+00:00,netchangeincash,effectofexchangeratechanges,Effect of Exchange Rate Changes,+,debit,usd,-466000.0
Zumiez Inc,ZUMZ,549300J0PDF58P6HZD25,0001318008,2019.0,Q1,2019-02-03,2019-05-04,2020-06-08 16:01:34+00:00,,netchangeincash,Net Change in Cash & Equivalents,=,debit,usd,12026000.0
Zumiez Inc,ZUMZ,549300J0PDF58P6HZD25,0001318008,2019.0,Q1,2019-02-03,2019-05-04,2020-06-08 16:01:34+00:00,,cashincometaxespaid,Cash Income Taxes Paid,=,,usd,7038000.0
Zumiez Inc,ZUMZ,549300J0PDF58P6HZD25,0001318008,2019.0,Q2,2019-05-05,2019-08-03,,netincomecontinuing,netincome,Consolidated Net Income / (Loss),+,credit,usd,9025000.0
Zumiez Inc,ZUMZ,549300J0PDF58P6HZD25,0001318008,2019.0,Q2,2019-05-05,2019-08-03,,netcashfromcontinuingoperatingactivities,netincomecontinuing,Net Income / (Loss) Continuing Operations,+,credit,usd,9025000.0
Zumiez Inc,ZUMZ,549300J0PDF58P6HZD25,0001318008,2019.0,Q2,2019-05-05,2019-08-03,,netcashfromcontinuingoperatingactivities,depreciationexpense,Depreciation Expense,+,debit,usd,6251000.0
Zumiez Inc,ZUMZ,549300J0PDF58P6HZD25,0001318008,2019.0,Q2,2019-05-05,2019-08-03,,netcashfromcontinuingoperatingactivities,noncashadjustmentstonetincome,Non-Cash Adjustments To Reconcile Net Income,+,debit,usd,-13763000.0
Zumiez Inc,ZUMZ,549300J0PDF58P6HZD25,0001318008,2019.0,Q2,2019-05-05,2019-08-03,,netcashfromcontinuingoperatingactivities,increasedecreaseinoperatingcapital,"Changes in Operating Assets and Liabilities, net",+,debit,usd,23788000.0
Zumiez Inc,ZUMZ,549300J0PDF58P6HZD25,0001318008,2019.0,Q2,2019-05-05,2019-08-03,,netcashfromoperatingactivities,netcashfromcontinuingoperatingactivities,Net Cash From Continuing Operating Activities,+,debit,usd,25301000.0
Zumiez Inc,ZUMZ,549300J0PDF58P6HZD25,0001318008,2019.0,Q2,2019-05-05,2019-08-03,,netchangeincash,netcashfromoperatingactivities,Net Cash From Operating Activities,+,debit,usd,25301000.0
Zumiez Inc,ZUMZ,549300J0PDF58P6HZD25,0001318008,2019.0,Q2,2019-05-05,2019-08-03,,netcashfromcontinuinginvestingactivities,purchaseofplantpropertyandequipment,"Purchase of Property, Plant & Equipment",+,debit,usd,-4961000.0
Zumiez Inc,ZUMZ,549300J0PDF58P6HZD25,0001318008,2019.0,Q2,2019-05-05,2019-08-03,,netcashfromcontinuinginvestingactivities,purchaseofinvestments,Purchase of Investments,+,debit,usd,-59903000.0
Zumiez Inc,ZUMZ,549300J0PDF58P6HZD25,0001318008,2019.0,Q2,2019-05-05,2019-08-03,,netcashfromcontinuinginvestingactivities,saleofinvestments,Sale and/or Maturity of Investments,+,debit,usd,43122000.0
Zumiez Inc,ZUMZ,549300J0PDF58P6HZD25,0001318008,2019.0,Q2,2019-05-05,2019-08-03,,netcashfrominvestingactivities,netcashfromcontinuinginvestingactivities,Net Cash From Continuing Investing Activities,+,debit,usd,-21742000.0
Zumiez Inc,ZUMZ,549300J0PDF58P6HZD25,0001318008,2019.0,Q2,2019-05-05,2019-08-03,,netchangeincash,netcashfrominvestingactivities,Net Cash From Investing Activities,+,debit,usd,-21742000.0
Zumiez Inc,ZUMZ,549300J0PDF58P6HZD25,0001318008,2019.0,Q2,2019-05-05,2019-08-03,,netchangeincash,effectofexchangeratechanges,Effect of Exchange Rate Changes,+,debit,usd,466000.0
Zumiez Inc,ZUMZ,549300J0PDF58P6HZD25,0001318008,2019.0,Q2,2019-05-05,2019-08-03,,,netchangeincash,Net Change in Cash & Equivalents,=,debit,usd,4025000.0
Zumiez Inc,ZUMZ,549300J0PDF58P6HZD25,0001318008,2019.0,Q2,2019-05-05,2019-08-03,,,cashincometaxespaid,Cash Income Taxes Paid,=,,usd,1018000.0
Zumiez Inc,ZUMZ,549300J0PDF58P6HZD25,0001318008,2019.0,Q3,2019-08-04,2019-11-02,,netincomecontinuing,netincome,Consolidated Net Income / (Loss),+,credit,usd,19179000.0
Zumiez Inc,ZUMZ,549300J0PDF58P6HZD25,0001318008,2019.0,Q3,2019-08-04,2019-11-02,,netcashfromcontinuingoperatingactivities,netincomecontinuing,Net Income / (Loss) Continuing Operations,+,credit,usd,19179000.0
Zumiez Inc,ZUMZ,549300J0PDF58P6HZD25,0001318008,2019.0,Q3,2019-08-04,2019-11-02,,netcashfromcontinuingoperatingactivities,depreciationexpense,Depreciation Expense,+,debit,usd,6262000.0
Zumiez Inc,ZUMZ,549300J0PDF58P6HZD25,0001318008,2019.0,Q3,2019-08-04,2019-11-02,,netcashfromcontinuingoperatingactivities,noncashadjustmentstonetincome,Non-Cash Adjustments To Reconcile Net Income,+,debit,usd,303000.0
Zumiez Inc,ZUMZ,549300J0PDF58P6HZD25,0001318008,2019.0,Q3,2019-08-04,2019-11-02,,netcashfromcontinuingoperatingactivities,increasedecreaseinoperatingcapital,"Changes in Operating Assets and Liabilities, net",+,debit,usd,-31453000.0
Zumiez Inc,ZUMZ,549300J0PDF58P6HZD25,0001318008,2019.0,Q3,2019-08-04,2019-11-02,,netcashfromoperatingactivities,netcashfromcontinuingoperatingactivities,Net Cash From Continuing Operating Activities,+,debit,usd,-5709000.0
Zumiez Inc,ZUMZ,549300J0PDF58P6HZD25,0001318008,2019.0,Q3,2019-08-04,2019-11-02,,netchangeincash,netcashfromoperatingactivities,Net Cash From Operating Activities,+,debit,usd,-5709000.0
Zumiez Inc,ZUMZ,549300J0PDF58P6HZD25,0001318008,2019.0,Q3,2019-08-04,2019-11-02,,netcashfromcontinuinginvestingactivities,purchaseofplantpropertyandequipment,"Purchase of Property, Plant & Equipment",+,debit,usd,-5579000.0
Zumiez Inc,ZUMZ,549300J0PDF58P6HZD25,0001318008,2019.0,Q3,2019-08-04,2019-11-02,,netcashfromcontinuinginvestingactivities,purchaseofinvestments,Purchase of Investments,+,debit,usd,-72624000.0
Zumiez Inc,ZUMZ,549300J0PDF58P6HZD25,0001318008,2019.0,Q3,2019-08-04,2019-11-02,,netcashfromcontinuinginvestingactivities,saleofinvestments,Sale and/or Maturity of Investments,+,debit,usd,50851000.0
Zumiez Inc,ZUMZ,549300J0PDF58P6HZD25,0001318008,2019.0,Q3,2019-08-04,2019-11-02,,netcashfrominvestingactivities,netcashfromcontinuinginvestingactivities,Net Cash From Continuing Investing Activities,+,debit,usd,-27352000.0
Zumiez Inc,ZUMZ,549300J0PDF58P6HZD25,0001318008,2019.0,Q3,2019-08-04,2019-11-02,,netchangeincash,netcashfrominvestingactivities,Net Cash From Investing Activities,+,debit,usd,-27352000.0
Zumiez Inc,ZUMZ,549300J0PDF58P6HZD25,0001318008,2019.0,Q3,2019-08-04,2019-11-02,,netcashfromcontinuingfinancingactivities,issuanceofcommonequity,Issuance of Common Equity,+,debit,usd,1021000.0
Zumiez Inc,ZUMZ,549300J0PDF58P6HZD25,0001318008,2019.0,Q3,2019-08-04,2019-11-02,,netcashfromfinancingactivities,netcashfromcontinuingfinancingactivities,Net Cash From Continuing Financing Activities,+,debit,usd,1021000.0
Zumiez Inc,ZUMZ,549300J0PDF58P6HZD25,0001318008,2019.0,Q3,2019-08-04,2019-11-02,,netchangeincash,netcashfromfinancingactivities,Net Cash From Financing Activities,+,debit,usd,1021000.0
Zumiez Inc,ZUMZ,549300J0PDF58P6HZD25,0001318008,2019.0,Q3,2019-08-04,2019-11-02,,,netchangeincash,Net Change in Cash & Equivalents,=,debit,usd,-32040000.0
Zumiez Inc,ZUMZ,549300J0PDF58P6HZD25,0001318008,2019.0,Q3,2019-08-04,2019-11-02,,,cashincometaxespaid,Cash Income Taxes Paid,=,,usd,5968000.0
Zumiez Inc,ZUMZ,549300J0PDF58P6HZD25,0001318008,2019.0,Q4,2019-11-03,2020-02-01,,netincomecontinuing,netincome,Consolidated Net Income / (Loss),+,credit,usd,37884000.0
Zumiez Inc,ZUMZ,549300J0PDF58P6HZD25,0001318008,2019.0,Q4,2019-11-03,2020-02-01,,netcashfromcontinuingoperatingactivities,netincomecontinuing,Net Income / (Loss) Continuing Operations,+,credit,usd,37884000.0
Zumiez Inc,ZUMZ,549300J0PDF58P6HZD25,0001318008,2019.0,Q4,2019-11-03,2020-02-01,,netcashfromcontinuingoperatingactivities,depreciationexpense,Depreciation Expense,+,debit,usd,6673000.0
Zumiez Inc,ZUMZ,549300J0PDF58P6HZD25,0001318008,2019.0,Q4,2019-11-03,2020-02-01,,netcashfromcontinuingoperatingactivities,noncashadjustmentstonetincome,Non-Cash Adjustments To Reconcile Net Income,+,debit,usd,119000.0
Zumiez Inc,ZUMZ,549300J0PDF58P6HZD25,0001318008,2019.0,Q4,2019-11-03,2020-02-01,,netcashfromcontinuingoperatingactivities,increasedecreaseinoperatingcapital,"Changes in Operating Assets and Liabilities, net",+,debit,usd,31512000.0
Zumiez Inc,ZUMZ,549300J0PDF58P6HZD25,0001318008,2019.0,Q4,2019-11-03,2020-02-01,,netcashfromoperatingactivities,netcashfromcontinuingoperatingactivities,Net Cash From Continuing Operating Activities,+,debit,usd,76188000.0
Zumiez Inc,ZUMZ,549300J0PDF58P6HZD25,0001318008,2019.0,Q4,2019-11-03,2020-02-01,,netchangeincash,netcashfromoperatingactivities,Net Cash From Operating Activities,+,debit,usd,76188000.0
Zumiez Inc,ZUMZ,549300J0PDF58P6HZD25,0001318008,2019.0,Q4,2019-11-03,2020-02-01,,netcashfromcontinuinginvestingactivities,purchaseofplantpropertyandequipment,"Purchase of Property, Plant & Equipment",+,debit,usd,-4947000.0
Zumiez Inc,ZUMZ,549300J0PDF58P6HZD25,0001318008,2019.0,Q4,2019-11-03,2020-02-01,,netcashfromcontinuinginvestingactivities,purchaseofinvestments,Purchase of Investments,+,debit,usd,-70926000.0
Zumiez Inc,ZUMZ,549300J0PDF58P6HZD25,0001318008,2019.0,Q4,2019-11-03,2020-02-01,,netcashfromcontinuinginvestingactivities,saleofinvestments,Sale and/or Maturity of Investments,+,debit,usd,19751000.0
Zumiez Inc,ZUMZ,549300J0PDF58P6HZD25,0001318008,2019.0,Q4,2019-11-03,2020-02-01,,netcashfrominvestingactivities,netcashfromcontinuinginvestingactivities,Net Cash From Continuing Investing Activities,+,debit,usd,-56122000.0
Zumiez Inc,ZUMZ,549300J0PDF58P6HZD25,0001318008,2019.0,Q4,2019-11-03,2020-02-01,,netchangeincash,netcashfrominvestingactivities,Net Cash From Investing Activities,+,debit,usd,-56122000.0
Zumiez Inc,ZUMZ,549300J0PDF58P6HZD25,0001318008,2019.0,Q4,2019-11-03,2020-02-01,,netcashfromcontinuingfinancingactivities,issuanceofcommonequity,Issuance of Common Equity,+,debit,usd,728000.0
Zumiez Inc,ZUMZ,549300J0PDF58P6HZD25,0001318008,2019.0,Q4,2019-11-03,2020-02-01,,netcashfromcontinuingfinancingactivities,otherfinancingactivitiesnet,"Other Financing Activities, net",+,debit,usd,-84000.0
Zumiez Inc,ZUMZ,549300J0PDF58P6HZD25,0001318008,2019.0,Q4,2019-11-03,2020-02-01,,netcashfromfinancingactivities,netcashfromcontinuingfinancingactivities,Net Cash From Continuing Financing Activities,+,debit,usd,644000.0
Zumiez Inc,ZUMZ,549300J0PDF58P6HZD25,0001318008,2019.0,Q4,2019-11-03,2020-02-01,,netchangeincash,netcashfromfinancingactivities,Net Cash From Financing Activities,+,debit,usd,644000.0
Zumiez Inc,ZUMZ,549300J0PDF58P6HZD25,0001318008,2019.0,Q4,2019-11-03,2020-02-01,,,netchangeincash,Net Change in Cash & Equivalents,=,debit,usd,20710000.0
Zumiez Inc,ZUMZ,549300J0PDF58P6HZD25,0001318008,2019.0,Q4,2019-11-03,2020-02-01,,,cashincometaxespaid,Cash Income Taxes Paid,=,,usd,10114000.0
