company_name,company_ticker,company_lei,company_cik,year,quarter,start_date,end_date,filing_date,parent,tag,financial_name,factor,balance,unit,value
CA Inc,CA,Y7ET3D9SDOFUZ515FE28,0000356028,2008.0,FY,2007-04-01,2008-03-31,2010-05-14 16:17:05+00:00,totalrevenue,operatingrevenue,Operating Revenue,+,credit,usd,4145000000.0
CA Inc,CA,Y7ET3D9SDOFUZ515FE28,0000356028,2008.0,FY,2007-04-01,2008-03-31,2010-05-14 16:17:05+00:00,totalrevenue,otherrevenue,Other Revenue,+,credit,usd,132000000.0
CA Inc,CA,Y7ET3D9SDOFUZ515FE28,0000356028,2008.0,FY,2007-04-01,2008-03-31,2010-05-14 16:17:05+00:00,totalgrossprofit,totalrevenue,Total Revenue,+,credit,usd,4277000000.0
CA Inc,CA,Y7ET3D9SDOFUZ515FE28,0000356028,2008.0,FY,2007-04-01,2008-03-31,2010-05-14 16:17:05+00:00,totalcostofrevenue,operatingcostofrevenue,Operating Cost of Revenue,+,debit,usd,640000000.0
CA Inc,CA,Y7ET3D9SDOFUZ515FE28,0000356028,2008.0,FY,2007-04-01,2008-03-31,2010-05-14 16:17:05+00:00,totalgrossprofit,totalcostofrevenue,Total Cost of Revenue,-,debit,usd,640000000.0
CA Inc,CA,Y7ET3D9SDOFUZ515FE28,0000356028,2008.0,FY,2007-04-01,2008-03-31,2010-05-14 16:17:05+00:00,totaloperatingincome,totalgrossprofit,Total Gross Profit,+,credit,usd,3637000000.0
CA Inc,CA,Y7ET3D9SDOFUZ515FE28,0000356028,2008.0,FY,2007-04-01,2008-03-31,2010-05-14 16:17:05+00:00,totaloperatingexpenses,sgaexpense,"Selling, General & Admin Expense",+,debit,usd,530000000.0
CA Inc,CA,Y7ET3D9SDOFUZ515FE28,0000356028,2008.0,FY,2007-04-01,2008-03-31,2010-05-14 16:17:05+00:00,totaloperatingexpenses,marketingexpense,Marketing Expense,+,debit,usd,1327000000.0
CA Inc,CA,Y7ET3D9SDOFUZ515FE28,0000356028,2008.0,FY,2007-04-01,2008-03-31,2010-05-14 16:17:05+00:00,totaloperatingexpenses,rdexpense,Research & Development Expense,+,debit,usd,526000000.0
CA Inc,CA,Y7ET3D9SDOFUZ515FE28,0000356028,2008.0,FY,2007-04-01,2008-03-31,2010-05-14 16:17:05+00:00,totaloperatingexpenses,depreciationexpense,Depreciation Expense,+,debit,usd,156000000.0
CA Inc,CA,Y7ET3D9SDOFUZ515FE28,0000356028,2008.0,FY,2007-04-01,2008-03-31,2010-05-14 16:17:05+00:00,totaloperatingexpenses,amortizationexpense,Amortization Expense,+,debit,usd,117000000.0
CA Inc,CA,Y7ET3D9SDOFUZ515FE28,0000356028,2008.0,FY,2007-04-01,2008-03-31,2010-05-14 16:17:05+00:00,totaloperatingexpenses,otheroperatingexpenses,Other Operating Expenses / (Income),+,debit,usd,6000000.0
CA Inc,CA,Y7ET3D9SDOFUZ515FE28,0000356028,2008.0,FY,2007-04-01,2008-03-31,2010-05-14 16:17:05+00:00,totaloperatingexpenses,restructuringcharge,Restructuring Charge,+,debit,usd,121000000.0
CA Inc,CA,Y7ET3D9SDOFUZ515FE28,0000356028,2008.0,FY,2007-04-01,2008-03-31,2010-05-14 16:17:05+00:00,totaloperatingincome,totaloperatingexpenses,Total Operating Expenses,-,debit,usd,2783000000.0
CA Inc,CA,Y7ET3D9SDOFUZ515FE28,0000356028,2008.0,FY,2007-04-01,2008-03-31,2010-05-14 16:17:05+00:00,totalpretaxincome,totaloperatingincome,Total Operating Income,+,credit,usd,854000000.0
CA Inc,CA,Y7ET3D9SDOFUZ515FE28,0000356028,2008.0,FY,2007-04-01,2008-03-31,2010-05-14 16:17:05+00:00,totalotherincome,totalinterestexpense,Interest Expense,-,debit,usd,79000000.0
CA Inc,CA,Y7ET3D9SDOFUZ515FE28,0000356028,2008.0,FY,2007-04-01,2008-03-31,2010-05-14 16:17:05+00:00,totalpretaxincome,totalotherincome,"Total Other Income / (Expense), net",+,credit,usd,-79000000.0
CA Inc,CA,Y7ET3D9SDOFUZ515FE28,0000356028,2008.0,FY,2007-04-01,2008-03-31,2010-05-14 16:17:05+00:00,netincomecontinuing,totalpretaxincome,Total Pre-Tax Income ,+,credit,usd,775000000.0
CA Inc,CA,Y7ET3D9SDOFUZ515FE28,0000356028,2008.0,FY,2007-04-01,2008-03-31,2010-05-14 16:17:05+00:00,netincomecontinuing,incometaxexpense,Income Tax Expense,-,debit,usd,296000000.0
CA Inc,CA,Y7ET3D9SDOFUZ515FE28,0000356028,2008.0,FY,2007-04-01,2008-03-31,2010-05-14 16:17:05+00:00,netincome,netincomecontinuing,Net Income / (Loss) Continuing Operations,+,credit,usd,479000000.0
CA Inc,CA,Y7ET3D9SDOFUZ515FE28,0000356028,2008.0,FY,2007-04-01,2008-03-31,2010-05-14 16:17:05+00:00,netincometocommon,netincome,Consolidated Net Income / (Loss),+,credit,usd,479000000.0
CA Inc,CA,Y7ET3D9SDOFUZ515FE28,0000356028,2008.0,FY,2007-04-01,2008-03-31,2010-05-14 16:17:05+00:00,,netincometocommon,Net Income / (Loss) Attributable to Common Shareholders,=,credit,usd,479000000.0
CA Inc,CA,Y7ET3D9SDOFUZ515FE28,0000356028,2008.0,FY,2007-04-01,2008-03-31,2010-05-14 16:17:05+00:00,basiceps,weightedavebasicsharesos,Weighted Average Basic Shares Outstanding,/,,shares,514000000.0
CA Inc,CA,Y7ET3D9SDOFUZ515FE28,0000356028,2008.0,FY,2007-04-01,2008-03-31,2010-05-14 16:17:05+00:00,,basiceps,Basic Earnings per Share,=,,usdpershare,0.92
CA Inc,CA,Y7ET3D9SDOFUZ515FE28,0000356028,2008.0,FY,2007-04-01,2008-03-31,2010-05-14 16:17:05+00:00,dilutedeps,weightedavedilutedsharesos,Weighted Average Diluted Shares Outstanding,/,,shares,515000000.0
CA Inc,CA,Y7ET3D9SDOFUZ515FE28,0000356028,2008.0,FY,2007-04-01,2008-03-31,2010-05-14 16:17:05+00:00,,dilutedeps,Diluted Earnings per Share,=,,usdpershare,0.92
CA Inc,CA,Y7ET3D9SDOFUZ515FE28,0000356028,2008.0,FY,2007-04-01,2008-03-31,2010-05-14 16:17:05+00:00,basicdilutedeps,weightedavebasicdilutedsharesos,Weighted Average Basic & Diluted Shares Outstanding,/,,shares,520700000.0
CA Inc,CA,Y7ET3D9SDOFUZ515FE28,0000356028,2008.0,FY,2007-04-01,2008-03-31,2010-05-14 16:17:05+00:00,,basicdilutedeps,Basic & Diluted Earnings per Share,=,,usdpershare,0.92
CA Inc,CA,Y7ET3D9SDOFUZ515FE28,0000356028,2008.0,FY,2007-04-01,2008-03-31,2010-05-14 16:17:05+00:00,,cashdividendspershare,Cash Dividends to Common per Share,=,,usdpershare,0.16
CA Inc,CA,Y7ET3D9SDOFUZ515FE28,0000356028,2009.0,FY,2008-04-01,2009-03-31,2010-05-14 16:17:05+00:00,totalrevenue,operatingrevenue,Operating Revenue,+,credit,usd,4130000000.0
CA Inc,CA,Y7ET3D9SDOFUZ515FE28,0000356028,2009.0,FY,2008-04-01,2009-03-31,2010-05-14 16:17:05+00:00,totalrevenue,otherrevenue,Other Revenue,+,credit,usd,141000000.0
CA Inc,CA,Y7ET3D9SDOFUZ515FE28,0000356028,2009.0,FY,2008-04-01,2009-03-31,2010-05-14 16:17:05+00:00,totalgrossprofit,totalrevenue,Total Revenue,+,credit,usd,4271000000.0
CA Inc,CA,Y7ET3D9SDOFUZ515FE28,0000356028,2009.0,FY,2008-04-01,2009-03-31,2010-05-14 16:17:05+00:00,totalcostofrevenue,operatingcostofrevenue,Operating Cost of Revenue,+,debit,usd,605000000.0
CA Inc,CA,Y7ET3D9SDOFUZ515FE28,0000356028,2009.0,FY,2008-04-01,2009-03-31,2010-05-14 16:17:05+00:00,totalgrossprofit,totalcostofrevenue,Total Cost of Revenue,-,debit,usd,605000000.0
CA Inc,CA,Y7ET3D9SDOFUZ515FE28,0000356028,2009.0,FY,2008-04-01,2009-03-31,2010-05-14 16:17:05+00:00,totaloperatingincome,totalgrossprofit,Total Gross Profit,+,credit,usd,3666000000.0
CA Inc,CA,Y7ET3D9SDOFUZ515FE28,0000356028,2009.0,FY,2008-04-01,2009-03-31,2010-05-14 16:17:05+00:00,totaloperatingexpenses,sgaexpense,"Selling, General & Admin Expense",+,debit,usd,464000000.0
CA Inc,CA,Y7ET3D9SDOFUZ515FE28,0000356028,2009.0,FY,2008-04-01,2009-03-31,2010-05-14 16:17:05+00:00,totaloperatingexpenses,marketingexpense,Marketing Expense,+,debit,usd,1214000000.0
CA Inc,CA,Y7ET3D9SDOFUZ515FE28,0000356028,2009.0,FY,2008-04-01,2009-03-31,2010-05-14 16:17:05+00:00,totaloperatingexpenses,rdexpense,Research & Development Expense,+,debit,usd,486000000.0
CA Inc,CA,Y7ET3D9SDOFUZ515FE28,0000356028,2009.0,FY,2008-04-01,2009-03-31,2010-05-14 16:17:05+00:00,totaloperatingexpenses,depreciationexpense,Depreciation Expense,+,debit,usd,149000000.0
CA Inc,CA,Y7ET3D9SDOFUZ515FE28,0000356028,2009.0,FY,2008-04-01,2009-03-31,2010-05-14 16:17:05+00:00,totaloperatingexpenses,amortizationexpense,Amortization Expense,+,debit,usd,125000000.0
CA Inc,CA,Y7ET3D9SDOFUZ515FE28,0000356028,2009.0,FY,2008-04-01,2009-03-31,2010-05-14 16:17:05+00:00,totaloperatingexpenses,otheroperatingexpenses,Other Operating Expenses / (Income),+,debit,usd,-1000000.0
CA Inc,CA,Y7ET3D9SDOFUZ515FE28,0000356028,2009.0,FY,2008-04-01,2009-03-31,2010-05-14 16:17:05+00:00,totaloperatingexpenses,restructuringcharge,Restructuring Charge,+,debit,usd,102000000.0
CA Inc,CA,Y7ET3D9SDOFUZ515FE28,0000356028,2009.0,FY,2008-04-01,2009-03-31,2010-05-14 16:17:05+00:00,totaloperatingincome,totaloperatingexpenses,Total Operating Expenses,-,debit,usd,2539000000.0
CA Inc,CA,Y7ET3D9SDOFUZ515FE28,0000356028,2009.0,FY,2008-04-01,2009-03-31,2010-05-14 16:17:05+00:00,totalpretaxincome,totaloperatingincome,Total Operating Income,+,credit,usd,1127000000.0
CA Inc,CA,Y7ET3D9SDOFUZ515FE28,0000356028,2009.0,FY,2008-04-01,2009-03-31,2010-05-14 16:17:05+00:00,totalotherincome,totalinterestexpense,Interest Expense,-,debit,usd,62000000.0
CA Inc,CA,Y7ET3D9SDOFUZ515FE28,0000356028,2009.0,FY,2008-04-01,2009-03-31,2010-05-14 16:17:05+00:00,totalpretaxincome,totalotherincome,"Total Other Income / (Expense), net",+,credit,usd,-62000000.0
CA Inc,CA,Y7ET3D9SDOFUZ515FE28,0000356028,2009.0,FY,2008-04-01,2009-03-31,2010-05-14 16:17:05+00:00,netincomecontinuing,totalpretaxincome,Total Pre-Tax Income ,+,credit,usd,1065000000.0
CA Inc,CA,Y7ET3D9SDOFUZ515FE28,0000356028,2009.0,FY,2008-04-01,2009-03-31,2010-05-14 16:17:05+00:00,netincomecontinuing,incometaxexpense,Income Tax Expense,-,debit,usd,394000000.0
CA Inc,CA,Y7ET3D9SDOFUZ515FE28,0000356028,2009.0,FY,2008-04-01,2009-03-31,2010-05-14 16:17:05+00:00,netincome,netincomecontinuing,Net Income / (Loss) Continuing Operations,+,credit,usd,671000000.0
CA Inc,CA,Y7ET3D9SDOFUZ515FE28,0000356028,2009.0,FY,2008-04-01,2009-03-31,2010-05-14 16:17:05+00:00,netincometocommon,netincome,Consolidated Net Income / (Loss),+,credit,usd,671000000.0
CA Inc,CA,Y7ET3D9SDOFUZ515FE28,0000356028,2009.0,FY,2008-04-01,2009-03-31,2010-05-14 16:17:05+00:00,,netincometocommon,Net Income / (Loss) Attributable to Common Shareholders,=,credit,usd,671000000.0
CA Inc,CA,Y7ET3D9SDOFUZ515FE28,0000356028,2009.0,FY,2008-04-01,2009-03-31,2010-05-14 16:17:05+00:00,basiceps,weightedavebasicsharesos,Weighted Average Basic Shares Outstanding,/,,shares,513000000.0
CA Inc,CA,Y7ET3D9SDOFUZ515FE28,0000356028,2009.0,FY,2008-04-01,2009-03-31,2010-05-14 16:17:05+00:00,,basiceps,Basic Earnings per Share,=,,usdpershare,1.29
CA Inc,CA,Y7ET3D9SDOFUZ515FE28,0000356028,2009.0,FY,2008-04-01,2009-03-31,2010-05-14 16:17:05+00:00,dilutedeps,weightedavedilutedsharesos,Weighted Average Diluted Shares Outstanding,/,,shares,537000000.0
CA Inc,CA,Y7ET3D9SDOFUZ515FE28,0000356028,2009.0,FY,2008-04-01,2009-03-31,2010-05-14 16:17:05+00:00,,dilutedeps,Diluted Earnings per Share,=,,usdpershare,1.29
CA Inc,CA,Y7ET3D9SDOFUZ515FE28,0000356028,2009.0,FY,2008-04-01,2009-03-31,2010-05-14 16:17:05+00:00,basicdilutedeps,weightedavebasicdilutedsharesos,Weighted Average Basic & Diluted Shares Outstanding,/,,shares,520200000.0
CA Inc,CA,Y7ET3D9SDOFUZ515FE28,0000356028,2009.0,FY,2008-04-01,2009-03-31,2010-05-14 16:17:05+00:00,,basicdilutedeps,Basic & Diluted Earnings per Share,=,,usdpershare,1.29
CA Inc,CA,Y7ET3D9SDOFUZ515FE28,0000356028,2009.0,FY,2008-04-01,2009-03-31,2010-05-14 16:17:05+00:00,,cashdividendspershare,Cash Dividends to Common per Share,=,,usdpershare,0.16
CA Inc,CA,Y7ET3D9SDOFUZ515FE28,0000356028,2009.0,Q4,2009-01-01,2009-03-31,,totalrevenue,operatingrevenue,Operating Revenue,+,credit,usd,997000000.0
CA Inc,CA,Y7ET3D9SDOFUZ515FE28,0000356028,2009.0,Q4,2009-01-01,2009-03-31,,totalrevenue,otherrevenue,Other Revenue,+,credit,usd,38000000.0
CA Inc,CA,Y7ET3D9SDOFUZ515FE28,0000356028,2009.0,Q4,2009-01-01,2009-03-31,,totalgrossprofit,totalrevenue,Total Revenue,+,credit,usd,1035000000.0
CA Inc,CA,Y7ET3D9SDOFUZ515FE28,0000356028,2009.0,Q4,2009-01-01,2009-03-31,,totalcostofrevenue,operatingcostofrevenue,Operating Cost of Revenue,+,debit,usd,141000000.0
CA Inc,CA,Y7ET3D9SDOFUZ515FE28,0000356028,2009.0,Q4,2009-01-01,2009-03-31,,totalgrossprofit,totalcostofrevenue,Total Cost of Revenue,-,debit,usd,141000000.0
CA Inc,CA,Y7ET3D9SDOFUZ515FE28,0000356028,2009.0,Q4,2009-01-01,2009-03-31,,totaloperatingincome,totalgrossprofit,Total Gross Profit,+,credit,usd,894000000.0
CA Inc,CA,Y7ET3D9SDOFUZ515FE28,0000356028,2009.0,Q4,2009-01-01,2009-03-31,,totaloperatingexpenses,sgaexpense,"Selling, General & Admin Expense",+,debit,usd,122000000.0
CA Inc,CA,Y7ET3D9SDOFUZ515FE28,0000356028,2009.0,Q4,2009-01-01,2009-03-31,,totaloperatingexpenses,marketingexpense,Marketing Expense,+,debit,usd,299000000.0
CA Inc,CA,Y7ET3D9SDOFUZ515FE28,0000356028,2009.0,Q4,2009-01-01,2009-03-31,,totaloperatingexpenses,rdexpense,Research & Development Expense,+,debit,usd,128000000.0
CA Inc,CA,Y7ET3D9SDOFUZ515FE28,0000356028,2009.0,Q4,2009-01-01,2009-03-31,,totaloperatingexpenses,depreciationexpense,Depreciation Expense,+,debit,usd,40000000.0
CA Inc,CA,Y7ET3D9SDOFUZ515FE28,0000356028,2009.0,Q4,2009-01-01,2009-03-31,,totaloperatingexpenses,amortizationexpense,Amortization Expense,+,debit,usd,34000000.0
CA Inc,CA,Y7ET3D9SDOFUZ515FE28,0000356028,2009.0,Q4,2009-01-01,2009-03-31,,totaloperatingexpenses,otheroperatingexpenses,Other Operating Expenses / (Income),+,debit,usd,-5000000.0
CA Inc,CA,Y7ET3D9SDOFUZ515FE28,0000356028,2009.0,Q4,2009-01-01,2009-03-31,,totaloperatingexpenses,restructuringcharge,Restructuring Charge,+,debit,usd,96000000.0
CA Inc,CA,Y7ET3D9SDOFUZ515FE28,0000356028,2009.0,Q4,2009-01-01,2009-03-31,,totaloperatingincome,totaloperatingexpenses,Total Operating Expenses,-,debit,usd,714000000.0
CA Inc,CA,Y7ET3D9SDOFUZ515FE28,0000356028,2009.0,Q4,2009-01-01,2009-03-31,,totalpretaxincome,totaloperatingincome,Total Operating Income,+,credit,usd,180000000.0
CA Inc,CA,Y7ET3D9SDOFUZ515FE28,0000356028,2009.0,Q4,2009-01-01,2009-03-31,,totalotherincome,totalinterestexpense,Interest Expense,-,debit,usd,22000000.0
CA Inc,CA,Y7ET3D9SDOFUZ515FE28,0000356028,2009.0,Q4,2009-01-01,2009-03-31,,totalpretaxincome,totalotherincome,"Total Other Income / (Expense), net",+,credit,usd,-22000000.0
CA Inc,CA,Y7ET3D9SDOFUZ515FE28,0000356028,2009.0,Q4,2009-01-01,2009-03-31,,netincomecontinuing,totalpretaxincome,Total Pre-Tax Income ,+,credit,usd,158000000.0
CA Inc,CA,Y7ET3D9SDOFUZ515FE28,0000356028,2009.0,Q4,2009-01-01,2009-03-31,,netincomecontinuing,incometaxexpense,Income Tax Expense,-,debit,usd,93000000.0
CA Inc,CA,Y7ET3D9SDOFUZ515FE28,0000356028,2009.0,Q4,2009-01-01,2009-03-31,,netincome,netincomecontinuing,Net Income / (Loss) Continuing Operations,+,credit,usd,65000000.0
CA Inc,CA,Y7ET3D9SDOFUZ515FE28,0000356028,2009.0,Q4,2009-01-01,2009-03-31,,netincometocommon,netincome,Consolidated Net Income / (Loss),+,credit,usd,65000000.0
CA Inc,CA,Y7ET3D9SDOFUZ515FE28,0000356028,2009.0,Q4,2009-01-01,2009-03-31,,,netincometocommon,Net Income / (Loss) Attributable to Common Shareholders,=,credit,usd,65000000.0
CA Inc,CA,Y7ET3D9SDOFUZ515FE28,0000356028,2009.0,Q4,2009-01-01,2009-03-31,,basiceps,weightedavebasicsharesos,Weighted Average Basic Shares Outstanding,/,,shares,513000000.0
CA Inc,CA,Y7ET3D9SDOFUZ515FE28,0000356028,2009.0,Q4,2009-01-01,2009-03-31,,,basiceps,Basic Earnings per Share,=,,usdpershare,0.12
CA Inc,CA,Y7ET3D9SDOFUZ515FE28,0000356028,2009.0,Q4,2009-01-01,2009-03-31,,dilutedeps,weightedavedilutedsharesos,Weighted Average Diluted Shares Outstanding,/,,shares,537000000.0
CA Inc,CA,Y7ET3D9SDOFUZ515FE28,0000356028,2009.0,Q4,2009-01-01,2009-03-31,,,dilutedeps,Diluted Earnings per Share,=,,usdpershare,0.14
CA Inc,CA,Y7ET3D9SDOFUZ515FE28,0000356028,2009.0,Q4,2009-01-01,2009-03-31,,basicdilutedeps,weightedavebasicdilutedsharesos,Weighted Average Basic & Diluted Shares Outstanding,/,,shares,520200000.0
CA Inc,CA,Y7ET3D9SDOFUZ515FE28,0000356028,2009.0,Q4,2009-01-01,2009-03-31,,,basicdilutedeps,Basic & Diluted Earnings per Share,=,,usdpershare,0.89
CA Inc,CA,Y7ET3D9SDOFUZ515FE28,0000356028,2009.0,Q4,2009-01-01,2009-03-31,,,cashdividendspershare,Cash Dividends to Common per Share,=,,usdpershare,0.16
CA Inc,CA,Y7ET3D9SDOFUZ515FE28,0000356028,2009.0,Q3YTD,2008-04-01,2008-12-31,,totalrevenue,operatingrevenue,Operating Revenue,+,credit,usd,3133000000.0
CA Inc,CA,Y7ET3D9SDOFUZ515FE28,0000356028,2009.0,Q3YTD,2008-04-01,2008-12-31,,totalrevenue,otherrevenue,Other Revenue,+,credit,usd,103000000.0
CA Inc,CA,Y7ET3D9SDOFUZ515FE28,0000356028,2009.0,Q3YTD,2008-04-01,2008-12-31,,totalgrossprofit,totalrevenue,Total Revenue,+,credit,usd,3236000000.0
CA Inc,CA,Y7ET3D9SDOFUZ515FE28,0000356028,2009.0,Q3YTD,2008-04-01,2008-12-31,,totalcostofrevenue,operatingcostofrevenue,Operating Cost of Revenue,+,debit,usd,464000000.0
CA Inc,CA,Y7ET3D9SDOFUZ515FE28,0000356028,2009.0,Q3YTD,2008-04-01,2008-12-31,,totalgrossprofit,totalcostofrevenue,Total Cost of Revenue,-,debit,usd,464000000.0
CA Inc,CA,Y7ET3D9SDOFUZ515FE28,0000356028,2009.0,Q3YTD,2008-04-01,2008-12-31,,totaloperatingincome,totalgrossprofit,Total Gross Profit,+,credit,usd,2772000000.0
CA Inc,CA,Y7ET3D9SDOFUZ515FE28,0000356028,2009.0,Q3YTD,2008-04-01,2008-12-31,,totaloperatingexpenses,sgaexpense,"Selling, General & Admin Expense",+,debit,usd,342000000.0
CA Inc,CA,Y7ET3D9SDOFUZ515FE28,0000356028,2009.0,Q3YTD,2008-04-01,2008-12-31,,totaloperatingexpenses,marketingexpense,Marketing Expense,+,debit,usd,915000000.0
CA Inc,CA,Y7ET3D9SDOFUZ515FE28,0000356028,2009.0,Q3YTD,2008-04-01,2008-12-31,,totaloperatingexpenses,rdexpense,Research & Development Expense,+,debit,usd,358000000.0
CA Inc,CA,Y7ET3D9SDOFUZ515FE28,0000356028,2009.0,Q3YTD,2008-04-01,2008-12-31,,totaloperatingexpenses,depreciationexpense,Depreciation Expense,+,debit,usd,109000000.0
CA Inc,CA,Y7ET3D9SDOFUZ515FE28,0000356028,2009.0,Q3YTD,2008-04-01,2008-12-31,,totaloperatingexpenses,amortizationexpense,Amortization Expense,+,debit,usd,91000000.0
CA Inc,CA,Y7ET3D9SDOFUZ515FE28,0000356028,2009.0,Q3YTD,2008-04-01,2008-12-31,,totaloperatingexpenses,otheroperatingexpenses,Other Operating Expenses / (Income),+,debit,usd,4000000.0
CA Inc,CA,Y7ET3D9SDOFUZ515FE28,0000356028,2009.0,Q3YTD,2008-04-01,2008-12-31,,totaloperatingexpenses,restructuringcharge,Restructuring Charge,+,debit,usd,6000000.0
CA Inc,CA,Y7ET3D9SDOFUZ515FE28,0000356028,2009.0,Q3YTD,2008-04-01,2008-12-31,,totaloperatingincome,totaloperatingexpenses,Total Operating Expenses,-,debit,usd,1825000000.0
CA Inc,CA,Y7ET3D9SDOFUZ515FE28,0000356028,2009.0,Q3YTD,2008-04-01,2008-12-31,,totalpretaxincome,totaloperatingincome,Total Operating Income,+,credit,usd,947000000.0
CA Inc,CA,Y7ET3D9SDOFUZ515FE28,0000356028,2009.0,Q3YTD,2008-04-01,2008-12-31,,totalotherincome,totalinterestexpense,Interest Expense,-,debit,usd,40000000.0
CA Inc,CA,Y7ET3D9SDOFUZ515FE28,0000356028,2009.0,Q3YTD,2008-04-01,2008-12-31,,totalpretaxincome,totalotherincome,"Total Other Income / (Expense), net",+,credit,usd,-40000000.0
CA Inc,CA,Y7ET3D9SDOFUZ515FE28,0000356028,2009.0,Q3YTD,2008-04-01,2008-12-31,,netincomecontinuing,totalpretaxincome,Total Pre-Tax Income ,+,credit,usd,907000000.0
CA Inc,CA,Y7ET3D9SDOFUZ515FE28,0000356028,2009.0,Q3YTD,2008-04-01,2008-12-31,,netincomecontinuing,incometaxexpense,Income Tax Expense,-,debit,usd,301000000.0
CA Inc,CA,Y7ET3D9SDOFUZ515FE28,0000356028,2009.0,Q3YTD,2008-04-01,2008-12-31,,netincome,netincomecontinuing,Net Income / (Loss) Continuing Operations,+,credit,usd,606000000.0
CA Inc,CA,Y7ET3D9SDOFUZ515FE28,0000356028,2009.0,Q3YTD,2008-04-01,2008-12-31,,netincometocommon,netincome,Consolidated Net Income / (Loss),+,credit,usd,606000000.0
CA Inc,CA,Y7ET3D9SDOFUZ515FE28,0000356028,2009.0,Q3YTD,2008-04-01,2008-12-31,,,netincometocommon,Net Income / (Loss) Attributable to Common Shareholders,=,credit,usd,606000000.0
CA Inc,CA,Y7ET3D9SDOFUZ515FE28,0000356028,2009.0,Q3YTD,2008-04-01,2008-12-31,,basiceps,weightedavebasicsharesos,Weighted Average Basic Shares Outstanding,/,,shares,514000000.0
CA Inc,CA,Y7ET3D9SDOFUZ515FE28,0000356028,2009.0,Q3YTD,2008-04-01,2008-12-31,,,basiceps,Basic Earnings per Share,=,,usdpershare,1.17
CA Inc,CA,Y7ET3D9SDOFUZ515FE28,0000356028,2009.0,Q3YTD,2008-04-01,2008-12-31,,dilutedeps,weightedavedilutedsharesos,Weighted Average Diluted Shares Outstanding,/,,shares,538000000.0
CA Inc,CA,Y7ET3D9SDOFUZ515FE28,0000356028,2009.0,Q3YTD,2008-04-01,2008-12-31,,,dilutedeps,Diluted Earnings per Share,=,,usdpershare,1.15
CA Inc,CA,Y7ET3D9SDOFUZ515FE28,0000356028,2009.0,Q3YTD,2008-04-01,2008-12-31,,basicdilutedeps,weightedavebasicdilutedsharesos,Weighted Average Basic & Diluted Shares Outstanding,/,,shares,520000000.0
CA Inc,CA,Y7ET3D9SDOFUZ515FE28,0000356028,2009.0,Q3YTD,2008-04-01,2008-12-31,,,basicdilutedeps,Basic & Diluted Earnings per Share,=,,usdpershare,0.4
CA Inc,CA,Y7ET3D9SDOFUZ515FE28,0000356028,2009.0,Q3,2008-10-01,2008-12-31,2010-01-29 16:16:43+00:00,totalrevenue,operatingrevenue,Operating Revenue,+,credit,usd,1006000000.0
CA Inc,CA,Y7ET3D9SDOFUZ515FE28,0000356028,2009.0,Q3,2008-10-01,2008-12-31,2010-01-29 16:16:43+00:00,totalrevenue,otherrevenue,Other Revenue,+,credit,usd,36000000.0
CA Inc,CA,Y7ET3D9SDOFUZ515FE28,0000356028,2009.0,Q3,2008-10-01,2008-12-31,2010-01-29 16:16:43+00:00,totalgrossprofit,totalrevenue,Total Revenue,+,credit,usd,1042000000.0
CA Inc,CA,Y7ET3D9SDOFUZ515FE28,0000356028,2009.0,Q3,2008-10-01,2008-12-31,2010-01-29 16:16:43+00:00,totalcostofrevenue,operatingcostofrevenue,Operating Cost of Revenue,+,debit,usd,146000000.0
CA Inc,CA,Y7ET3D9SDOFUZ515FE28,0000356028,2009.0,Q3,2008-10-01,2008-12-31,2010-01-29 16:16:43+00:00,totalgrossprofit,totalcostofrevenue,Total Cost of Revenue,-,debit,usd,146000000.0
CA Inc,CA,Y7ET3D9SDOFUZ515FE28,0000356028,2009.0,Q3,2008-10-01,2008-12-31,2010-01-29 16:16:43+00:00,totaloperatingincome,totalgrossprofit,Total Gross Profit,+,credit,usd,896000000.0
CA Inc,CA,Y7ET3D9SDOFUZ515FE28,0000356028,2009.0,Q3,2008-10-01,2008-12-31,2010-01-29 16:16:43+00:00,totaloperatingexpenses,sgaexpense,"Selling, General & Admin Expense",+,debit,usd,110000000.0
CA Inc,CA,Y7ET3D9SDOFUZ515FE28,0000356028,2009.0,Q3,2008-10-01,2008-12-31,2010-01-29 16:16:43+00:00,totaloperatingexpenses,marketingexpense,Marketing Expense,+,debit,usd,307000000.0
CA Inc,CA,Y7ET3D9SDOFUZ515FE28,0000356028,2009.0,Q3,2008-10-01,2008-12-31,2010-01-29 16:16:43+00:00,totaloperatingexpenses,rdexpense,Research & Development Expense,+,debit,usd,115000000.0
CA Inc,CA,Y7ET3D9SDOFUZ515FE28,0000356028,2009.0,Q3,2008-10-01,2008-12-31,2010-01-29 16:16:43+00:00,totaloperatingexpenses,depreciationexpense,Depreciation Expense,+,debit,usd,36000000.0
CA Inc,CA,Y7ET3D9SDOFUZ515FE28,0000356028,2009.0,Q3,2008-10-01,2008-12-31,2010-01-29 16:16:43+00:00,totaloperatingexpenses,amortizationexpense,Amortization Expense,+,debit,usd,31000000.0
CA Inc,CA,Y7ET3D9SDOFUZ515FE28,0000356028,2009.0,Q3,2008-10-01,2008-12-31,2010-01-29 16:16:43+00:00,totaloperatingexpenses,otheroperatingexpenses,Other Operating Expenses / (Income),+,debit,usd,-14000000.0
CA Inc,CA,Y7ET3D9SDOFUZ515FE28,0000356028,2009.0,Q3,2008-10-01,2008-12-31,2010-01-29 16:16:43+00:00,totaloperatingexpenses,restructuringcharge,Restructuring Charge,+,debit,usd,2000000.0
CA Inc,CA,Y7ET3D9SDOFUZ515FE28,0000356028,2009.0,Q3,2008-10-01,2008-12-31,2010-01-29 16:16:43+00:00,totaloperatingincome,totaloperatingexpenses,Total Operating Expenses,-,debit,usd,587000000.0
CA Inc,CA,Y7ET3D9SDOFUZ515FE28,0000356028,2009.0,Q3,2008-10-01,2008-12-31,2010-01-29 16:16:43+00:00,totalpretaxincome,totaloperatingincome,Total Operating Income,+,credit,usd,309000000.0
CA Inc,CA,Y7ET3D9SDOFUZ515FE28,0000356028,2009.0,Q3,2008-10-01,2008-12-31,2010-01-29 16:16:43+00:00,totalotherincome,totalinterestexpense,Interest Expense,-,debit,usd,16000000.0
CA Inc,CA,Y7ET3D9SDOFUZ515FE28,0000356028,2009.0,Q3,2008-10-01,2008-12-31,2010-01-29 16:16:43+00:00,totalpretaxincome,totalotherincome,"Total Other Income / (Expense), net",+,credit,usd,-16000000.0
CA Inc,CA,Y7ET3D9SDOFUZ515FE28,0000356028,2009.0,Q3,2008-10-01,2008-12-31,2010-01-29 16:16:43+00:00,netincomecontinuing,totalpretaxincome,Total Pre-Tax Income ,+,credit,usd,293000000.0
CA Inc,CA,Y7ET3D9SDOFUZ515FE28,0000356028,2009.0,Q3,2008-10-01,2008-12-31,2010-01-29 16:16:43+00:00,netincomecontinuing,incometaxexpense,Income Tax Expense,-,debit,usd,85000000.0
CA Inc,CA,Y7ET3D9SDOFUZ515FE28,0000356028,2009.0,Q3,2008-10-01,2008-12-31,2010-01-29 16:16:43+00:00,netincome,netincomecontinuing,Net Income / (Loss) Continuing Operations,+,credit,usd,208000000.0
CA Inc,CA,Y7ET3D9SDOFUZ515FE28,0000356028,2009.0,Q3,2008-10-01,2008-12-31,2010-01-29 16:16:43+00:00,netincometocommon,netincome,Consolidated Net Income / (Loss),+,credit,usd,208000000.0
CA Inc,CA,Y7ET3D9SDOFUZ515FE28,0000356028,2009.0,Q3,2008-10-01,2008-12-31,2010-01-29 16:16:43+00:00,,netincometocommon,Net Income / (Loss) Attributable to Common Shareholders,=,credit,usd,208000000.0
CA Inc,CA,Y7ET3D9SDOFUZ515FE28,0000356028,2009.0,Q3,2008-10-01,2008-12-31,2010-01-29 16:16:43+00:00,basiceps,weightedavebasicsharesos,Weighted Average Basic Shares Outstanding,/,,shares,514000000.0
CA Inc,CA,Y7ET3D9SDOFUZ515FE28,0000356028,2009.0,Q3,2008-10-01,2008-12-31,2010-01-29 16:16:43+00:00,,basiceps,Basic Earnings per Share,=,,usdpershare,0.4
CA Inc,CA,Y7ET3D9SDOFUZ515FE28,0000356028,2009.0,Q3,2008-10-01,2008-12-31,2010-01-29 16:16:43+00:00,dilutedeps,weightedavedilutedsharesos,Weighted Average Diluted Shares Outstanding,/,,shares,538000000.0
CA Inc,CA,Y7ET3D9SDOFUZ515FE28,0000356028,2009.0,Q3,2008-10-01,2008-12-31,2010-01-29 16:16:43+00:00,,dilutedeps,Diluted Earnings per Share,=,,usdpershare,0.39
CA Inc,CA,Y7ET3D9SDOFUZ515FE28,0000356028,2009.0,Q3,2008-10-01,2008-12-31,2010-01-29 16:16:43+00:00,basicdilutedeps,weightedavebasicdilutedsharesos,Weighted Average Basic & Diluted Shares Outstanding,/,,shares,520000000.0
CA Inc,CA,Y7ET3D9SDOFUZ515FE28,0000356028,2009.0,Q3,2008-10-01,2008-12-31,2010-01-29 16:16:43+00:00,,basicdilutedeps,Basic & Diluted Earnings per Share,=,,usdpershare,0.4
CA Inc,CA,Y7ET3D9SDOFUZ515FE28,0000356028,2009.0,Q2YTD,2008-04-01,2008-09-30,,totalrevenue,operatingrevenue,Operating Revenue,+,credit,usd,2127000000.0
CA Inc,CA,Y7ET3D9SDOFUZ515FE28,0000356028,2009.0,Q2YTD,2008-04-01,2008-09-30,,totalrevenue,otherrevenue,Other Revenue,+,credit,usd,67000000.0
CA Inc,CA,Y7ET3D9SDOFUZ515FE28,0000356028,2009.0,Q2YTD,2008-04-01,2008-09-30,,totalgrossprofit,totalrevenue,Total Revenue,+,credit,usd,2194000000.0
CA Inc,CA,Y7ET3D9SDOFUZ515FE28,0000356028,2009.0,Q2YTD,2008-04-01,2008-09-30,,totalcostofrevenue,operatingcostofrevenue,Operating Cost of Revenue,+,debit,usd,318000000.0
CA Inc,CA,Y7ET3D9SDOFUZ515FE28,0000356028,2009.0,Q2YTD,2008-04-01,2008-09-30,,totalgrossprofit,totalcostofrevenue,Total Cost of Revenue,-,debit,usd,318000000.0
CA Inc,CA,Y7ET3D9SDOFUZ515FE28,0000356028,2009.0,Q2YTD,2008-04-01,2008-09-30,,totaloperatingincome,totalgrossprofit,Total Gross Profit,+,credit,usd,1876000000.0
CA Inc,CA,Y7ET3D9SDOFUZ515FE28,0000356028,2009.0,Q2YTD,2008-04-01,2008-09-30,,totaloperatingexpenses,sgaexpense,"Selling, General & Admin Expense",+,debit,usd,232000000.0
CA Inc,CA,Y7ET3D9SDOFUZ515FE28,0000356028,2009.0,Q2YTD,2008-04-01,2008-09-30,,totaloperatingexpenses,marketingexpense,Marketing Expense,+,debit,usd,608000000.0
CA Inc,CA,Y7ET3D9SDOFUZ515FE28,0000356028,2009.0,Q2YTD,2008-04-01,2008-09-30,,totaloperatingexpenses,rdexpense,Research & Development Expense,+,debit,usd,243000000.0
CA Inc,CA,Y7ET3D9SDOFUZ515FE28,0000356028,2009.0,Q2YTD,2008-04-01,2008-09-30,,totaloperatingexpenses,depreciationexpense,Depreciation Expense,+,debit,usd,73000000.0
CA Inc,CA,Y7ET3D9SDOFUZ515FE28,0000356028,2009.0,Q2YTD,2008-04-01,2008-09-30,,totaloperatingexpenses,amortizationexpense,Amortization Expense,+,debit,usd,60000000.0
CA Inc,CA,Y7ET3D9SDOFUZ515FE28,0000356028,2009.0,Q2YTD,2008-04-01,2008-09-30,,totaloperatingexpenses,otheroperatingexpenses,Other Operating Expenses / (Income),+,debit,usd,18000000.0
CA Inc,CA,Y7ET3D9SDOFUZ515FE28,0000356028,2009.0,Q2YTD,2008-04-01,2008-09-30,,totaloperatingexpenses,restructuringcharge,Restructuring Charge,+,debit,usd,4000000.0
CA Inc,CA,Y7ET3D9SDOFUZ515FE28,0000356028,2009.0,Q2YTD,2008-04-01,2008-09-30,,totaloperatingincome,totaloperatingexpenses,Total Operating Expenses,-,debit,usd,1238000000.0
CA Inc,CA,Y7ET3D9SDOFUZ515FE28,0000356028,2009.0,Q2YTD,2008-04-01,2008-09-30,,totalpretaxincome,totaloperatingincome,Total Operating Income,+,credit,usd,638000000.0
CA Inc,CA,Y7ET3D9SDOFUZ515FE28,0000356028,2009.0,Q2YTD,2008-04-01,2008-09-30,,totalotherincome,totalinterestexpense,Interest Expense,-,debit,usd,24000000.0
CA Inc,CA,Y7ET3D9SDOFUZ515FE28,0000356028,2009.0,Q2YTD,2008-04-01,2008-09-30,,totalpretaxincome,totalotherincome,"Total Other Income / (Expense), net",+,credit,usd,-24000000.0
CA Inc,CA,Y7ET3D9SDOFUZ515FE28,0000356028,2009.0,Q2YTD,2008-04-01,2008-09-30,,netincomecontinuing,totalpretaxincome,Total Pre-Tax Income ,+,credit,usd,614000000.0
CA Inc,CA,Y7ET3D9SDOFUZ515FE28,0000356028,2009.0,Q2YTD,2008-04-01,2008-09-30,,netincomecontinuing,incometaxexpense,Income Tax Expense,-,debit,usd,216000000.0
CA Inc,CA,Y7ET3D9SDOFUZ515FE28,0000356028,2009.0,Q2YTD,2008-04-01,2008-09-30,,netincome,netincomecontinuing,Net Income / (Loss) Continuing Operations,+,credit,usd,398000000.0
CA Inc,CA,Y7ET3D9SDOFUZ515FE28,0000356028,2009.0,Q2YTD,2008-04-01,2008-09-30,,netincometocommon,netincome,Consolidated Net Income / (Loss),+,credit,usd,398000000.0
CA Inc,CA,Y7ET3D9SDOFUZ515FE28,0000356028,2009.0,Q2YTD,2008-04-01,2008-09-30,,,netincometocommon,Net Income / (Loss) Attributable to Common Shareholders,=,credit,usd,398000000.0
CA Inc,CA,Y7ET3D9SDOFUZ515FE28,0000356028,2009.0,Q2YTD,2008-04-01,2008-09-30,,basiceps,weightedavebasicsharesos,Weighted Average Basic Shares Outstanding,/,,shares,514000000.0
CA Inc,CA,Y7ET3D9SDOFUZ515FE28,0000356028,2009.0,Q2YTD,2008-04-01,2008-09-30,,,basiceps,Basic Earnings per Share,=,,usdpershare,0.77
CA Inc,CA,Y7ET3D9SDOFUZ515FE28,0000356028,2009.0,Q2YTD,2008-04-01,2008-09-30,,dilutedeps,weightedavedilutedsharesos,Weighted Average Diluted Shares Outstanding,/,,shares,538000000.0
CA Inc,CA,Y7ET3D9SDOFUZ515FE28,0000356028,2009.0,Q2YTD,2008-04-01,2008-09-30,,,dilutedeps,Diluted Earnings per Share,=,,usdpershare,0.76
CA Inc,CA,Y7ET3D9SDOFUZ515FE28,0000356028,2009.0,Q2,2008-07-01,2008-09-30,2009-10-23 16:31:46+00:00,totalrevenue,operatingrevenue,Operating Revenue,+,credit,usd,1069000000.0
CA Inc,CA,Y7ET3D9SDOFUZ515FE28,0000356028,2009.0,Q2,2008-07-01,2008-09-30,2009-10-23 16:31:46+00:00,totalrevenue,otherrevenue,Other Revenue,+,credit,usd,38000000.0
CA Inc,CA,Y7ET3D9SDOFUZ515FE28,0000356028,2009.0,Q2,2008-07-01,2008-09-30,2009-10-23 16:31:46+00:00,totalgrossprofit,totalrevenue,Total Revenue,+,credit,usd,1107000000.0
CA Inc,CA,Y7ET3D9SDOFUZ515FE28,0000356028,2009.0,Q2,2008-07-01,2008-09-30,2009-10-23 16:31:46+00:00,totalcostofrevenue,operatingcostofrevenue,Operating Cost of Revenue,+,debit,usd,164000000.0
CA Inc,CA,Y7ET3D9SDOFUZ515FE28,0000356028,2009.0,Q2,2008-07-01,2008-09-30,2009-10-23 16:31:46+00:00,totalgrossprofit,totalcostofrevenue,Total Cost of Revenue,-,debit,usd,164000000.0
CA Inc,CA,Y7ET3D9SDOFUZ515FE28,0000356028,2009.0,Q2,2008-07-01,2008-09-30,2009-10-23 16:31:46+00:00,totaloperatingincome,totalgrossprofit,Total Gross Profit,+,credit,usd,943000000.0
CA Inc,CA,Y7ET3D9SDOFUZ515FE28,0000356028,2009.0,Q2,2008-07-01,2008-09-30,2009-10-23 16:31:46+00:00,totaloperatingexpenses,sgaexpense,"Selling, General & Admin Expense",+,debit,usd,110000000.0
CA Inc,CA,Y7ET3D9SDOFUZ515FE28,0000356028,2009.0,Q2,2008-07-01,2008-09-30,2009-10-23 16:31:46+00:00,totaloperatingexpenses,marketingexpense,Marketing Expense,+,debit,usd,311000000.0
CA Inc,CA,Y7ET3D9SDOFUZ515FE28,0000356028,2009.0,Q2,2008-07-01,2008-09-30,2009-10-23 16:31:46+00:00,totaloperatingexpenses,rdexpense,Research & Development Expense,+,debit,usd,120000000.0
CA Inc,CA,Y7ET3D9SDOFUZ515FE28,0000356028,2009.0,Q2,2008-07-01,2008-09-30,2009-10-23 16:31:46+00:00,totaloperatingexpenses,depreciationexpense,Depreciation Expense,+,debit,usd,37000000.0
CA Inc,CA,Y7ET3D9SDOFUZ515FE28,0000356028,2009.0,Q2,2008-07-01,2008-09-30,2009-10-23 16:31:46+00:00,totaloperatingexpenses,amortizationexpense,Amortization Expense,+,debit,usd,29000000.0
CA Inc,CA,Y7ET3D9SDOFUZ515FE28,0000356028,2009.0,Q2,2008-07-01,2008-09-30,2009-10-23 16:31:46+00:00,totaloperatingexpenses,otheroperatingexpenses,Other Operating Expenses / (Income),+,debit,usd,6000000.0
CA Inc,CA,Y7ET3D9SDOFUZ515FE28,0000356028,2009.0,Q2,2008-07-01,2008-09-30,2009-10-23 16:31:46+00:00,totaloperatingexpenses,restructuringcharge,Restructuring Charge,+,debit,usd,0.0
CA Inc,CA,Y7ET3D9SDOFUZ515FE28,0000356028,2009.0,Q2,2008-07-01,2008-09-30,2009-10-23 16:31:46+00:00,totaloperatingincome,totaloperatingexpenses,Total Operating Expenses,-,debit,usd,613000000.0
CA Inc,CA,Y7ET3D9SDOFUZ515FE28,0000356028,2009.0,Q2,2008-07-01,2008-09-30,2009-10-23 16:31:46+00:00,totalpretaxincome,totaloperatingincome,Total Operating Income,+,credit,usd,330000000.0
CA Inc,CA,Y7ET3D9SDOFUZ515FE28,0000356028,2009.0,Q2,2008-07-01,2008-09-30,2009-10-23 16:31:46+00:00,totalotherincome,totalinterestexpense,Interest Expense,-,debit,usd,13000000.0
CA Inc,CA,Y7ET3D9SDOFUZ515FE28,0000356028,2009.0,Q2,2008-07-01,2008-09-30,2009-10-23 16:31:46+00:00,totalpretaxincome,totalotherincome,"Total Other Income / (Expense), net",+,credit,usd,-13000000.0
CA Inc,CA,Y7ET3D9SDOFUZ515FE28,0000356028,2009.0,Q2,2008-07-01,2008-09-30,2009-10-23 16:31:46+00:00,netincomecontinuing,totalpretaxincome,Total Pre-Tax Income ,+,credit,usd,317000000.0
CA Inc,CA,Y7ET3D9SDOFUZ515FE28,0000356028,2009.0,Q2,2008-07-01,2008-09-30,2009-10-23 16:31:46+00:00,netincomecontinuing,incometaxexpense,Income Tax Expense,-,debit,usd,115000000.0
CA Inc,CA,Y7ET3D9SDOFUZ515FE28,0000356028,2009.0,Q2,2008-07-01,2008-09-30,2009-10-23 16:31:46+00:00,netincome,netincomecontinuing,Net Income / (Loss) Continuing Operations,+,credit,usd,202000000.0
CA Inc,CA,Y7ET3D9SDOFUZ515FE28,0000356028,2009.0,Q2,2008-07-01,2008-09-30,2009-10-23 16:31:46+00:00,netincometocommon,netincome,Consolidated Net Income / (Loss),+,credit,usd,202000000.0
CA Inc,CA,Y7ET3D9SDOFUZ515FE28,0000356028,2009.0,Q2,2008-07-01,2008-09-30,2009-10-23 16:31:46+00:00,,netincometocommon,Net Income / (Loss) Attributable to Common Shareholders,=,credit,usd,202000000.0
CA Inc,CA,Y7ET3D9SDOFUZ515FE28,0000356028,2009.0,Q2,2008-07-01,2008-09-30,2009-10-23 16:31:46+00:00,basiceps,weightedavebasicsharesos,Weighted Average Basic Shares Outstanding,/,,shares,514000000.0
CA Inc,CA,Y7ET3D9SDOFUZ515FE28,0000356028,2009.0,Q2,2008-07-01,2008-09-30,2009-10-23 16:31:46+00:00,,basiceps,Basic Earnings per Share,=,,usdpershare,0.39
CA Inc,CA,Y7ET3D9SDOFUZ515FE28,0000356028,2009.0,Q2,2008-07-01,2008-09-30,2009-10-23 16:31:46+00:00,dilutedeps,weightedavedilutedsharesos,Weighted Average Diluted Shares Outstanding,/,,shares,538000000.0
CA Inc,CA,Y7ET3D9SDOFUZ515FE28,0000356028,2009.0,Q2,2008-07-01,2008-09-30,2009-10-23 16:31:46+00:00,,dilutedeps,Diluted Earnings per Share,=,,usdpershare,0.39
CA Inc,CA,Y7ET3D9SDOFUZ515FE28,0000356028,2009.0,Q1,2008-04-01,2008-06-30,2009-07-30 16:18:29+00:00,totalrevenue,operatingrevenue,Operating Revenue,+,credit,usd,1058000000.0
CA Inc,CA,Y7ET3D9SDOFUZ515FE28,0000356028,2009.0,Q1,2008-04-01,2008-06-30,2009-07-30 16:18:29+00:00,totalrevenue,otherrevenue,Other Revenue,+,credit,usd,29000000.0
CA Inc,CA,Y7ET3D9SDOFUZ515FE28,0000356028,2009.0,Q1,2008-04-01,2008-06-30,2009-07-30 16:18:29+00:00,totalgrossprofit,totalrevenue,Total Revenue,+,credit,usd,1087000000.0
CA Inc,CA,Y7ET3D9SDOFUZ515FE28,0000356028,2009.0,Q1,2008-04-01,2008-06-30,2009-07-30 16:18:29+00:00,totalcostofrevenue,operatingcostofrevenue,Operating Cost of Revenue,+,debit,usd,154000000.0
CA Inc,CA,Y7ET3D9SDOFUZ515FE28,0000356028,2009.0,Q1,2008-04-01,2008-06-30,2009-07-30 16:18:29+00:00,totalgrossprofit,totalcostofrevenue,Total Cost of Revenue,-,debit,usd,154000000.0
CA Inc,CA,Y7ET3D9SDOFUZ515FE28,0000356028,2009.0,Q1,2008-04-01,2008-06-30,2009-07-30 16:18:29+00:00,totaloperatingincome,totalgrossprofit,Total Gross Profit,+,credit,usd,933000000.0
CA Inc,CA,Y7ET3D9SDOFUZ515FE28,0000356028,2009.0,Q1,2008-04-01,2008-06-30,2009-07-30 16:18:29+00:00,totaloperatingexpenses,sgaexpense,"Selling, General & Admin Expense",+,debit,usd,122000000.0
CA Inc,CA,Y7ET3D9SDOFUZ515FE28,0000356028,2009.0,Q1,2008-04-01,2008-06-30,2009-07-30 16:18:29+00:00,totaloperatingexpenses,marketingexpense,Marketing Expense,+,debit,usd,297000000.0
CA Inc,CA,Y7ET3D9SDOFUZ515FE28,0000356028,2009.0,Q1,2008-04-01,2008-06-30,2009-07-30 16:18:29+00:00,totaloperatingexpenses,rdexpense,Research & Development Expense,+,debit,usd,123000000.0
CA Inc,CA,Y7ET3D9SDOFUZ515FE28,0000356028,2009.0,Q1,2008-04-01,2008-06-30,2009-07-30 16:18:29+00:00,totaloperatingexpenses,depreciationexpense,Depreciation Expense,+,debit,usd,36000000.0
CA Inc,CA,Y7ET3D9SDOFUZ515FE28,0000356028,2009.0,Q1,2008-04-01,2008-06-30,2009-07-30 16:18:29+00:00,totaloperatingexpenses,amortizationexpense,Amortization Expense,+,debit,usd,31000000.0
CA Inc,CA,Y7ET3D9SDOFUZ515FE28,0000356028,2009.0,Q1,2008-04-01,2008-06-30,2009-07-30 16:18:29+00:00,totaloperatingexpenses,otheroperatingexpenses,Other Operating Expenses / (Income),+,debit,usd,12000000.0
CA Inc,CA,Y7ET3D9SDOFUZ515FE28,0000356028,2009.0,Q1,2008-04-01,2008-06-30,2009-07-30 16:18:29+00:00,totaloperatingexpenses,restructuringcharge,Restructuring Charge,+,debit,usd,4000000.0
CA Inc,CA,Y7ET3D9SDOFUZ515FE28,0000356028,2009.0,Q1,2008-04-01,2008-06-30,2009-07-30 16:18:29+00:00,totaloperatingincome,totaloperatingexpenses,Total Operating Expenses,-,debit,usd,625000000.0
CA Inc,CA,Y7ET3D9SDOFUZ515FE28,0000356028,2009.0,Q1,2008-04-01,2008-06-30,2009-07-30 16:18:29+00:00,totalpretaxincome,totaloperatingincome,Total Operating Income,+,credit,usd,308000000.0
CA Inc,CA,Y7ET3D9SDOFUZ515FE28,0000356028,2009.0,Q1,2008-04-01,2008-06-30,2009-07-30 16:18:29+00:00,totalotherincome,totalinterestexpense,Interest Expense,-,debit,usd,11000000.0
CA Inc,CA,Y7ET3D9SDOFUZ515FE28,0000356028,2009.0,Q1,2008-04-01,2008-06-30,2009-07-30 16:18:29+00:00,totalpretaxincome,totalotherincome,"Total Other Income / (Expense), net",+,credit,usd,-11000000.0
CA Inc,CA,Y7ET3D9SDOFUZ515FE28,0000356028,2009.0,Q1,2008-04-01,2008-06-30,2009-07-30 16:18:29+00:00,netincomecontinuing,totalpretaxincome,Total Pre-Tax Income ,+,credit,usd,297000000.0
CA Inc,CA,Y7ET3D9SDOFUZ515FE28,0000356028,2009.0,Q1,2008-04-01,2008-06-30,2009-07-30 16:18:29+00:00,netincomecontinuing,incometaxexpense,Income Tax Expense,-,debit,usd,101000000.0
CA Inc,CA,Y7ET3D9SDOFUZ515FE28,0000356028,2009.0,Q1,2008-04-01,2008-06-30,2009-07-30 16:18:29+00:00,netincome,netincomecontinuing,Net Income / (Loss) Continuing Operations,+,credit,usd,196000000.0
CA Inc,CA,Y7ET3D9SDOFUZ515FE28,0000356028,2009.0,Q1,2008-04-01,2008-06-30,2009-07-30 16:18:29+00:00,netincometocommon,netincome,Consolidated Net Income / (Loss),+,credit,usd,196000000.0
CA Inc,CA,Y7ET3D9SDOFUZ515FE28,0000356028,2009.0,Q1,2008-04-01,2008-06-30,2009-07-30 16:18:29+00:00,,netincometocommon,Net Income / (Loss) Attributable to Common Shareholders,=,credit,usd,196000000.0
CA Inc,CA,Y7ET3D9SDOFUZ515FE28,0000356028,2009.0,Q1,2008-04-01,2008-06-30,2009-07-30 16:18:29+00:00,basiceps,weightedavebasicsharesos,Weighted Average Basic Shares Outstanding,/,,shares,512000000.0
CA Inc,CA,Y7ET3D9SDOFUZ515FE28,0000356028,2009.0,Q1,2008-04-01,2008-06-30,2009-07-30 16:18:29+00:00,,basiceps,Basic Earnings per Share,=,,usdpershare,0.38
CA Inc,CA,Y7ET3D9SDOFUZ515FE28,0000356028,2009.0,Q1,2008-04-01,2008-06-30,2009-07-30 16:18:29+00:00,dilutedeps,weightedavedilutedsharesos,Weighted Average Diluted Shares Outstanding,/,,shares,536000000.0
CA Inc,CA,Y7ET3D9SDOFUZ515FE28,0000356028,2009.0,Q1,2008-04-01,2008-06-30,2009-07-30 16:18:29+00:00,,dilutedeps,Diluted Earnings per Share,=,,usdpershare,0.37
CA Inc,CA,Y7ET3D9SDOFUZ515FE28,0000356028,2010.0,Q4,2010-01-01,2010-03-31,,totalrevenue,operatingrevenue,Operating Revenue,+,credit,usd,918000000.0
CA Inc,CA,Y7ET3D9SDOFUZ515FE28,0000356028,2010.0,Q4,2010-01-01,2010-03-31,,totalrevenue,otherrevenue,Other Revenue,+,credit,usd,59000000.0
CA Inc,CA,Y7ET3D9SDOFUZ515FE28,0000356028,2010.0,Q4,2010-01-01,2010-03-31,,totalgrossprofit,totalrevenue,Total Revenue,+,credit,usd,977000000.0
CA Inc,CA,Y7ET3D9SDOFUZ515FE28,0000356028,2010.0,Q4,2010-01-01,2010-03-31,,totalcostofrevenue,operatingcostofrevenue,Operating Cost of Revenue,+,debit,usd,108000000.0
CA Inc,CA,Y7ET3D9SDOFUZ515FE28,0000356028,2010.0,Q4,2010-01-01,2010-03-31,,totalgrossprofit,totalcostofrevenue,Total Cost of Revenue,-,debit,usd,108000000.0
CA Inc,CA,Y7ET3D9SDOFUZ515FE28,0000356028,2010.0,Q4,2010-01-01,2010-03-31,,totaloperatingincome,totalgrossprofit,Total Gross Profit,+,credit,usd,869000000.0
CA Inc,CA,Y7ET3D9SDOFUZ515FE28,0000356028,2010.0,Q4,2010-01-01,2010-03-31,,totaloperatingexpenses,sgaexpense,"Selling, General & Admin Expense",+,debit,usd,126000000.0
CA Inc,CA,Y7ET3D9SDOFUZ515FE28,0000356028,2010.0,Q4,2010-01-01,2010-03-31,,totaloperatingexpenses,marketingexpense,Marketing Expense,+,debit,usd,321000000.0
CA Inc,CA,Y7ET3D9SDOFUZ515FE28,0000356028,2010.0,Q4,2010-01-01,2010-03-31,,totaloperatingexpenses,rdexpense,Research & Development Expense,+,debit,usd,134000000.0
CA Inc,CA,Y7ET3D9SDOFUZ515FE28,0000356028,2010.0,Q4,2010-01-01,2010-03-31,,totaloperatingexpenses,depreciationexpense,Depreciation Expense,+,debit,usd,41000000.0
CA Inc,CA,Y7ET3D9SDOFUZ515FE28,0000356028,2010.0,Q4,2010-01-01,2010-03-31,,totaloperatingexpenses,amortizationexpense,Amortization Expense,+,debit,usd,31000000.0
CA Inc,CA,Y7ET3D9SDOFUZ515FE28,0000356028,2010.0,Q4,2010-01-01,2010-03-31,,totaloperatingexpenses,otheroperatingexpenses,Other Operating Expenses / (Income),+,debit,usd,7000000.0
CA Inc,CA,Y7ET3D9SDOFUZ515FE28,0000356028,2010.0,Q4,2010-01-01,2010-03-31,,totaloperatingexpenses,restructuringcharge,Restructuring Charge,+,debit,usd,-4000000.0
CA Inc,CA,Y7ET3D9SDOFUZ515FE28,0000356028,2010.0,Q4,2010-01-01,2010-03-31,,totaloperatingincome,totaloperatingexpenses,Total Operating Expenses,-,debit,usd,656000000.0
CA Inc,CA,Y7ET3D9SDOFUZ515FE28,0000356028,2010.0,Q4,2010-01-01,2010-03-31,,totalpretaxincome,totaloperatingincome,Total Operating Income,+,credit,usd,213000000.0
CA Inc,CA,Y7ET3D9SDOFUZ515FE28,0000356028,2010.0,Q4,2010-01-01,2010-03-31,,totalotherincome,totalinterestexpense,Interest Expense,-,debit,usd,14000000.0
CA Inc,CA,Y7ET3D9SDOFUZ515FE28,0000356028,2010.0,Q4,2010-01-01,2010-03-31,,totalpretaxincome,totalotherincome,"Total Other Income / (Expense), net",+,credit,usd,-14000000.0
CA Inc,CA,Y7ET3D9SDOFUZ515FE28,0000356028,2010.0,Q4,2010-01-01,2010-03-31,,netincomecontinuing,totalpretaxincome,Total Pre-Tax Income ,+,credit,usd,199000000.0
CA Inc,CA,Y7ET3D9SDOFUZ515FE28,0000356028,2010.0,Q4,2010-01-01,2010-03-31,,netincomecontinuing,incometaxexpense,Income Tax Expense,-,debit,usd,110000000.0
CA Inc,CA,Y7ET3D9SDOFUZ515FE28,0000356028,2010.0,Q4,2010-01-01,2010-03-31,,netincome,netincomecontinuing,Net Income / (Loss) Continuing Operations,+,credit,usd,89000000.0
CA Inc,CA,Y7ET3D9SDOFUZ515FE28,0000356028,2010.0,Q4,2010-01-01,2010-03-31,,netincome,netincomediscontinued,Net Income / (Loss) Discontinued Operations,+,credit,usd,12000000.0
CA Inc,CA,Y7ET3D9SDOFUZ515FE28,0000356028,2010.0,Q4,2010-01-01,2010-03-31,,netincometocommon,netincome,Consolidated Net Income / (Loss),+,credit,usd,101000000.0
CA Inc,CA,Y7ET3D9SDOFUZ515FE28,0000356028,2010.0,Q4,2010-01-01,2010-03-31,,,netincometocommon,Net Income / (Loss) Attributable to Common Shareholders,=,credit,usd,101000000.0
CA Inc,CA,Y7ET3D9SDOFUZ515FE28,0000356028,2010.0,Q4,2010-01-01,2010-03-31,,basiceps,weightedavebasicsharesos,Weighted Average Basic Shares Outstanding,/,,shares,515000000.0
CA Inc,CA,Y7ET3D9SDOFUZ515FE28,0000356028,2010.0,Q4,2010-01-01,2010-03-31,,,basiceps,Basic Earnings per Share,=,,usdpershare,0.2
CA Inc,CA,Y7ET3D9SDOFUZ515FE28,0000356028,2010.0,Q4,2010-01-01,2010-03-31,,dilutedeps,weightedavedilutedsharesos,Weighted Average Diluted Shares Outstanding,/,,shares,533000000.0
CA Inc,CA,Y7ET3D9SDOFUZ515FE28,0000356028,2010.0,Q4,2010-01-01,2010-03-31,,,dilutedeps,Diluted Earnings per Share,=,,usdpershare,0.2
CA Inc,CA,Y7ET3D9SDOFUZ515FE28,0000356028,2010.0,Q4,2010-01-01,2010-03-31,,basicdilutedeps,weightedavebasicdilutedsharesos,Weighted Average Basic & Diluted Shares Outstanding,/,,shares,520900000.0
CA Inc,CA,Y7ET3D9SDOFUZ515FE28,0000356028,2010.0,Q4,2010-01-01,2010-03-31,,,basicdilutedeps,Basic & Diluted Earnings per Share,=,,usdpershare,0.99
CA Inc,CA,Y7ET3D9SDOFUZ515FE28,0000356028,2010.0,FY,2009-04-01,2010-03-31,2012-05-11 16:41:54+00:00,totalrevenue,operatingrevenue,Operating Revenue,+,credit,usd,4053000000.0
CA Inc,CA,Y7ET3D9SDOFUZ515FE28,0000356028,2010.0,FY,2009-04-01,2010-03-31,2012-05-11 16:41:54+00:00,totalrevenue,otherrevenue,Other Revenue,+,credit,usd,174000000.0
CA Inc,CA,Y7ET3D9SDOFUZ515FE28,0000356028,2010.0,FY,2009-04-01,2010-03-31,2012-05-11 16:41:54+00:00,totalgrossprofit,totalrevenue,Total Revenue,+,credit,usd,4227000000.0
CA Inc,CA,Y7ET3D9SDOFUZ515FE28,0000356028,2010.0,FY,2009-04-01,2010-03-31,2012-05-11 16:41:54+00:00,totalcostofrevenue,operatingcostofrevenue,Operating Cost of Revenue,+,debit,usd,513000000.0
CA Inc,CA,Y7ET3D9SDOFUZ515FE28,0000356028,2010.0,FY,2009-04-01,2010-03-31,2012-05-11 16:41:54+00:00,totalgrossprofit,totalcostofrevenue,Total Cost of Revenue,-,debit,usd,513000000.0
CA Inc,CA,Y7ET3D9SDOFUZ515FE28,0000356028,2010.0,FY,2009-04-01,2010-03-31,2012-05-11 16:41:54+00:00,totaloperatingincome,totalgrossprofit,Total Gross Profit,+,credit,usd,3714000000.0
CA Inc,CA,Y7ET3D9SDOFUZ515FE28,0000356028,2010.0,FY,2009-04-01,2010-03-31,2012-05-11 16:41:54+00:00,totaloperatingexpenses,sgaexpense,"Selling, General & Admin Expense",+,debit,usd,485000000.0
CA Inc,CA,Y7ET3D9SDOFUZ515FE28,0000356028,2010.0,FY,2009-04-01,2010-03-31,2012-05-11 16:41:54+00:00,totaloperatingexpenses,marketingexpense,Marketing Expense,+,debit,usd,1204000000.0
CA Inc,CA,Y7ET3D9SDOFUZ515FE28,0000356028,2010.0,FY,2009-04-01,2010-03-31,2012-05-11 16:41:54+00:00,totaloperatingexpenses,rdexpense,Research & Development Expense,+,debit,usd,487000000.0
CA Inc,CA,Y7ET3D9SDOFUZ515FE28,0000356028,2010.0,FY,2009-04-01,2010-03-31,2012-05-11 16:41:54+00:00,totaloperatingexpenses,depreciationexpense,Depreciation Expense,+,debit,usd,159000000.0
CA Inc,CA,Y7ET3D9SDOFUZ515FE28,0000356028,2010.0,FY,2009-04-01,2010-03-31,2012-05-11 16:41:54+00:00,totaloperatingexpenses,amortizationexpense,Amortization Expense,+,debit,usd,133000000.0
CA Inc,CA,Y7ET3D9SDOFUZ515FE28,0000356028,2010.0,FY,2009-04-01,2010-03-31,2012-05-11 16:41:54+00:00,totaloperatingexpenses,otheroperatingexpenses,Other Operating Expenses / (Income),+,debit,usd,18000000.0
CA Inc,CA,Y7ET3D9SDOFUZ515FE28,0000356028,2010.0,FY,2009-04-01,2010-03-31,2012-05-11 16:41:54+00:00,totaloperatingincome,totaloperatingexpenses,Total Operating Expenses,-,debit,usd,2486000000.0
CA Inc,CA,Y7ET3D9SDOFUZ515FE28,0000356028,2010.0,FY,2009-04-01,2010-03-31,2012-05-11 16:41:54+00:00,totalpretaxincome,totaloperatingincome,Total Operating Income,+,credit,usd,1228000000.0
CA Inc,CA,Y7ET3D9SDOFUZ515FE28,0000356028,2010.0,FY,2009-04-01,2010-03-31,2012-05-11 16:41:54+00:00,totalotherincome,totalinterestexpense,Interest Expense,-,debit,usd,76000000.0
CA Inc,CA,Y7ET3D9SDOFUZ515FE28,0000356028,2010.0,FY,2009-04-01,2010-03-31,2012-05-11 16:41:54+00:00,totalpretaxincome,totalotherincome,"Total Other Income / (Expense), net",+,credit,usd,-76000000.0
CA Inc,CA,Y7ET3D9SDOFUZ515FE28,0000356028,2010.0,FY,2009-04-01,2010-03-31,2012-05-11 16:41:54+00:00,netincomecontinuing,totalpretaxincome,Total Pre-Tax Income ,+,credit,usd,1152000000.0
CA Inc,CA,Y7ET3D9SDOFUZ515FE28,0000356028,2010.0,FY,2009-04-01,2010-03-31,2012-05-11 16:41:54+00:00,netincomecontinuing,incometaxexpense,Income Tax Expense,-,debit,usd,393000000.0
CA Inc,CA,Y7ET3D9SDOFUZ515FE28,0000356028,2010.0,FY,2009-04-01,2010-03-31,2012-05-11 16:41:54+00:00,netincome,netincomecontinuing,Net Income / (Loss) Continuing Operations,+,credit,usd,759000000.0
CA Inc,CA,Y7ET3D9SDOFUZ515FE28,0000356028,2010.0,FY,2009-04-01,2010-03-31,2012-05-11 16:41:54+00:00,netincome,netincomediscontinued,Net Income / (Loss) Discontinued Operations,+,credit,usd,12000000.0
CA Inc,CA,Y7ET3D9SDOFUZ515FE28,0000356028,2010.0,FY,2009-04-01,2010-03-31,2012-05-11 16:41:54+00:00,netincometocommon,netincome,Consolidated Net Income / (Loss),+,credit,usd,771000000.0
CA Inc,CA,Y7ET3D9SDOFUZ515FE28,0000356028,2010.0,FY,2009-04-01,2010-03-31,2012-05-11 16:41:54+00:00,,netincometocommon,Net Income / (Loss) Attributable to Common Shareholders,=,credit,usd,771000000.0
CA Inc,CA,Y7ET3D9SDOFUZ515FE28,0000356028,2010.0,FY,2009-04-01,2010-03-31,2012-05-11 16:41:54+00:00,basiceps,weightedavebasicsharesos,Weighted Average Basic Shares Outstanding,/,,shares,515000000.0
CA Inc,CA,Y7ET3D9SDOFUZ515FE28,0000356028,2010.0,FY,2009-04-01,2010-03-31,2012-05-11 16:41:54+00:00,,basiceps,Basic Earnings per Share,=,,usdpershare,1.48
CA Inc,CA,Y7ET3D9SDOFUZ515FE28,0000356028,2010.0,FY,2009-04-01,2010-03-31,2012-05-11 16:41:54+00:00,dilutedeps,weightedavedilutedsharesos,Weighted Average Diluted Shares Outstanding,/,,shares,533000000.0
CA Inc,CA,Y7ET3D9SDOFUZ515FE28,0000356028,2010.0,FY,2009-04-01,2010-03-31,2012-05-11 16:41:54+00:00,,dilutedeps,Diluted Earnings per Share,=,,usdpershare,1.47
CA Inc,CA,Y7ET3D9SDOFUZ515FE28,0000356028,2010.0,FY,2009-04-01,2010-03-31,2012-05-11 16:41:54+00:00,basicdilutedeps,weightedavebasicdilutedsharesos,Weighted Average Basic & Diluted Shares Outstanding,/,,shares,520900000.0
CA Inc,CA,Y7ET3D9SDOFUZ515FE28,0000356028,2010.0,FY,2009-04-01,2010-03-31,2012-05-11 16:41:54+00:00,,basicdilutedeps,Basic & Diluted Earnings per Share,=,,usdpershare,1.48
CA Inc,CA,Y7ET3D9SDOFUZ515FE28,0000356028,2010.0,Q3,2009-10-01,2009-12-31,2010-01-29 16:16:43+00:00,totalrevenue,operatingrevenue,Operating Revenue,+,credit,usd,1074000000.0
CA Inc,CA,Y7ET3D9SDOFUZ515FE28,0000356028,2010.0,Q3,2009-10-01,2009-12-31,2010-01-29 16:16:43+00:00,totalrevenue,otherrevenue,Other Revenue,+,credit,usd,54000000.0
CA Inc,CA,Y7ET3D9SDOFUZ515FE28,0000356028,2010.0,Q3,2009-10-01,2009-12-31,2010-01-29 16:16:43+00:00,totalgrossprofit,totalrevenue,Total Revenue,+,credit,usd,1128000000.0
CA Inc,CA,Y7ET3D9SDOFUZ515FE28,0000356028,2010.0,Q3,2009-10-01,2009-12-31,2010-01-29 16:16:43+00:00,totalcostofrevenue,operatingcostofrevenue,Operating Cost of Revenue,+,debit,usd,140000000.0
CA Inc,CA,Y7ET3D9SDOFUZ515FE28,0000356028,2010.0,Q3,2009-10-01,2009-12-31,2010-01-29 16:16:43+00:00,totalgrossprofit,totalcostofrevenue,Total Cost of Revenue,-,debit,usd,140000000.0
CA Inc,CA,Y7ET3D9SDOFUZ515FE28,0000356028,2010.0,Q3,2009-10-01,2009-12-31,2010-01-29 16:16:43+00:00,totaloperatingincome,totalgrossprofit,Total Gross Profit,+,credit,usd,988000000.0
CA Inc,CA,Y7ET3D9SDOFUZ515FE28,0000356028,2010.0,Q3,2009-10-01,2009-12-31,2010-01-29 16:16:43+00:00,totaloperatingexpenses,sgaexpense,"Selling, General & Admin Expense",+,debit,usd,129000000.0
CA Inc,CA,Y7ET3D9SDOFUZ515FE28,0000356028,2010.0,Q3,2009-10-01,2009-12-31,2010-01-29 16:16:43+00:00,totaloperatingexpenses,marketingexpense,Marketing Expense,+,debit,usd,316000000.0
CA Inc,CA,Y7ET3D9SDOFUZ515FE28,0000356028,2010.0,Q3,2009-10-01,2009-12-31,2010-01-29 16:16:43+00:00,totaloperatingexpenses,rdexpense,Research & Development Expense,+,debit,usd,119000000.0
CA Inc,CA,Y7ET3D9SDOFUZ515FE28,0000356028,2010.0,Q3,2009-10-01,2009-12-31,2010-01-29 16:16:43+00:00,totaloperatingexpenses,depreciationexpense,Depreciation Expense,+,debit,usd,40000000.0
CA Inc,CA,Y7ET3D9SDOFUZ515FE28,0000356028,2010.0,Q3,2009-10-01,2009-12-31,2010-01-29 16:16:43+00:00,totaloperatingexpenses,amortizationexpense,Amortization Expense,+,debit,usd,34000000.0
CA Inc,CA,Y7ET3D9SDOFUZ515FE28,0000356028,2010.0,Q3,2009-10-01,2009-12-31,2010-01-29 16:16:43+00:00,totaloperatingexpenses,otheroperatingexpenses,Other Operating Expenses / (Income),+,debit,usd,-3000000.0
CA Inc,CA,Y7ET3D9SDOFUZ515FE28,0000356028,2010.0,Q3,2009-10-01,2009-12-31,2010-01-29 16:16:43+00:00,totaloperatingexpenses,restructuringcharge,Restructuring Charge,+,debit,usd,2000000.0
CA Inc,CA,Y7ET3D9SDOFUZ515FE28,0000356028,2010.0,Q3,2009-10-01,2009-12-31,2010-01-29 16:16:43+00:00,totaloperatingincome,totaloperatingexpenses,Total Operating Expenses,-,debit,usd,637000000.0
CA Inc,CA,Y7ET3D9SDOFUZ515FE28,0000356028,2010.0,Q3,2009-10-01,2009-12-31,2010-01-29 16:16:43+00:00,totalpretaxincome,totaloperatingincome,Total Operating Income,+,credit,usd,351000000.0
CA Inc,CA,Y7ET3D9SDOFUZ515FE28,0000356028,2010.0,Q3,2009-10-01,2009-12-31,2010-01-29 16:16:43+00:00,totalotherincome,totalinterestexpense,Interest Expense,-,debit,usd,23000000.0
CA Inc,CA,Y7ET3D9SDOFUZ515FE28,0000356028,2010.0,Q3,2009-10-01,2009-12-31,2010-01-29 16:16:43+00:00,totalpretaxincome,totalotherincome,"Total Other Income / (Expense), net",+,credit,usd,-23000000.0
CA Inc,CA,Y7ET3D9SDOFUZ515FE28,0000356028,2010.0,Q3,2009-10-01,2009-12-31,2010-01-29 16:16:43+00:00,netincomecontinuing,totalpretaxincome,Total Pre-Tax Income ,+,credit,usd,328000000.0
CA Inc,CA,Y7ET3D9SDOFUZ515FE28,0000356028,2010.0,Q3,2009-10-01,2009-12-31,2010-01-29 16:16:43+00:00,netincomecontinuing,incometaxexpense,Income Tax Expense,-,debit,usd,71000000.0
CA Inc,CA,Y7ET3D9SDOFUZ515FE28,0000356028,2010.0,Q3,2009-10-01,2009-12-31,2010-01-29 16:16:43+00:00,netincome,netincomecontinuing,Net Income / (Loss) Continuing Operations,+,credit,usd,257000000.0
CA Inc,CA,Y7ET3D9SDOFUZ515FE28,0000356028,2010.0,Q3,2009-10-01,2009-12-31,2010-01-29 16:16:43+00:00,netincometocommon,netincome,Consolidated Net Income / (Loss),+,credit,usd,257000000.0
CA Inc,CA,Y7ET3D9SDOFUZ515FE28,0000356028,2010.0,Q3,2009-10-01,2009-12-31,2010-01-29 16:16:43+00:00,,netincometocommon,Net Income / (Loss) Attributable to Common Shareholders,=,credit,usd,257000000.0
CA Inc,CA,Y7ET3D9SDOFUZ515FE28,0000356028,2010.0,Q3,2009-10-01,2009-12-31,2010-01-29 16:16:43+00:00,basiceps,weightedavebasicsharesos,Weighted Average Basic Shares Outstanding,/,,shares,515000000.0
CA Inc,CA,Y7ET3D9SDOFUZ515FE28,0000356028,2010.0,Q3,2009-10-01,2009-12-31,2010-01-29 16:16:43+00:00,,basiceps,Basic Earnings per Share,=,,usdpershare,0.49
CA Inc,CA,Y7ET3D9SDOFUZ515FE28,0000356028,2010.0,Q3,2009-10-01,2009-12-31,2010-01-29 16:16:43+00:00,dilutedeps,weightedavedilutedsharesos,Weighted Average Diluted Shares Outstanding,/,,shares,535000000.0
CA Inc,CA,Y7ET3D9SDOFUZ515FE28,0000356028,2010.0,Q3,2009-10-01,2009-12-31,2010-01-29 16:16:43+00:00,,dilutedeps,Diluted Earnings per Share,=,,usdpershare,0.49
CA Inc,CA,Y7ET3D9SDOFUZ515FE28,0000356028,2010.0,Q3,2009-10-01,2009-12-31,2010-01-29 16:16:43+00:00,basicdilutedeps,weightedavebasicdilutedsharesos,Weighted Average Basic & Diluted Shares Outstanding,/,,shares,524500000.0
CA Inc,CA,Y7ET3D9SDOFUZ515FE28,0000356028,2010.0,Q3,2009-10-01,2009-12-31,2010-01-29 16:16:43+00:00,,basicdilutedeps,Basic & Diluted Earnings per Share,=,,usdpershare,0.49
CA Inc,CA,Y7ET3D9SDOFUZ515FE28,0000356028,2010.0,Q3YTD,2009-04-01,2009-12-31,,totalrevenue,operatingrevenue,Operating Revenue,+,credit,usd,3135000000.0
CA Inc,CA,Y7ET3D9SDOFUZ515FE28,0000356028,2010.0,Q3YTD,2009-04-01,2009-12-31,,totalrevenue,otherrevenue,Other Revenue,+,credit,usd,115000000.0
CA Inc,CA,Y7ET3D9SDOFUZ515FE28,0000356028,2010.0,Q3YTD,2009-04-01,2009-12-31,,totalgrossprofit,totalrevenue,Total Revenue,+,credit,usd,3250000000.0
CA Inc,CA,Y7ET3D9SDOFUZ515FE28,0000356028,2010.0,Q3YTD,2009-04-01,2009-12-31,,totalcostofrevenue,operatingcostofrevenue,Operating Cost of Revenue,+,debit,usd,405000000.0
CA Inc,CA,Y7ET3D9SDOFUZ515FE28,0000356028,2010.0,Q3YTD,2009-04-01,2009-12-31,,totalgrossprofit,totalcostofrevenue,Total Cost of Revenue,-,debit,usd,405000000.0
CA Inc,CA,Y7ET3D9SDOFUZ515FE28,0000356028,2010.0,Q3YTD,2009-04-01,2009-12-31,,totaloperatingincome,totalgrossprofit,Total Gross Profit,+,credit,usd,2845000000.0
CA Inc,CA,Y7ET3D9SDOFUZ515FE28,0000356028,2010.0,Q3YTD,2009-04-01,2009-12-31,,totaloperatingexpenses,sgaexpense,"Selling, General & Admin Expense",+,debit,usd,359000000.0
CA Inc,CA,Y7ET3D9SDOFUZ515FE28,0000356028,2010.0,Q3YTD,2009-04-01,2009-12-31,,totaloperatingexpenses,marketingexpense,Marketing Expense,+,debit,usd,883000000.0
CA Inc,CA,Y7ET3D9SDOFUZ515FE28,0000356028,2010.0,Q3YTD,2009-04-01,2009-12-31,,totaloperatingexpenses,rdexpense,Research & Development Expense,+,debit,usd,353000000.0
CA Inc,CA,Y7ET3D9SDOFUZ515FE28,0000356028,2010.0,Q3YTD,2009-04-01,2009-12-31,,totaloperatingexpenses,depreciationexpense,Depreciation Expense,+,debit,usd,118000000.0
CA Inc,CA,Y7ET3D9SDOFUZ515FE28,0000356028,2010.0,Q3YTD,2009-04-01,2009-12-31,,totaloperatingexpenses,amortizationexpense,Amortization Expense,+,debit,usd,102000000.0
CA Inc,CA,Y7ET3D9SDOFUZ515FE28,0000356028,2010.0,Q3YTD,2009-04-01,2009-12-31,,totaloperatingexpenses,otheroperatingexpenses,Other Operating Expenses / (Income),+,debit,usd,11000000.0
CA Inc,CA,Y7ET3D9SDOFUZ515FE28,0000356028,2010.0,Q3YTD,2009-04-01,2009-12-31,,totaloperatingexpenses,restructuringcharge,Restructuring Charge,+,debit,usd,4000000.0
CA Inc,CA,Y7ET3D9SDOFUZ515FE28,0000356028,2010.0,Q3YTD,2009-04-01,2009-12-31,,totaloperatingincome,totaloperatingexpenses,Total Operating Expenses,-,debit,usd,1830000000.0
CA Inc,CA,Y7ET3D9SDOFUZ515FE28,0000356028,2010.0,Q3YTD,2009-04-01,2009-12-31,,totalpretaxincome,totaloperatingincome,Total Operating Income,+,credit,usd,1015000000.0
CA Inc,CA,Y7ET3D9SDOFUZ515FE28,0000356028,2010.0,Q3YTD,2009-04-01,2009-12-31,,totalotherincome,totalinterestexpense,Interest Expense,-,debit,usd,62000000.0
CA Inc,CA,Y7ET3D9SDOFUZ515FE28,0000356028,2010.0,Q3YTD,2009-04-01,2009-12-31,,totalpretaxincome,totalotherincome,"Total Other Income / (Expense), net",+,credit,usd,-62000000.0
CA Inc,CA,Y7ET3D9SDOFUZ515FE28,0000356028,2010.0,Q3YTD,2009-04-01,2009-12-31,,netincomecontinuing,totalpretaxincome,Total Pre-Tax Income ,+,credit,usd,953000000.0
CA Inc,CA,Y7ET3D9SDOFUZ515FE28,0000356028,2010.0,Q3YTD,2009-04-01,2009-12-31,,netincomecontinuing,incometaxexpense,Income Tax Expense,-,debit,usd,283000000.0
CA Inc,CA,Y7ET3D9SDOFUZ515FE28,0000356028,2010.0,Q3YTD,2009-04-01,2009-12-31,,netincome,netincomecontinuing,Net Income / (Loss) Continuing Operations,+,credit,usd,670000000.0
CA Inc,CA,Y7ET3D9SDOFUZ515FE28,0000356028,2010.0,Q3YTD,2009-04-01,2009-12-31,,netincometocommon,netincome,Consolidated Net Income / (Loss),+,credit,usd,670000000.0
CA Inc,CA,Y7ET3D9SDOFUZ515FE28,0000356028,2010.0,Q3YTD,2009-04-01,2009-12-31,,,netincometocommon,Net Income / (Loss) Attributable to Common Shareholders,=,credit,usd,670000000.0
CA Inc,CA,Y7ET3D9SDOFUZ515FE28,0000356028,2010.0,Q3YTD,2009-04-01,2009-12-31,,basiceps,weightedavebasicsharesos,Weighted Average Basic Shares Outstanding,/,,shares,515000000.0
CA Inc,CA,Y7ET3D9SDOFUZ515FE28,0000356028,2010.0,Q3YTD,2009-04-01,2009-12-31,,,basiceps,Basic Earnings per Share,=,,usdpershare,1.28
CA Inc,CA,Y7ET3D9SDOFUZ515FE28,0000356028,2010.0,Q3YTD,2009-04-01,2009-12-31,,dilutedeps,weightedavedilutedsharesos,Weighted Average Diluted Shares Outstanding,/,,shares,535000000.0
CA Inc,CA,Y7ET3D9SDOFUZ515FE28,0000356028,2010.0,Q3YTD,2009-04-01,2009-12-31,,,dilutedeps,Diluted Earnings per Share,=,,usdpershare,1.27
CA Inc,CA,Y7ET3D9SDOFUZ515FE28,0000356028,2010.0,Q3YTD,2009-04-01,2009-12-31,,basicdilutedeps,weightedavebasicdilutedsharesos,Weighted Average Basic & Diluted Shares Outstanding,/,,shares,524500000.0
CA Inc,CA,Y7ET3D9SDOFUZ515FE28,0000356028,2010.0,Q3YTD,2009-04-01,2009-12-31,,,basicdilutedeps,Basic & Diluted Earnings per Share,=,,usdpershare,0.49
CA Inc,CA,Y7ET3D9SDOFUZ515FE28,0000356028,2010.0,Q3TTM,2009-01-01,2009-12-31,,totalrevenue,operatingrevenue,Operating Revenue,+,credit,usd,4132000000.0
CA Inc,CA,Y7ET3D9SDOFUZ515FE28,0000356028,2010.0,Q3TTM,2009-01-01,2009-12-31,,totalrevenue,otherrevenue,Other Revenue,+,credit,usd,153000000.0
CA Inc,CA,Y7ET3D9SDOFUZ515FE28,0000356028,2010.0,Q3TTM,2009-01-01,2009-12-31,,totalgrossprofit,totalrevenue,Total Revenue,+,credit,usd,4285000000.0
CA Inc,CA,Y7ET3D9SDOFUZ515FE28,0000356028,2010.0,Q3TTM,2009-01-01,2009-12-31,,totalcostofrevenue,operatingcostofrevenue,Operating Cost of Revenue,+,debit,usd,546000000.0
CA Inc,CA,Y7ET3D9SDOFUZ515FE28,0000356028,2010.0,Q3TTM,2009-01-01,2009-12-31,,totalgrossprofit,totalcostofrevenue,Total Cost of Revenue,-,debit,usd,546000000.0
CA Inc,CA,Y7ET3D9SDOFUZ515FE28,0000356028,2010.0,Q3TTM,2009-01-01,2009-12-31,,totaloperatingincome,totalgrossprofit,Total Gross Profit,+,credit,usd,3739000000.0
CA Inc,CA,Y7ET3D9SDOFUZ515FE28,0000356028,2010.0,Q3TTM,2009-01-01,2009-12-31,,totaloperatingexpenses,sgaexpense,"Selling, General & Admin Expense",+,debit,usd,481000000.0
CA Inc,CA,Y7ET3D9SDOFUZ515FE28,0000356028,2010.0,Q3TTM,2009-01-01,2009-12-31,,totaloperatingexpenses,marketingexpense,Marketing Expense,+,debit,usd,1182000000.0
CA Inc,CA,Y7ET3D9SDOFUZ515FE28,0000356028,2010.0,Q3TTM,2009-01-01,2009-12-31,,totaloperatingexpenses,rdexpense,Research & Development Expense,+,debit,usd,481000000.0
CA Inc,CA,Y7ET3D9SDOFUZ515FE28,0000356028,2010.0,Q3TTM,2009-01-01,2009-12-31,,totaloperatingexpenses,depreciationexpense,Depreciation Expense,+,debit,usd,158000000.0
CA Inc,CA,Y7ET3D9SDOFUZ515FE28,0000356028,2010.0,Q3TTM,2009-01-01,2009-12-31,,totaloperatingexpenses,amortizationexpense,Amortization Expense,+,debit,usd,136000000.0
CA Inc,CA,Y7ET3D9SDOFUZ515FE28,0000356028,2010.0,Q3TTM,2009-01-01,2009-12-31,,totaloperatingexpenses,otheroperatingexpenses,Other Operating Expenses / (Income),+,debit,usd,6000000.0
CA Inc,CA,Y7ET3D9SDOFUZ515FE28,0000356028,2010.0,Q3TTM,2009-01-01,2009-12-31,,totaloperatingexpenses,restructuringcharge,Restructuring Charge,+,debit,usd,100000000.0
CA Inc,CA,Y7ET3D9SDOFUZ515FE28,0000356028,2010.0,Q3TTM,2009-01-01,2009-12-31,,totaloperatingincome,totaloperatingexpenses,Total Operating Expenses,-,debit,usd,2544000000.0
CA Inc,CA,Y7ET3D9SDOFUZ515FE28,0000356028,2010.0,Q3TTM,2009-01-01,2009-12-31,,totalpretaxincome,totaloperatingincome,Total Operating Income,+,credit,usd,1195000000.0
CA Inc,CA,Y7ET3D9SDOFUZ515FE28,0000356028,2010.0,Q3TTM,2009-01-01,2009-12-31,,totalotherincome,totalinterestexpense,Interest Expense,-,debit,usd,84000000.0
CA Inc,CA,Y7ET3D9SDOFUZ515FE28,0000356028,2010.0,Q3TTM,2009-01-01,2009-12-31,,totalpretaxincome,totalotherincome,"Total Other Income / (Expense), net",+,credit,usd,-84000000.0
CA Inc,CA,Y7ET3D9SDOFUZ515FE28,0000356028,2010.0,Q3TTM,2009-01-01,2009-12-31,,netincomecontinuing,totalpretaxincome,Total Pre-Tax Income ,+,credit,usd,1111000000.0
CA Inc,CA,Y7ET3D9SDOFUZ515FE28,0000356028,2010.0,Q3TTM,2009-01-01,2009-12-31,,netincomecontinuing,incometaxexpense,Income Tax Expense,-,debit,usd,376000000.0
CA Inc,CA,Y7ET3D9SDOFUZ515FE28,0000356028,2010.0,Q3TTM,2009-01-01,2009-12-31,,netincome,netincomecontinuing,Net Income / (Loss) Continuing Operations,+,credit,usd,735000000.0
CA Inc,CA,Y7ET3D9SDOFUZ515FE28,0000356028,2010.0,Q3TTM,2009-01-01,2009-12-31,,netincometocommon,netincome,Consolidated Net Income / (Loss),+,credit,usd,735000000.0
CA Inc,CA,Y7ET3D9SDOFUZ515FE28,0000356028,2010.0,Q3TTM,2009-01-01,2009-12-31,,,netincometocommon,Net Income / (Loss) Attributable to Common Shareholders,=,credit,usd,735000000.0
CA Inc,CA,Y7ET3D9SDOFUZ515FE28,0000356028,2010.0,Q3TTM,2009-01-01,2009-12-31,,basiceps,weightedavebasicsharesos,Weighted Average Basic Shares Outstanding,/,,shares,515000000.0
CA Inc,CA,Y7ET3D9SDOFUZ515FE28,0000356028,2010.0,Q3TTM,2009-01-01,2009-12-31,,,basiceps,Basic Earnings per Share,=,,usdpershare,1.4
CA Inc,CA,Y7ET3D9SDOFUZ515FE28,0000356028,2010.0,Q3TTM,2009-01-01,2009-12-31,,dilutedeps,weightedavedilutedsharesos,Weighted Average Diluted Shares Outstanding,/,,shares,535000000.0
CA Inc,CA,Y7ET3D9SDOFUZ515FE28,0000356028,2010.0,Q3TTM,2009-01-01,2009-12-31,,,dilutedeps,Diluted Earnings per Share,=,,usdpershare,1.41
CA Inc,CA,Y7ET3D9SDOFUZ515FE28,0000356028,2010.0,Q3TTM,2009-01-01,2009-12-31,,basicdilutedeps,weightedavebasicdilutedsharesos,Weighted Average Basic & Diluted Shares Outstanding,/,,shares,524500000.0
CA Inc,CA,Y7ET3D9SDOFUZ515FE28,0000356028,2010.0,Q3TTM,2009-01-01,2009-12-31,,,basicdilutedeps,Basic & Diluted Earnings per Share,=,,usdpershare,1.38
CA Inc,CA,Y7ET3D9SDOFUZ515FE28,0000356028,2010.0,Q3TTM,2009-01-01,2009-12-31,,,cashdividendspershare,Cash Dividends to Common per Share,=,,usdpershare,0.16
CA Inc,CA,Y7ET3D9SDOFUZ515FE28,0000356028,2010.0,Q2,2009-07-01,2009-09-30,2009-10-23 16:31:46+00:00,totalrevenue,operatingrevenue,Operating Revenue,+,credit,usd,1044000000.0
CA Inc,CA,Y7ET3D9SDOFUZ515FE28,0000356028,2010.0,Q2,2009-07-01,2009-09-30,2009-10-23 16:31:46+00:00,totalrevenue,otherrevenue,Other Revenue,+,credit,usd,28000000.0
CA Inc,CA,Y7ET3D9SDOFUZ515FE28,0000356028,2010.0,Q2,2009-07-01,2009-09-30,2009-10-23 16:31:46+00:00,totalgrossprofit,totalrevenue,Total Revenue,+,credit,usd,1072000000.0
CA Inc,CA,Y7ET3D9SDOFUZ515FE28,0000356028,2010.0,Q2,2009-07-01,2009-09-30,2009-10-23 16:31:46+00:00,totalcostofrevenue,operatingcostofrevenue,Operating Cost of Revenue,+,debit,usd,132000000.0
CA Inc,CA,Y7ET3D9SDOFUZ515FE28,0000356028,2010.0,Q2,2009-07-01,2009-09-30,2009-10-23 16:31:46+00:00,totalgrossprofit,totalcostofrevenue,Total Cost of Revenue,-,debit,usd,132000000.0
CA Inc,CA,Y7ET3D9SDOFUZ515FE28,0000356028,2010.0,Q2,2009-07-01,2009-09-30,2009-10-23 16:31:46+00:00,totaloperatingincome,totalgrossprofit,Total Gross Profit,+,credit,usd,940000000.0
CA Inc,CA,Y7ET3D9SDOFUZ515FE28,0000356028,2010.0,Q2,2009-07-01,2009-09-30,2009-10-23 16:31:46+00:00,totaloperatingexpenses,sgaexpense,"Selling, General & Admin Expense",+,debit,usd,120000000.0
CA Inc,CA,Y7ET3D9SDOFUZ515FE28,0000356028,2010.0,Q2,2009-07-01,2009-09-30,2009-10-23 16:31:46+00:00,totaloperatingexpenses,marketingexpense,Marketing Expense,+,debit,usd,286000000.0
CA Inc,CA,Y7ET3D9SDOFUZ515FE28,0000356028,2010.0,Q2,2009-07-01,2009-09-30,2009-10-23 16:31:46+00:00,totaloperatingexpenses,rdexpense,Research & Development Expense,+,debit,usd,115000000.0
CA Inc,CA,Y7ET3D9SDOFUZ515FE28,0000356028,2010.0,Q2,2009-07-01,2009-09-30,2009-10-23 16:31:46+00:00,totaloperatingexpenses,depreciationexpense,Depreciation Expense,+,debit,usd,39000000.0
CA Inc,CA,Y7ET3D9SDOFUZ515FE28,0000356028,2010.0,Q2,2009-07-01,2009-09-30,2009-10-23 16:31:46+00:00,totaloperatingexpenses,amortizationexpense,Amortization Expense,+,debit,usd,34000000.0
CA Inc,CA,Y7ET3D9SDOFUZ515FE28,0000356028,2010.0,Q2,2009-07-01,2009-09-30,2009-10-23 16:31:46+00:00,totaloperatingexpenses,otheroperatingexpenses,Other Operating Expenses / (Income),+,debit,usd,7000000.0
CA Inc,CA,Y7ET3D9SDOFUZ515FE28,0000356028,2010.0,Q2,2009-07-01,2009-09-30,2009-10-23 16:31:46+00:00,totaloperatingexpenses,restructuringcharge,Restructuring Charge,+,debit,usd,0.0
CA Inc,CA,Y7ET3D9SDOFUZ515FE28,0000356028,2010.0,Q2,2009-07-01,2009-09-30,2009-10-23 16:31:46+00:00,totaloperatingincome,totaloperatingexpenses,Total Operating Expenses,-,debit,usd,601000000.0
CA Inc,CA,Y7ET3D9SDOFUZ515FE28,0000356028,2010.0,Q2,2009-07-01,2009-09-30,2009-10-23 16:31:46+00:00,totalpretaxincome,totaloperatingincome,Total Operating Income,+,credit,usd,339000000.0
CA Inc,CA,Y7ET3D9SDOFUZ515FE28,0000356028,2010.0,Q2,2009-07-01,2009-09-30,2009-10-23 16:31:46+00:00,totalotherincome,totalinterestexpense,Interest Expense,-,debit,usd,22000000.0
CA Inc,CA,Y7ET3D9SDOFUZ515FE28,0000356028,2010.0,Q2,2009-07-01,2009-09-30,2009-10-23 16:31:46+00:00,totalpretaxincome,totalotherincome,"Total Other Income / (Expense), net",+,credit,usd,-22000000.0
CA Inc,CA,Y7ET3D9SDOFUZ515FE28,0000356028,2010.0,Q2,2009-07-01,2009-09-30,2009-10-23 16:31:46+00:00,netincomecontinuing,totalpretaxincome,Total Pre-Tax Income ,+,credit,usd,317000000.0
CA Inc,CA,Y7ET3D9SDOFUZ515FE28,0000356028,2010.0,Q2,2009-07-01,2009-09-30,2009-10-23 16:31:46+00:00,netincomecontinuing,incometaxexpense,Income Tax Expense,-,debit,usd,99000000.0
CA Inc,CA,Y7ET3D9SDOFUZ515FE28,0000356028,2010.0,Q2,2009-07-01,2009-09-30,2009-10-23 16:31:46+00:00,netincome,netincomecontinuing,Net Income / (Loss) Continuing Operations,+,credit,usd,218000000.0
CA Inc,CA,Y7ET3D9SDOFUZ515FE28,0000356028,2010.0,Q2,2009-07-01,2009-09-30,2009-10-23 16:31:46+00:00,netincometocommon,netincome,Consolidated Net Income / (Loss),+,credit,usd,218000000.0
CA Inc,CA,Y7ET3D9SDOFUZ515FE28,0000356028,2010.0,Q2,2009-07-01,2009-09-30,2009-10-23 16:31:46+00:00,,netincometocommon,Net Income / (Loss) Attributable to Common Shareholders,=,credit,usd,218000000.0
CA Inc,CA,Y7ET3D9SDOFUZ515FE28,0000356028,2010.0,Q2,2009-07-01,2009-09-30,2009-10-23 16:31:46+00:00,basiceps,weightedavebasicsharesos,Weighted Average Basic Shares Outstanding,/,,shares,518000000.0
CA Inc,CA,Y7ET3D9SDOFUZ515FE28,0000356028,2010.0,Q2,2009-07-01,2009-09-30,2009-10-23 16:31:46+00:00,,basiceps,Basic Earnings per Share,=,,usdpershare,0.42
CA Inc,CA,Y7ET3D9SDOFUZ515FE28,0000356028,2010.0,Q2,2009-07-01,2009-09-30,2009-10-23 16:31:46+00:00,dilutedeps,weightedavedilutedsharesos,Weighted Average Diluted Shares Outstanding,/,,shares,542000000.0
CA Inc,CA,Y7ET3D9SDOFUZ515FE28,0000356028,2010.0,Q2,2009-07-01,2009-09-30,2009-10-23 16:31:46+00:00,,dilutedeps,Diluted Earnings per Share,=,,usdpershare,0.41
CA Inc,CA,Y7ET3D9SDOFUZ515FE28,0000356028,2010.0,Q2YTD,2009-04-01,2009-09-30,,totalrevenue,operatingrevenue,Operating Revenue,+,credit,usd,2061000000.0
CA Inc,CA,Y7ET3D9SDOFUZ515FE28,0000356028,2010.0,Q2YTD,2009-04-01,2009-09-30,,totalrevenue,otherrevenue,Other Revenue,+,credit,usd,61000000.0
CA Inc,CA,Y7ET3D9SDOFUZ515FE28,0000356028,2010.0,Q2YTD,2009-04-01,2009-09-30,,totalgrossprofit,totalrevenue,Total Revenue,+,credit,usd,2122000000.0
CA Inc,CA,Y7ET3D9SDOFUZ515FE28,0000356028,2010.0,Q2YTD,2009-04-01,2009-09-30,,totalcostofrevenue,operatingcostofrevenue,Operating Cost of Revenue,+,debit,usd,265000000.0
CA Inc,CA,Y7ET3D9SDOFUZ515FE28,0000356028,2010.0,Q2YTD,2009-04-01,2009-09-30,,totalgrossprofit,totalcostofrevenue,Total Cost of Revenue,-,debit,usd,265000000.0
CA Inc,CA,Y7ET3D9SDOFUZ515FE28,0000356028,2010.0,Q2YTD,2009-04-01,2009-09-30,,totaloperatingincome,totalgrossprofit,Total Gross Profit,+,credit,usd,1857000000.0
CA Inc,CA,Y7ET3D9SDOFUZ515FE28,0000356028,2010.0,Q2YTD,2009-04-01,2009-09-30,,totaloperatingexpenses,sgaexpense,"Selling, General & Admin Expense",+,debit,usd,230000000.0
CA Inc,CA,Y7ET3D9SDOFUZ515FE28,0000356028,2010.0,Q2YTD,2009-04-01,2009-09-30,,totaloperatingexpenses,marketingexpense,Marketing Expense,+,debit,usd,567000000.0
CA Inc,CA,Y7ET3D9SDOFUZ515FE28,0000356028,2010.0,Q2YTD,2009-04-01,2009-09-30,,totaloperatingexpenses,rdexpense,Research & Development Expense,+,debit,usd,234000000.0
CA Inc,CA,Y7ET3D9SDOFUZ515FE28,0000356028,2010.0,Q2YTD,2009-04-01,2009-09-30,,totaloperatingexpenses,depreciationexpense,Depreciation Expense,+,debit,usd,78000000.0
CA Inc,CA,Y7ET3D9SDOFUZ515FE28,0000356028,2010.0,Q2YTD,2009-04-01,2009-09-30,,totaloperatingexpenses,amortizationexpense,Amortization Expense,+,debit,usd,68000000.0
CA Inc,CA,Y7ET3D9SDOFUZ515FE28,0000356028,2010.0,Q2YTD,2009-04-01,2009-09-30,,totaloperatingexpenses,otheroperatingexpenses,Other Operating Expenses / (Income),+,debit,usd,14000000.0
CA Inc,CA,Y7ET3D9SDOFUZ515FE28,0000356028,2010.0,Q2YTD,2009-04-01,2009-09-30,,totaloperatingexpenses,restructuringcharge,Restructuring Charge,+,debit,usd,2000000.0
CA Inc,CA,Y7ET3D9SDOFUZ515FE28,0000356028,2010.0,Q2YTD,2009-04-01,2009-09-30,,totaloperatingincome,totaloperatingexpenses,Total Operating Expenses,-,debit,usd,1193000000.0
CA Inc,CA,Y7ET3D9SDOFUZ515FE28,0000356028,2010.0,Q2YTD,2009-04-01,2009-09-30,,totalpretaxincome,totaloperatingincome,Total Operating Income,+,credit,usd,664000000.0
CA Inc,CA,Y7ET3D9SDOFUZ515FE28,0000356028,2010.0,Q2YTD,2009-04-01,2009-09-30,,totalotherincome,totalinterestexpense,Interest Expense,-,debit,usd,39000000.0
CA Inc,CA,Y7ET3D9SDOFUZ515FE28,0000356028,2010.0,Q2YTD,2009-04-01,2009-09-30,,totalpretaxincome,totalotherincome,"Total Other Income / (Expense), net",+,credit,usd,-39000000.0
CA Inc,CA,Y7ET3D9SDOFUZ515FE28,0000356028,2010.0,Q2YTD,2009-04-01,2009-09-30,,netincomecontinuing,totalpretaxincome,Total Pre-Tax Income ,+,credit,usd,625000000.0
CA Inc,CA,Y7ET3D9SDOFUZ515FE28,0000356028,2010.0,Q2YTD,2009-04-01,2009-09-30,,netincomecontinuing,incometaxexpense,Income Tax Expense,-,debit,usd,212000000.0
CA Inc,CA,Y7ET3D9SDOFUZ515FE28,0000356028,2010.0,Q2YTD,2009-04-01,2009-09-30,,netincome,netincomecontinuing,Net Income / (Loss) Continuing Operations,+,credit,usd,413000000.0
CA Inc,CA,Y7ET3D9SDOFUZ515FE28,0000356028,2010.0,Q2YTD,2009-04-01,2009-09-30,,netincometocommon,netincome,Consolidated Net Income / (Loss),+,credit,usd,413000000.0
CA Inc,CA,Y7ET3D9SDOFUZ515FE28,0000356028,2010.0,Q2YTD,2009-04-01,2009-09-30,,,netincometocommon,Net Income / (Loss) Attributable to Common Shareholders,=,credit,usd,413000000.0
CA Inc,CA,Y7ET3D9SDOFUZ515FE28,0000356028,2010.0,Q2YTD,2009-04-01,2009-09-30,,basiceps,weightedavebasicsharesos,Weighted Average Basic Shares Outstanding,/,,shares,518000000.0
CA Inc,CA,Y7ET3D9SDOFUZ515FE28,0000356028,2010.0,Q2YTD,2009-04-01,2009-09-30,,,basiceps,Basic Earnings per Share,=,,usdpershare,0.79
CA Inc,CA,Y7ET3D9SDOFUZ515FE28,0000356028,2010.0,Q2YTD,2009-04-01,2009-09-30,,dilutedeps,weightedavedilutedsharesos,Weighted Average Diluted Shares Outstanding,/,,shares,542000000.0
CA Inc,CA,Y7ET3D9SDOFUZ515FE28,0000356028,2010.0,Q2YTD,2009-04-01,2009-09-30,,,dilutedeps,Diluted Earnings per Share,=,,usdpershare,0.78
CA Inc,CA,Y7ET3D9SDOFUZ515FE28,0000356028,2010.0,Q2TTM,2008-10-01,2009-09-30,,totalrevenue,operatingrevenue,Operating Revenue,+,credit,usd,4064000000.0
CA Inc,CA,Y7ET3D9SDOFUZ515FE28,0000356028,2010.0,Q2TTM,2008-10-01,2009-09-30,,totalrevenue,otherrevenue,Other Revenue,+,credit,usd,135000000.0
CA Inc,CA,Y7ET3D9SDOFUZ515FE28,0000356028,2010.0,Q2TTM,2008-10-01,2009-09-30,,totalgrossprofit,totalrevenue,Total Revenue,+,credit,usd,4199000000.0
CA Inc,CA,Y7ET3D9SDOFUZ515FE28,0000356028,2010.0,Q2TTM,2008-10-01,2009-09-30,,totalcostofrevenue,operatingcostofrevenue,Operating Cost of Revenue,+,debit,usd,552000000.0
CA Inc,CA,Y7ET3D9SDOFUZ515FE28,0000356028,2010.0,Q2TTM,2008-10-01,2009-09-30,,totalgrossprofit,totalcostofrevenue,Total Cost of Revenue,-,debit,usd,552000000.0
CA Inc,CA,Y7ET3D9SDOFUZ515FE28,0000356028,2010.0,Q2TTM,2008-10-01,2009-09-30,,totaloperatingincome,totalgrossprofit,Total Gross Profit,+,credit,usd,3647000000.0
CA Inc,CA,Y7ET3D9SDOFUZ515FE28,0000356028,2010.0,Q2TTM,2008-10-01,2009-09-30,,totaloperatingexpenses,sgaexpense,"Selling, General & Admin Expense",+,debit,usd,462000000.0
CA Inc,CA,Y7ET3D9SDOFUZ515FE28,0000356028,2010.0,Q2TTM,2008-10-01,2009-09-30,,totaloperatingexpenses,marketingexpense,Marketing Expense,+,debit,usd,1173000000.0
CA Inc,CA,Y7ET3D9SDOFUZ515FE28,0000356028,2010.0,Q2TTM,2008-10-01,2009-09-30,,totaloperatingexpenses,rdexpense,Research & Development Expense,+,debit,usd,477000000.0
CA Inc,CA,Y7ET3D9SDOFUZ515FE28,0000356028,2010.0,Q2TTM,2008-10-01,2009-09-30,,totaloperatingexpenses,depreciationexpense,Depreciation Expense,+,debit,usd,154000000.0
CA Inc,CA,Y7ET3D9SDOFUZ515FE28,0000356028,2010.0,Q2TTM,2008-10-01,2009-09-30,,totaloperatingexpenses,amortizationexpense,Amortization Expense,+,debit,usd,133000000.0
CA Inc,CA,Y7ET3D9SDOFUZ515FE28,0000356028,2010.0,Q2TTM,2008-10-01,2009-09-30,,totaloperatingexpenses,otheroperatingexpenses,Other Operating Expenses / (Income),+,debit,usd,-5000000.0
CA Inc,CA,Y7ET3D9SDOFUZ515FE28,0000356028,2010.0,Q2TTM,2008-10-01,2009-09-30,,totaloperatingexpenses,restructuringcharge,Restructuring Charge,+,debit,usd,100000000.0
CA Inc,CA,Y7ET3D9SDOFUZ515FE28,0000356028,2010.0,Q2TTM,2008-10-01,2009-09-30,,totaloperatingincome,totaloperatingexpenses,Total Operating Expenses,-,debit,usd,2494000000.0
CA Inc,CA,Y7ET3D9SDOFUZ515FE28,0000356028,2010.0,Q2TTM,2008-10-01,2009-09-30,,totalpretaxincome,totaloperatingincome,Total Operating Income,+,credit,usd,1153000000.0
CA Inc,CA,Y7ET3D9SDOFUZ515FE28,0000356028,2010.0,Q2TTM,2008-10-01,2009-09-30,,totalotherincome,totalinterestexpense,Interest Expense,-,debit,usd,77000000.0
CA Inc,CA,Y7ET3D9SDOFUZ515FE28,0000356028,2010.0,Q2TTM,2008-10-01,2009-09-30,,totalpretaxincome,totalotherincome,"Total Other Income / (Expense), net",+,credit,usd,-77000000.0
CA Inc,CA,Y7ET3D9SDOFUZ515FE28,0000356028,2010.0,Q2TTM,2008-10-01,2009-09-30,,netincomecontinuing,totalpretaxincome,Total Pre-Tax Income ,+,credit,usd,1076000000.0
CA Inc,CA,Y7ET3D9SDOFUZ515FE28,0000356028,2010.0,Q2TTM,2008-10-01,2009-09-30,,netincomecontinuing,incometaxexpense,Income Tax Expense,-,debit,usd,390000000.0
CA Inc,CA,Y7ET3D9SDOFUZ515FE28,0000356028,2010.0,Q2TTM,2008-10-01,2009-09-30,,netincome,netincomecontinuing,Net Income / (Loss) Continuing Operations,+,credit,usd,686000000.0
CA Inc,CA,Y7ET3D9SDOFUZ515FE28,0000356028,2010.0,Q2TTM,2008-10-01,2009-09-30,,netincometocommon,netincome,Consolidated Net Income / (Loss),+,credit,usd,686000000.0
CA Inc,CA,Y7ET3D9SDOFUZ515FE28,0000356028,2010.0,Q2TTM,2008-10-01,2009-09-30,,,netincometocommon,Net Income / (Loss) Attributable to Common Shareholders,=,credit,usd,686000000.0
CA Inc,CA,Y7ET3D9SDOFUZ515FE28,0000356028,2010.0,Q2TTM,2008-10-01,2009-09-30,,basiceps,weightedavebasicsharesos,Weighted Average Basic Shares Outstanding,/,,shares,518000000.0
CA Inc,CA,Y7ET3D9SDOFUZ515FE28,0000356028,2010.0,Q2TTM,2008-10-01,2009-09-30,,,basiceps,Basic Earnings per Share,=,,usdpershare,1.31
CA Inc,CA,Y7ET3D9SDOFUZ515FE28,0000356028,2010.0,Q2TTM,2008-10-01,2009-09-30,,dilutedeps,weightedavedilutedsharesos,Weighted Average Diluted Shares Outstanding,/,,shares,542000000.0
CA Inc,CA,Y7ET3D9SDOFUZ515FE28,0000356028,2010.0,Q2TTM,2008-10-01,2009-09-30,,,dilutedeps,Diluted Earnings per Share,=,,usdpershare,1.31
CA Inc,CA,Y7ET3D9SDOFUZ515FE28,0000356028,2010.0,Q2TTM,2008-10-01,2009-09-30,,,basicdilutedeps,Basic & Diluted Earnings per Share,=,,usdpershare,1.29
CA Inc,CA,Y7ET3D9SDOFUZ515FE28,0000356028,2010.0,Q2TTM,2008-10-01,2009-09-30,,,cashdividendspershare,Cash Dividends to Common per Share,=,,usdpershare,0.16
CA Inc,CA,Y7ET3D9SDOFUZ515FE28,0000356028,2010.0,Q1,2009-04-01,2009-06-30,2009-07-30 16:18:29+00:00,totalrevenue,operatingrevenue,Operating Revenue,+,credit,usd,1017000000.0
CA Inc,CA,Y7ET3D9SDOFUZ515FE28,0000356028,2010.0,Q1,2009-04-01,2009-06-30,2009-07-30 16:18:29+00:00,totalrevenue,otherrevenue,Other Revenue,+,credit,usd,33000000.0
CA Inc,CA,Y7ET3D9SDOFUZ515FE28,0000356028,2010.0,Q1,2009-04-01,2009-06-30,2009-07-30 16:18:29+00:00,totalgrossprofit,totalrevenue,Total Revenue,+,credit,usd,1050000000.0
CA Inc,CA,Y7ET3D9SDOFUZ515FE28,0000356028,2010.0,Q1,2009-04-01,2009-06-30,2009-07-30 16:18:29+00:00,totalcostofrevenue,operatingcostofrevenue,Operating Cost of Revenue,+,debit,usd,133000000.0
CA Inc,CA,Y7ET3D9SDOFUZ515FE28,0000356028,2010.0,Q1,2009-04-01,2009-06-30,2009-07-30 16:18:29+00:00,totalgrossprofit,totalcostofrevenue,Total Cost of Revenue,-,debit,usd,133000000.0
CA Inc,CA,Y7ET3D9SDOFUZ515FE28,0000356028,2010.0,Q1,2009-04-01,2009-06-30,2009-07-30 16:18:29+00:00,totaloperatingincome,totalgrossprofit,Total Gross Profit,+,credit,usd,917000000.0
CA Inc,CA,Y7ET3D9SDOFUZ515FE28,0000356028,2010.0,Q1,2009-04-01,2009-06-30,2009-07-30 16:18:29+00:00,totaloperatingexpenses,sgaexpense,"Selling, General & Admin Expense",+,debit,usd,110000000.0
CA Inc,CA,Y7ET3D9SDOFUZ515FE28,0000356028,2010.0,Q1,2009-04-01,2009-06-30,2009-07-30 16:18:29+00:00,totaloperatingexpenses,marketingexpense,Marketing Expense,+,debit,usd,281000000.0
CA Inc,CA,Y7ET3D9SDOFUZ515FE28,0000356028,2010.0,Q1,2009-04-01,2009-06-30,2009-07-30 16:18:29+00:00,totaloperatingexpenses,rdexpense,Research & Development Expense,+,debit,usd,119000000.0
CA Inc,CA,Y7ET3D9SDOFUZ515FE28,0000356028,2010.0,Q1,2009-04-01,2009-06-30,2009-07-30 16:18:29+00:00,totaloperatingexpenses,depreciationexpense,Depreciation Expense,+,debit,usd,39000000.0
CA Inc,CA,Y7ET3D9SDOFUZ515FE28,0000356028,2010.0,Q1,2009-04-01,2009-06-30,2009-07-30 16:18:29+00:00,totaloperatingexpenses,amortizationexpense,Amortization Expense,+,debit,usd,34000000.0
CA Inc,CA,Y7ET3D9SDOFUZ515FE28,0000356028,2010.0,Q1,2009-04-01,2009-06-30,2009-07-30 16:18:29+00:00,totaloperatingexpenses,otheroperatingexpenses,Other Operating Expenses / (Income),+,debit,usd,7000000.0
CA Inc,CA,Y7ET3D9SDOFUZ515FE28,0000356028,2010.0,Q1,2009-04-01,2009-06-30,2009-07-30 16:18:29+00:00,totaloperatingexpenses,restructuringcharge,Restructuring Charge,+,debit,usd,2000000.0
CA Inc,CA,Y7ET3D9SDOFUZ515FE28,0000356028,2010.0,Q1,2009-04-01,2009-06-30,2009-07-30 16:18:29+00:00,totaloperatingincome,totaloperatingexpenses,Total Operating Expenses,-,debit,usd,592000000.0
CA Inc,CA,Y7ET3D9SDOFUZ515FE28,0000356028,2010.0,Q1,2009-04-01,2009-06-30,2009-07-30 16:18:29+00:00,totalpretaxincome,totaloperatingincome,Total Operating Income,+,credit,usd,325000000.0
CA Inc,CA,Y7ET3D9SDOFUZ515FE28,0000356028,2010.0,Q1,2009-04-01,2009-06-30,2009-07-30 16:18:29+00:00,totalotherincome,totalinterestexpense,Interest Expense,-,debit,usd,17000000.0
CA Inc,CA,Y7ET3D9SDOFUZ515FE28,0000356028,2010.0,Q1,2009-04-01,2009-06-30,2009-07-30 16:18:29+00:00,totalpretaxincome,totalotherincome,"Total Other Income / (Expense), net",+,credit,usd,-17000000.0
CA Inc,CA,Y7ET3D9SDOFUZ515FE28,0000356028,2010.0,Q1,2009-04-01,2009-06-30,2009-07-30 16:18:29+00:00,netincomecontinuing,totalpretaxincome,Total Pre-Tax Income ,+,credit,usd,308000000.0
CA Inc,CA,Y7ET3D9SDOFUZ515FE28,0000356028,2010.0,Q1,2009-04-01,2009-06-30,2009-07-30 16:18:29+00:00,netincomecontinuing,incometaxexpense,Income Tax Expense,-,debit,usd,113000000.0
CA Inc,CA,Y7ET3D9SDOFUZ515FE28,0000356028,2010.0,Q1,2009-04-01,2009-06-30,2009-07-30 16:18:29+00:00,netincome,netincomecontinuing,Net Income / (Loss) Continuing Operations,+,credit,usd,195000000.0
CA Inc,CA,Y7ET3D9SDOFUZ515FE28,0000356028,2010.0,Q1,2009-04-01,2009-06-30,2009-07-30 16:18:29+00:00,netincometocommon,netincome,Consolidated Net Income / (Loss),+,credit,usd,195000000.0
CA Inc,CA,Y7ET3D9SDOFUZ515FE28,0000356028,2010.0,Q1,2009-04-01,2009-06-30,2009-07-30 16:18:29+00:00,,netincometocommon,Net Income / (Loss) Attributable to Common Shareholders,=,credit,usd,195000000.0
CA Inc,CA,Y7ET3D9SDOFUZ515FE28,0000356028,2010.0,Q1,2009-04-01,2009-06-30,2009-07-30 16:18:29+00:00,basiceps,weightedavebasicsharesos,Weighted Average Basic Shares Outstanding,/,,shares,516000000.0
CA Inc,CA,Y7ET3D9SDOFUZ515FE28,0000356028,2010.0,Q1,2009-04-01,2009-06-30,2009-07-30 16:18:29+00:00,,basiceps,Basic Earnings per Share,=,,usdpershare,0.37
CA Inc,CA,Y7ET3D9SDOFUZ515FE28,0000356028,2010.0,Q1,2009-04-01,2009-06-30,2009-07-30 16:18:29+00:00,dilutedeps,weightedavedilutedsharesos,Weighted Average Diluted Shares Outstanding,/,,shares,540000000.0
CA Inc,CA,Y7ET3D9SDOFUZ515FE28,0000356028,2010.0,Q1,2009-04-01,2009-06-30,2009-07-30 16:18:29+00:00,,dilutedeps,Diluted Earnings per Share,=,,usdpershare,0.37
CA Inc,CA,Y7ET3D9SDOFUZ515FE28,0000356028,2010.0,Q1TTM,2008-07-01,2009-06-30,,totalrevenue,operatingrevenue,Operating Revenue,+,credit,usd,4089000000.0
CA Inc,CA,Y7ET3D9SDOFUZ515FE28,0000356028,2010.0,Q1TTM,2008-07-01,2009-06-30,,totalrevenue,otherrevenue,Other Revenue,+,credit,usd,145000000.0
CA Inc,CA,Y7ET3D9SDOFUZ515FE28,0000356028,2010.0,Q1TTM,2008-07-01,2009-06-30,,totalgrossprofit,totalrevenue,Total Revenue,+,credit,usd,4234000000.0
CA Inc,CA,Y7ET3D9SDOFUZ515FE28,0000356028,2010.0,Q1TTM,2008-07-01,2009-06-30,,totalcostofrevenue,operatingcostofrevenue,Operating Cost of Revenue,+,debit,usd,584000000.0
CA Inc,CA,Y7ET3D9SDOFUZ515FE28,0000356028,2010.0,Q1TTM,2008-07-01,2009-06-30,,totalgrossprofit,totalcostofrevenue,Total Cost of Revenue,-,debit,usd,584000000.0
CA Inc,CA,Y7ET3D9SDOFUZ515FE28,0000356028,2010.0,Q1TTM,2008-07-01,2009-06-30,,totaloperatingincome,totalgrossprofit,Total Gross Profit,+,credit,usd,3650000000.0
CA Inc,CA,Y7ET3D9SDOFUZ515FE28,0000356028,2010.0,Q1TTM,2008-07-01,2009-06-30,,totaloperatingexpenses,sgaexpense,"Selling, General & Admin Expense",+,debit,usd,452000000.0
CA Inc,CA,Y7ET3D9SDOFUZ515FE28,0000356028,2010.0,Q1TTM,2008-07-01,2009-06-30,,totaloperatingexpenses,marketingexpense,Marketing Expense,+,debit,usd,1198000000.0
CA Inc,CA,Y7ET3D9SDOFUZ515FE28,0000356028,2010.0,Q1TTM,2008-07-01,2009-06-30,,totaloperatingexpenses,rdexpense,Research & Development Expense,+,debit,usd,482000000.0
CA Inc,CA,Y7ET3D9SDOFUZ515FE28,0000356028,2010.0,Q1TTM,2008-07-01,2009-06-30,,totaloperatingexpenses,depreciationexpense,Depreciation Expense,+,debit,usd,152000000.0
CA Inc,CA,Y7ET3D9SDOFUZ515FE28,0000356028,2010.0,Q1TTM,2008-07-01,2009-06-30,,totaloperatingexpenses,amortizationexpense,Amortization Expense,+,debit,usd,128000000.0
CA Inc,CA,Y7ET3D9SDOFUZ515FE28,0000356028,2010.0,Q1TTM,2008-07-01,2009-06-30,,totaloperatingexpenses,otheroperatingexpenses,Other Operating Expenses / (Income),+,debit,usd,-6000000.0
CA Inc,CA,Y7ET3D9SDOFUZ515FE28,0000356028,2010.0,Q1TTM,2008-07-01,2009-06-30,,totaloperatingexpenses,restructuringcharge,Restructuring Charge,+,debit,usd,100000000.0
CA Inc,CA,Y7ET3D9SDOFUZ515FE28,0000356028,2010.0,Q1TTM,2008-07-01,2009-06-30,,totaloperatingincome,totaloperatingexpenses,Total Operating Expenses,-,debit,usd,2506000000.0
CA Inc,CA,Y7ET3D9SDOFUZ515FE28,0000356028,2010.0,Q1TTM,2008-07-01,2009-06-30,,totalpretaxincome,totaloperatingincome,Total Operating Income,+,credit,usd,1144000000.0
CA Inc,CA,Y7ET3D9SDOFUZ515FE28,0000356028,2010.0,Q1TTM,2008-07-01,2009-06-30,,totalotherincome,totalinterestexpense,Interest Expense,-,debit,usd,68000000.0
CA Inc,CA,Y7ET3D9SDOFUZ515FE28,0000356028,2010.0,Q1TTM,2008-07-01,2009-06-30,,totalpretaxincome,totalotherincome,"Total Other Income / (Expense), net",+,credit,usd,-68000000.0
CA Inc,CA,Y7ET3D9SDOFUZ515FE28,0000356028,2010.0,Q1TTM,2008-07-01,2009-06-30,,netincomecontinuing,totalpretaxincome,Total Pre-Tax Income ,+,credit,usd,1076000000.0
CA Inc,CA,Y7ET3D9SDOFUZ515FE28,0000356028,2010.0,Q1TTM,2008-07-01,2009-06-30,,netincomecontinuing,incometaxexpense,Income Tax Expense,-,debit,usd,406000000.0
CA Inc,CA,Y7ET3D9SDOFUZ515FE28,0000356028,2010.0,Q1TTM,2008-07-01,2009-06-30,,netincome,netincomecontinuing,Net Income / (Loss) Continuing Operations,+,credit,usd,670000000.0
CA Inc,CA,Y7ET3D9SDOFUZ515FE28,0000356028,2010.0,Q1TTM,2008-07-01,2009-06-30,,netincometocommon,netincome,Consolidated Net Income / (Loss),+,credit,usd,670000000.0
CA Inc,CA,Y7ET3D9SDOFUZ515FE28,0000356028,2010.0,Q1TTM,2008-07-01,2009-06-30,,,netincometocommon,Net Income / (Loss) Attributable to Common Shareholders,=,credit,usd,670000000.0
CA Inc,CA,Y7ET3D9SDOFUZ515FE28,0000356028,2010.0,Q1TTM,2008-07-01,2009-06-30,,basiceps,weightedavebasicsharesos,Weighted Average Basic Shares Outstanding,/,,shares,516000000.0
CA Inc,CA,Y7ET3D9SDOFUZ515FE28,0000356028,2010.0,Q1TTM,2008-07-01,2009-06-30,,,basiceps,Basic Earnings per Share,=,,usdpershare,1.28
CA Inc,CA,Y7ET3D9SDOFUZ515FE28,0000356028,2010.0,Q1TTM,2008-07-01,2009-06-30,,dilutedeps,weightedavedilutedsharesos,Weighted Average Diluted Shares Outstanding,/,,shares,540000000.0
CA Inc,CA,Y7ET3D9SDOFUZ515FE28,0000356028,2010.0,Q1TTM,2008-07-01,2009-06-30,,,dilutedeps,Diluted Earnings per Share,=,,usdpershare,1.29
CA Inc,CA,Y7ET3D9SDOFUZ515FE28,0000356028,2010.0,Q1TTM,2008-07-01,2009-06-30,,,basicdilutedeps,Basic & Diluted Earnings per Share,=,,usdpershare,1.29
CA Inc,CA,Y7ET3D9SDOFUZ515FE28,0000356028,2010.0,Q1TTM,2008-07-01,2009-06-30,,,cashdividendspershare,Cash Dividends to Common per Share,=,,usdpershare,0.16
CA Inc,CA,Y7ET3D9SDOFUZ515FE28,0000356028,2011.0,Q4,2011-01-01,2011-03-31,,totalrevenue,operatingrevenue,Operating Revenue,+,credit,usd,987000000.0
CA Inc,CA,Y7ET3D9SDOFUZ515FE28,0000356028,2011.0,Q4,2011-01-01,2011-03-31,,totalrevenue,otherrevenue,Other Revenue,+,credit,usd,76000000.0
CA Inc,CA,Y7ET3D9SDOFUZ515FE28,0000356028,2011.0,Q4,2011-01-01,2011-03-31,,totalgrossprofit,totalrevenue,Total Revenue,+,credit,usd,1063000000.0
CA Inc,CA,Y7ET3D9SDOFUZ515FE28,0000356028,2011.0,Q4,2011-01-01,2011-03-31,,totalcostofrevenue,operatingcostofrevenue,Operating Cost of Revenue,+,debit,usd,125000000.0
CA Inc,CA,Y7ET3D9SDOFUZ515FE28,0000356028,2011.0,Q4,2011-01-01,2011-03-31,,totalgrossprofit,totalcostofrevenue,Total Cost of Revenue,-,debit,usd,125000000.0
CA Inc,CA,Y7ET3D9SDOFUZ515FE28,0000356028,2011.0,Q4,2011-01-01,2011-03-31,,totaloperatingincome,totalgrossprofit,Total Gross Profit,+,credit,usd,938000000.0
CA Inc,CA,Y7ET3D9SDOFUZ515FE28,0000356028,2011.0,Q4,2011-01-01,2011-03-31,,totaloperatingexpenses,sgaexpense,"Selling, General & Admin Expense",+,debit,usd,107000000.0
CA Inc,CA,Y7ET3D9SDOFUZ515FE28,0000356028,2011.0,Q4,2011-01-01,2011-03-31,,totaloperatingexpenses,marketingexpense,Marketing Expense,+,debit,usd,331000000.0
CA Inc,CA,Y7ET3D9SDOFUZ515FE28,0000356028,2011.0,Q4,2011-01-01,2011-03-31,,totaloperatingexpenses,rdexpense,Research & Development Expense,+,debit,usd,108000000.0
CA Inc,CA,Y7ET3D9SDOFUZ515FE28,0000356028,2011.0,Q4,2011-01-01,2011-03-31,,totaloperatingexpenses,depreciationexpense,Depreciation Expense,+,debit,usd,51000000.0
CA Inc,CA,Y7ET3D9SDOFUZ515FE28,0000356028,2011.0,Q4,2011-01-01,2011-03-31,,totaloperatingexpenses,amortizationexpense,Amortization Expense,+,debit,usd,47000000.0
CA Inc,CA,Y7ET3D9SDOFUZ515FE28,0000356028,2011.0,Q4,2011-01-01,2011-03-31,,totaloperatingexpenses,otheroperatingexpenses,Other Operating Expenses / (Income),+,debit,usd,-9000000.0
CA Inc,CA,Y7ET3D9SDOFUZ515FE28,0000356028,2011.0,Q4,2011-01-01,2011-03-31,,totaloperatingexpenses,restructuringcharge,Restructuring Charge,+,debit,usd,11000000.0
CA Inc,CA,Y7ET3D9SDOFUZ515FE28,0000356028,2011.0,Q4,2011-01-01,2011-03-31,,totaloperatingexpenses,otherspecialcharges,Other Special Charges / (Income),+,debit,usd,7000000.0
CA Inc,CA,Y7ET3D9SDOFUZ515FE28,0000356028,2011.0,Q4,2011-01-01,2011-03-31,,totaloperatingincome,totaloperatingexpenses,Total Operating Expenses,-,debit,usd,653000000.0
CA Inc,CA,Y7ET3D9SDOFUZ515FE28,0000356028,2011.0,Q4,2011-01-01,2011-03-31,,totalpretaxincome,totaloperatingincome,Total Operating Income,+,credit,usd,285000000.0
CA Inc,CA,Y7ET3D9SDOFUZ515FE28,0000356028,2011.0,Q4,2011-01-01,2011-03-31,,totalotherincome,totalinterestexpense,Interest Expense,-,debit,usd,10000000.0
CA Inc,CA,Y7ET3D9SDOFUZ515FE28,0000356028,2011.0,Q4,2011-01-01,2011-03-31,,totalpretaxincome,totalotherincome,"Total Other Income / (Expense), net",+,credit,usd,-10000000.0
CA Inc,CA,Y7ET3D9SDOFUZ515FE28,0000356028,2011.0,Q4,2011-01-01,2011-03-31,,netincomecontinuing,totalpretaxincome,Total Pre-Tax Income ,+,credit,usd,275000000.0
CA Inc,CA,Y7ET3D9SDOFUZ515FE28,0000356028,2011.0,Q4,2011-01-01,2011-03-31,,netincomecontinuing,incometaxexpense,Income Tax Expense,-,debit,usd,97000000.0
CA Inc,CA,Y7ET3D9SDOFUZ515FE28,0000356028,2011.0,Q4,2011-01-01,2011-03-31,,netincome,netincomecontinuing,Net Income / (Loss) Continuing Operations,+,credit,usd,178000000.0
CA Inc,CA,Y7ET3D9SDOFUZ515FE28,0000356028,2011.0,Q4,2011-01-01,2011-03-31,,netincome,netincomediscontinued,Net Income / (Loss) Discontinued Operations,+,credit,usd,4000000.0
CA Inc,CA,Y7ET3D9SDOFUZ515FE28,0000356028,2011.0,Q4,2011-01-01,2011-03-31,,netincome,otheradjustmentstoconsolidatednetincome,Other Adjustments to Consolidated Net Income / (Loss),+,credit,usd,6000000.0
CA Inc,CA,Y7ET3D9SDOFUZ515FE28,0000356028,2011.0,Q4,2011-01-01,2011-03-31,,netincometocommon,netincome,Consolidated Net Income / (Loss),+,credit,usd,188000000.0
CA Inc,CA,Y7ET3D9SDOFUZ515FE28,0000356028,2011.0,Q4,2011-01-01,2011-03-31,,,netincometocommon,Net Income / (Loss) Attributable to Common Shareholders,=,credit,usd,188000000.0
CA Inc,CA,Y7ET3D9SDOFUZ515FE28,0000356028,2011.0,Q4,2011-01-01,2011-03-31,,basiceps,weightedavebasicsharesos,Weighted Average Basic Shares Outstanding,/,,shares,506000000.0
CA Inc,CA,Y7ET3D9SDOFUZ515FE28,0000356028,2011.0,Q4,2011-01-01,2011-03-31,,,basiceps,Basic Earnings per Share,=,,usdpershare,0.37
CA Inc,CA,Y7ET3D9SDOFUZ515FE28,0000356028,2011.0,Q4,2011-01-01,2011-03-31,,dilutedeps,weightedavedilutedsharesos,Weighted Average Diluted Shares Outstanding,/,,shares,507000000.0
CA Inc,CA,Y7ET3D9SDOFUZ515FE28,0000356028,2011.0,Q4,2011-01-01,2011-03-31,,,dilutedeps,Diluted Earnings per Share,=,,usdpershare,0.37
CA Inc,CA,Y7ET3D9SDOFUZ515FE28,0000356028,2011.0,Q4,2011-01-01,2011-03-31,,basicdilutedeps,weightedavebasicdilutedsharesos,Weighted Average Basic & Diluted Shares Outstanding,/,,shares,513700000.0
CA Inc,CA,Y7ET3D9SDOFUZ515FE28,0000356028,2011.0,Q4,2011-01-01,2011-03-31,,,basicdilutedeps,Basic & Diluted Earnings per Share,=,,usdpershare,0.37
CA Inc,CA,Y7ET3D9SDOFUZ515FE28,0000356028,2011.0,Q4,2011-01-01,2011-03-31,,,cashdividendspershare,Cash Dividends to Common per Share,=,,usdpershare,-0.12
CA Inc,CA,Y7ET3D9SDOFUZ515FE28,0000356028,2011.0,FY,2010-04-01,2011-03-31,2013-05-09 16:07:27+00:00,totalrevenue,operatingrevenue,Operating Revenue,+,credit,usd,4149000000.0
CA Inc,CA,Y7ET3D9SDOFUZ515FE28,0000356028,2011.0,FY,2010-04-01,2011-03-31,2013-05-09 16:07:27+00:00,totalrevenue,otherrevenue,Other Revenue,+,credit,usd,280000000.0
CA Inc,CA,Y7ET3D9SDOFUZ515FE28,0000356028,2011.0,FY,2010-04-01,2011-03-31,2013-05-09 16:07:27+00:00,totalgrossprofit,totalrevenue,Total Revenue,+,credit,usd,4429000000.0
CA Inc,CA,Y7ET3D9SDOFUZ515FE28,0000356028,2011.0,FY,2010-04-01,2011-03-31,2013-05-09 16:07:27+00:00,totalcostofrevenue,operatingcostofrevenue,Operating Cost of Revenue,+,debit,usd,581000000.0
CA Inc,CA,Y7ET3D9SDOFUZ515FE28,0000356028,2011.0,FY,2010-04-01,2011-03-31,2013-05-09 16:07:27+00:00,totalgrossprofit,totalcostofrevenue,Total Cost of Revenue,-,debit,usd,581000000.0
CA Inc,CA,Y7ET3D9SDOFUZ515FE28,0000356028,2011.0,FY,2010-04-01,2011-03-31,2013-05-09 16:07:27+00:00,totaloperatingincome,totalgrossprofit,Total Gross Profit,+,credit,usd,3848000000.0
CA Inc,CA,Y7ET3D9SDOFUZ515FE28,0000356028,2011.0,FY,2010-04-01,2011-03-31,2013-05-09 16:07:27+00:00,totaloperatingexpenses,sgaexpense,"Selling, General & Admin Expense",+,debit,usd,451000000.0
CA Inc,CA,Y7ET3D9SDOFUZ515FE28,0000356028,2011.0,FY,2010-04-01,2011-03-31,2013-05-09 16:07:27+00:00,totaloperatingexpenses,marketingexpense,Marketing Expense,+,debit,usd,1286000000.0
CA Inc,CA,Y7ET3D9SDOFUZ515FE28,0000356028,2011.0,FY,2010-04-01,2011-03-31,2013-05-09 16:07:27+00:00,totaloperatingexpenses,rdexpense,Research & Development Expense,+,debit,usd,471000000.0
CA Inc,CA,Y7ET3D9SDOFUZ515FE28,0000356028,2011.0,FY,2010-04-01,2011-03-31,2013-05-09 16:07:27+00:00,totaloperatingexpenses,depreciationexpense,Depreciation Expense,+,debit,usd,187000000.0
CA Inc,CA,Y7ET3D9SDOFUZ515FE28,0000356028,2011.0,FY,2010-04-01,2011-03-31,2013-05-09 16:07:27+00:00,totaloperatingexpenses,amortizationexpense,Amortization Expense,+,debit,usd,192000000.0
CA Inc,CA,Y7ET3D9SDOFUZ515FE28,0000356028,2011.0,FY,2010-04-01,2011-03-31,2013-05-09 16:07:27+00:00,totaloperatingexpenses,otherspecialcharges,Other Special Charges / (Income),+,debit,usd,7000000.0
CA Inc,CA,Y7ET3D9SDOFUZ515FE28,0000356028,2011.0,FY,2010-04-01,2011-03-31,2013-05-09 16:07:27+00:00,totaloperatingincome,totaloperatingexpenses,Total Operating Expenses,-,debit,usd,2594000000.0
CA Inc,CA,Y7ET3D9SDOFUZ515FE28,0000356028,2011.0,FY,2010-04-01,2011-03-31,2013-05-09 16:07:27+00:00,totalpretaxincome,totaloperatingincome,Total Operating Income,+,credit,usd,1254000000.0
CA Inc,CA,Y7ET3D9SDOFUZ515FE28,0000356028,2011.0,FY,2010-04-01,2011-03-31,2013-05-09 16:07:27+00:00,totalotherincome,totalinterestexpense,Interest Expense,-,debit,usd,45000000.0
CA Inc,CA,Y7ET3D9SDOFUZ515FE28,0000356028,2011.0,FY,2010-04-01,2011-03-31,2013-05-09 16:07:27+00:00,totalpretaxincome,totalotherincome,"Total Other Income / (Expense), net",+,credit,usd,-45000000.0
CA Inc,CA,Y7ET3D9SDOFUZ515FE28,0000356028,2011.0,FY,2010-04-01,2011-03-31,2013-05-09 16:07:27+00:00,netincomecontinuing,totalpretaxincome,Total Pre-Tax Income ,+,credit,usd,1209000000.0
CA Inc,CA,Y7ET3D9SDOFUZ515FE28,0000356028,2011.0,FY,2010-04-01,2011-03-31,2013-05-09 16:07:27+00:00,netincomecontinuing,incometaxexpense,Income Tax Expense,-,debit,usd,386000000.0
CA Inc,CA,Y7ET3D9SDOFUZ515FE28,0000356028,2011.0,FY,2010-04-01,2011-03-31,2013-05-09 16:07:27+00:00,netincome,netincomecontinuing,Net Income / (Loss) Continuing Operations,+,credit,usd,823000000.0
CA Inc,CA,Y7ET3D9SDOFUZ515FE28,0000356028,2011.0,FY,2010-04-01,2011-03-31,2013-05-09 16:07:27+00:00,netincome,netincomediscontinued,Net Income / (Loss) Discontinued Operations,+,credit,usd,4000000.0
CA Inc,CA,Y7ET3D9SDOFUZ515FE28,0000356028,2011.0,FY,2010-04-01,2011-03-31,2013-05-09 16:07:27+00:00,netincometocommon,netincome,Consolidated Net Income / (Loss),+,credit,usd,827000000.0
CA Inc,CA,Y7ET3D9SDOFUZ515FE28,0000356028,2011.0,FY,2010-04-01,2011-03-31,2013-05-09 16:07:27+00:00,,netincometocommon,Net Income / (Loss) Attributable to Common Shareholders,=,credit,usd,827000000.0
CA Inc,CA,Y7ET3D9SDOFUZ515FE28,0000356028,2011.0,FY,2010-04-01,2011-03-31,2013-05-09 16:07:27+00:00,basiceps,weightedavebasicsharesos,Weighted Average Basic Shares Outstanding,/,,shares,506000000.0
CA Inc,CA,Y7ET3D9SDOFUZ515FE28,0000356028,2011.0,FY,2010-04-01,2011-03-31,2013-05-09 16:07:27+00:00,,basiceps,Basic Earnings per Share,=,,usdpershare,1.61
CA Inc,CA,Y7ET3D9SDOFUZ515FE28,0000356028,2011.0,FY,2010-04-01,2011-03-31,2013-05-09 16:07:27+00:00,dilutedeps,weightedavedilutedsharesos,Weighted Average Diluted Shares Outstanding,/,,shares,507000000.0
CA Inc,CA,Y7ET3D9SDOFUZ515FE28,0000356028,2011.0,FY,2010-04-01,2011-03-31,2013-05-09 16:07:27+00:00,,dilutedeps,Diluted Earnings per Share,=,,usdpershare,1.61
CA Inc,CA,Y7ET3D9SDOFUZ515FE28,0000356028,2011.0,FY,2010-04-01,2011-03-31,2013-05-09 16:07:27+00:00,basicdilutedeps,weightedavebasicdilutedsharesos,Weighted Average Basic & Diluted Shares Outstanding,/,,shares,513700000.0
CA Inc,CA,Y7ET3D9SDOFUZ515FE28,0000356028,2011.0,FY,2010-04-01,2011-03-31,2013-05-09 16:07:27+00:00,,basicdilutedeps,Basic & Diluted Earnings per Share,=,,usdpershare,1.61
CA Inc,CA,Y7ET3D9SDOFUZ515FE28,0000356028,2011.0,Q3,2010-10-01,2010-12-31,2011-01-26 17:09:54+00:00,totalrevenue,operatingrevenue,Operating Revenue,+,credit,usd,1083000000.0
CA Inc,CA,Y7ET3D9SDOFUZ515FE28,0000356028,2011.0,Q3,2010-10-01,2010-12-31,2011-01-26 17:09:54+00:00,totalrevenue,otherrevenue,Other Revenue,+,credit,usd,82000000.0
CA Inc,CA,Y7ET3D9SDOFUZ515FE28,0000356028,2011.0,Q3,2010-10-01,2010-12-31,2011-01-26 17:09:54+00:00,totalgrossprofit,totalrevenue,Total Revenue,+,credit,usd,1165000000.0
CA Inc,CA,Y7ET3D9SDOFUZ515FE28,0000356028,2011.0,Q3,2010-10-01,2010-12-31,2011-01-26 17:09:54+00:00,totalcostofrevenue,operatingcostofrevenue,Operating Cost of Revenue,+,debit,usd,159000000.0
CA Inc,CA,Y7ET3D9SDOFUZ515FE28,0000356028,2011.0,Q3,2010-10-01,2010-12-31,2011-01-26 17:09:54+00:00,totalgrossprofit,totalcostofrevenue,Total Cost of Revenue,-,debit,usd,159000000.0
CA Inc,CA,Y7ET3D9SDOFUZ515FE28,0000356028,2011.0,Q3,2010-10-01,2010-12-31,2011-01-26 17:09:54+00:00,totaloperatingincome,totalgrossprofit,Total Gross Profit,+,credit,usd,1006000000.0
CA Inc,CA,Y7ET3D9SDOFUZ515FE28,0000356028,2011.0,Q3,2010-10-01,2010-12-31,2011-01-26 17:09:54+00:00,totaloperatingexpenses,sgaexpense,"Selling, General & Admin Expense",+,debit,usd,114000000.0
CA Inc,CA,Y7ET3D9SDOFUZ515FE28,0000356028,2011.0,Q3,2010-10-01,2010-12-31,2011-01-26 17:09:54+00:00,totaloperatingexpenses,marketingexpense,Marketing Expense,+,debit,usd,348000000.0
CA Inc,CA,Y7ET3D9SDOFUZ515FE28,0000356028,2011.0,Q3,2010-10-01,2010-12-31,2011-01-26 17:09:54+00:00,totaloperatingexpenses,rdexpense,Research & Development Expense,+,debit,usd,110000000.0
CA Inc,CA,Y7ET3D9SDOFUZ515FE28,0000356028,2011.0,Q3,2010-10-01,2010-12-31,2011-01-26 17:09:54+00:00,totaloperatingexpenses,depreciationexpense,Depreciation Expense,+,debit,usd,47000000.0
CA Inc,CA,Y7ET3D9SDOFUZ515FE28,0000356028,2011.0,Q3,2010-10-01,2010-12-31,2011-01-26 17:09:54+00:00,totaloperatingexpenses,amortizationexpense,Amortization Expense,+,debit,usd,52000000.0
CA Inc,CA,Y7ET3D9SDOFUZ515FE28,0000356028,2011.0,Q3,2010-10-01,2010-12-31,2011-01-26 17:09:54+00:00,totaloperatingexpenses,otheroperatingexpenses,Other Operating Expenses / (Income),+,debit,usd,5000000.0
CA Inc,CA,Y7ET3D9SDOFUZ515FE28,0000356028,2011.0,Q3,2010-10-01,2010-12-31,2011-01-26 17:09:54+00:00,totaloperatingexpenses,restructuringcharge,Restructuring Charge,+,debit,usd,-8000000.0
CA Inc,CA,Y7ET3D9SDOFUZ515FE28,0000356028,2011.0,Q3,2010-10-01,2010-12-31,2011-01-26 17:09:54+00:00,totaloperatingincome,totaloperatingexpenses,Total Operating Expenses,-,debit,usd,668000000.0
CA Inc,CA,Y7ET3D9SDOFUZ515FE28,0000356028,2011.0,Q3,2010-10-01,2010-12-31,2011-01-26 17:09:54+00:00,totalpretaxincome,totaloperatingincome,Total Operating Income,+,credit,usd,338000000.0
CA Inc,CA,Y7ET3D9SDOFUZ515FE28,0000356028,2011.0,Q3,2010-10-01,2010-12-31,2011-01-26 17:09:54+00:00,totalotherincome,totalinterestexpense,Interest Expense,-,debit,usd,10000000.0
CA Inc,CA,Y7ET3D9SDOFUZ515FE28,0000356028,2011.0,Q3,2010-10-01,2010-12-31,2011-01-26 17:09:54+00:00,totalpretaxincome,totalotherincome,"Total Other Income / (Expense), net",+,credit,usd,-10000000.0
CA Inc,CA,Y7ET3D9SDOFUZ515FE28,0000356028,2011.0,Q3,2010-10-01,2010-12-31,2011-01-26 17:09:54+00:00,netincomecontinuing,totalpretaxincome,Total Pre-Tax Income ,+,credit,usd,328000000.0
CA Inc,CA,Y7ET3D9SDOFUZ515FE28,0000356028,2011.0,Q3,2010-10-01,2010-12-31,2011-01-26 17:09:54+00:00,netincomecontinuing,incometaxexpense,Income Tax Expense,-,debit,usd,128000000.0
CA Inc,CA,Y7ET3D9SDOFUZ515FE28,0000356028,2011.0,Q3,2010-10-01,2010-12-31,2011-01-26 17:09:54+00:00,netincome,netincomecontinuing,Net Income / (Loss) Continuing Operations,+,credit,usd,200000000.0
CA Inc,CA,Y7ET3D9SDOFUZ515FE28,0000356028,2011.0,Q3,2010-10-01,2010-12-31,2011-01-26 17:09:54+00:00,netincometocommon,netincome,Consolidated Net Income / (Loss),+,credit,usd,200000000.0
CA Inc,CA,Y7ET3D9SDOFUZ515FE28,0000356028,2011.0,Q3,2010-10-01,2010-12-31,2011-01-26 17:09:54+00:00,,netincometocommon,Net Income / (Loss) Attributable to Common Shareholders,=,credit,usd,200000000.0
CA Inc,CA,Y7ET3D9SDOFUZ515FE28,0000356028,2011.0,Q3,2010-10-01,2010-12-31,2011-01-26 17:09:54+00:00,basiceps,weightedavebasicsharesos,Weighted Average Basic Shares Outstanding,/,,shares,505000000.0
CA Inc,CA,Y7ET3D9SDOFUZ515FE28,0000356028,2011.0,Q3,2010-10-01,2010-12-31,2011-01-26 17:09:54+00:00,,basiceps,Basic Earnings per Share,=,,usdpershare,0.39
CA Inc,CA,Y7ET3D9SDOFUZ515FE28,0000356028,2011.0,Q3,2010-10-01,2010-12-31,2011-01-26 17:09:54+00:00,dilutedeps,weightedavedilutedsharesos,Weighted Average Diluted Shares Outstanding,/,,shares,506000000.0
CA Inc,CA,Y7ET3D9SDOFUZ515FE28,0000356028,2011.0,Q3,2010-10-01,2010-12-31,2011-01-26 17:09:54+00:00,,dilutedeps,Diluted Earnings per Share,=,,usdpershare,0.39
CA Inc,CA,Y7ET3D9SDOFUZ515FE28,0000356028,2011.0,Q3,2010-10-01,2010-12-31,2011-01-26 17:09:54+00:00,basicdilutedeps,weightedavebasicdilutedsharesos,Weighted Average Basic & Diluted Shares Outstanding,/,,shares,512800000.0
CA Inc,CA,Y7ET3D9SDOFUZ515FE28,0000356028,2011.0,Q3,2010-10-01,2010-12-31,2011-01-26 17:09:54+00:00,,basicdilutedeps,Basic & Diluted Earnings per Share,=,,usdpershare,0.39
CA Inc,CA,Y7ET3D9SDOFUZ515FE28,0000356028,2011.0,Q3,2010-10-01,2010-12-31,2011-01-26 17:09:54+00:00,,cashdividendspershare,Cash Dividends to Common per Share,=,,usdpershare,0.04
CA Inc,CA,Y7ET3D9SDOFUZ515FE28,0000356028,2011.0,Q3YTD,2010-04-01,2010-12-31,,totalrevenue,operatingrevenue,Operating Revenue,+,credit,usd,3162000000.0
CA Inc,CA,Y7ET3D9SDOFUZ515FE28,0000356028,2011.0,Q3YTD,2010-04-01,2010-12-31,,totalrevenue,otherrevenue,Other Revenue,+,credit,usd,204000000.0
CA Inc,CA,Y7ET3D9SDOFUZ515FE28,0000356028,2011.0,Q3YTD,2010-04-01,2010-12-31,,totalgrossprofit,totalrevenue,Total Revenue,+,credit,usd,3366000000.0
CA Inc,CA,Y7ET3D9SDOFUZ515FE28,0000356028,2011.0,Q3YTD,2010-04-01,2010-12-31,,totalcostofrevenue,operatingcostofrevenue,Operating Cost of Revenue,+,debit,usd,456000000.0
CA Inc,CA,Y7ET3D9SDOFUZ515FE28,0000356028,2011.0,Q3YTD,2010-04-01,2010-12-31,,totalgrossprofit,totalcostofrevenue,Total Cost of Revenue,-,debit,usd,456000000.0
CA Inc,CA,Y7ET3D9SDOFUZ515FE28,0000356028,2011.0,Q3YTD,2010-04-01,2010-12-31,,totaloperatingincome,totalgrossprofit,Total Gross Profit,+,credit,usd,2910000000.0
CA Inc,CA,Y7ET3D9SDOFUZ515FE28,0000356028,2011.0,Q3YTD,2010-04-01,2010-12-31,,totaloperatingexpenses,sgaexpense,"Selling, General & Admin Expense",+,debit,usd,344000000.0
CA Inc,CA,Y7ET3D9SDOFUZ515FE28,0000356028,2011.0,Q3YTD,2010-04-01,2010-12-31,,totaloperatingexpenses,marketingexpense,Marketing Expense,+,debit,usd,955000000.0
CA Inc,CA,Y7ET3D9SDOFUZ515FE28,0000356028,2011.0,Q3YTD,2010-04-01,2010-12-31,,totaloperatingexpenses,rdexpense,Research & Development Expense,+,debit,usd,363000000.0
CA Inc,CA,Y7ET3D9SDOFUZ515FE28,0000356028,2011.0,Q3YTD,2010-04-01,2010-12-31,,totaloperatingexpenses,depreciationexpense,Depreciation Expense,+,debit,usd,136000000.0
CA Inc,CA,Y7ET3D9SDOFUZ515FE28,0000356028,2011.0,Q3YTD,2010-04-01,2010-12-31,,totaloperatingexpenses,amortizationexpense,Amortization Expense,+,debit,usd,145000000.0
CA Inc,CA,Y7ET3D9SDOFUZ515FE28,0000356028,2011.0,Q3YTD,2010-04-01,2010-12-31,,totaloperatingexpenses,otheroperatingexpenses,Other Operating Expenses / (Income),+,debit,usd,9000000.0
CA Inc,CA,Y7ET3D9SDOFUZ515FE28,0000356028,2011.0,Q3YTD,2010-04-01,2010-12-31,,totaloperatingexpenses,restructuringcharge,Restructuring Charge,+,debit,usd,-11000000.0
CA Inc,CA,Y7ET3D9SDOFUZ515FE28,0000356028,2011.0,Q3YTD,2010-04-01,2010-12-31,,totaloperatingincome,totaloperatingexpenses,Total Operating Expenses,-,debit,usd,1941000000.0
CA Inc,CA,Y7ET3D9SDOFUZ515FE28,0000356028,2011.0,Q3YTD,2010-04-01,2010-12-31,,totalpretaxincome,totaloperatingincome,Total Operating Income,+,credit,usd,969000000.0
CA Inc,CA,Y7ET3D9SDOFUZ515FE28,0000356028,2011.0,Q3YTD,2010-04-01,2010-12-31,,totalotherincome,totalinterestexpense,Interest Expense,-,debit,usd,35000000.0
CA Inc,CA,Y7ET3D9SDOFUZ515FE28,0000356028,2011.0,Q3YTD,2010-04-01,2010-12-31,,totalpretaxincome,totalotherincome,"Total Other Income / (Expense), net",+,credit,usd,-35000000.0
CA Inc,CA,Y7ET3D9SDOFUZ515FE28,0000356028,2011.0,Q3YTD,2010-04-01,2010-12-31,,netincomecontinuing,totalpretaxincome,Total Pre-Tax Income ,+,credit,usd,934000000.0
CA Inc,CA,Y7ET3D9SDOFUZ515FE28,0000356028,2011.0,Q3YTD,2010-04-01,2010-12-31,,netincomecontinuing,incometaxexpense,Income Tax Expense,-,debit,usd,289000000.0
CA Inc,CA,Y7ET3D9SDOFUZ515FE28,0000356028,2011.0,Q3YTD,2010-04-01,2010-12-31,,netincome,netincomecontinuing,Net Income / (Loss) Continuing Operations,+,credit,usd,645000000.0
CA Inc,CA,Y7ET3D9SDOFUZ515FE28,0000356028,2011.0,Q3YTD,2010-04-01,2010-12-31,,netincome,otheradjustmentstoconsolidatednetincome,Other Adjustments to Consolidated Net Income / (Loss),+,credit,usd,-6000000.0
CA Inc,CA,Y7ET3D9SDOFUZ515FE28,0000356028,2011.0,Q3YTD,2010-04-01,2010-12-31,,netincometocommon,netincome,Consolidated Net Income / (Loss),+,credit,usd,639000000.0
CA Inc,CA,Y7ET3D9SDOFUZ515FE28,0000356028,2011.0,Q3YTD,2010-04-01,2010-12-31,,,netincometocommon,Net Income / (Loss) Attributable to Common Shareholders,=,credit,usd,639000000.0
CA Inc,CA,Y7ET3D9SDOFUZ515FE28,0000356028,2011.0,Q3YTD,2010-04-01,2010-12-31,,basiceps,weightedavebasicsharesos,Weighted Average Basic Shares Outstanding,/,,shares,505000000.0
CA Inc,CA,Y7ET3D9SDOFUZ515FE28,0000356028,2011.0,Q3YTD,2010-04-01,2010-12-31,,,basiceps,Basic Earnings per Share,=,,usdpershare,1.24
CA Inc,CA,Y7ET3D9SDOFUZ515FE28,0000356028,2011.0,Q3YTD,2010-04-01,2010-12-31,,dilutedeps,weightedavedilutedsharesos,Weighted Average Diluted Shares Outstanding,/,,shares,506000000.0
CA Inc,CA,Y7ET3D9SDOFUZ515FE28,0000356028,2011.0,Q3YTD,2010-04-01,2010-12-31,,,dilutedeps,Diluted Earnings per Share,=,,usdpershare,1.24
CA Inc,CA,Y7ET3D9SDOFUZ515FE28,0000356028,2011.0,Q3YTD,2010-04-01,2010-12-31,,basicdilutedeps,weightedavebasicdilutedsharesos,Weighted Average Basic & Diluted Shares Outstanding,/,,shares,512800000.0
CA Inc,CA,Y7ET3D9SDOFUZ515FE28,0000356028,2011.0,Q3YTD,2010-04-01,2010-12-31,,,basicdilutedeps,Basic & Diluted Earnings per Share,=,,usdpershare,1.24
CA Inc,CA,Y7ET3D9SDOFUZ515FE28,0000356028,2011.0,Q3YTD,2010-04-01,2010-12-31,,,cashdividendspershare,Cash Dividends to Common per Share,=,,usdpershare,0.12
CA Inc,CA,Y7ET3D9SDOFUZ515FE28,0000356028,2011.0,Q3TTM,2010-01-01,2010-12-31,,totalrevenue,operatingrevenue,Operating Revenue,+,credit,usd,4080000000.0
CA Inc,CA,Y7ET3D9SDOFUZ515FE28,0000356028,2011.0,Q3TTM,2010-01-01,2010-12-31,,totalrevenue,otherrevenue,Other Revenue,+,credit,usd,263000000.0
CA Inc,CA,Y7ET3D9SDOFUZ515FE28,0000356028,2011.0,Q3TTM,2010-01-01,2010-12-31,,totalgrossprofit,totalrevenue,Total Revenue,+,credit,usd,4343000000.0
CA Inc,CA,Y7ET3D9SDOFUZ515FE28,0000356028,2011.0,Q3TTM,2010-01-01,2010-12-31,,totalcostofrevenue,operatingcostofrevenue,Operating Cost of Revenue,+,debit,usd,564000000.0
CA Inc,CA,Y7ET3D9SDOFUZ515FE28,0000356028,2011.0,Q3TTM,2010-01-01,2010-12-31,,totalgrossprofit,totalcostofrevenue,Total Cost of Revenue,-,debit,usd,564000000.0
CA Inc,CA,Y7ET3D9SDOFUZ515FE28,0000356028,2011.0,Q3TTM,2010-01-01,2010-12-31,,totaloperatingincome,totalgrossprofit,Total Gross Profit,+,credit,usd,3779000000.0
CA Inc,CA,Y7ET3D9SDOFUZ515FE28,0000356028,2011.0,Q3TTM,2010-01-01,2010-12-31,,totaloperatingexpenses,sgaexpense,"Selling, General & Admin Expense",+,debit,usd,470000000.0
CA Inc,CA,Y7ET3D9SDOFUZ515FE28,0000356028,2011.0,Q3TTM,2010-01-01,2010-12-31,,totaloperatingexpenses,marketingexpense,Marketing Expense,+,debit,usd,1276000000.0
CA Inc,CA,Y7ET3D9SDOFUZ515FE28,0000356028,2011.0,Q3TTM,2010-01-01,2010-12-31,,totaloperatingexpenses,rdexpense,Research & Development Expense,+,debit,usd,497000000.0
CA Inc,CA,Y7ET3D9SDOFUZ515FE28,0000356028,2011.0,Q3TTM,2010-01-01,2010-12-31,,totaloperatingexpenses,depreciationexpense,Depreciation Expense,+,debit,usd,177000000.0
CA Inc,CA,Y7ET3D9SDOFUZ515FE28,0000356028,2011.0,Q3TTM,2010-01-01,2010-12-31,,totaloperatingexpenses,amortizationexpense,Amortization Expense,+,debit,usd,176000000.0
CA Inc,CA,Y7ET3D9SDOFUZ515FE28,0000356028,2011.0,Q3TTM,2010-01-01,2010-12-31,,totaloperatingexpenses,otheroperatingexpenses,Other Operating Expenses / (Income),+,debit,usd,16000000.0
CA Inc,CA,Y7ET3D9SDOFUZ515FE28,0000356028,2011.0,Q3TTM,2010-01-01,2010-12-31,,totaloperatingexpenses,restructuringcharge,Restructuring Charge,+,debit,usd,-15000000.0
CA Inc,CA,Y7ET3D9SDOFUZ515FE28,0000356028,2011.0,Q3TTM,2010-01-01,2010-12-31,,totaloperatingincome,totaloperatingexpenses,Total Operating Expenses,-,debit,usd,2597000000.0
CA Inc,CA,Y7ET3D9SDOFUZ515FE28,0000356028,2011.0,Q3TTM,2010-01-01,2010-12-31,,totalpretaxincome,totaloperatingincome,Total Operating Income,+,credit,usd,1182000000.0
CA Inc,CA,Y7ET3D9SDOFUZ515FE28,0000356028,2011.0,Q3TTM,2010-01-01,2010-12-31,,totalotherincome,totalinterestexpense,Interest Expense,-,debit,usd,49000000.0
CA Inc,CA,Y7ET3D9SDOFUZ515FE28,0000356028,2011.0,Q3TTM,2010-01-01,2010-12-31,,totalpretaxincome,totalotherincome,"Total Other Income / (Expense), net",+,credit,usd,-49000000.0
CA Inc,CA,Y7ET3D9SDOFUZ515FE28,0000356028,2011.0,Q3TTM,2010-01-01,2010-12-31,,netincomecontinuing,totalpretaxincome,Total Pre-Tax Income ,+,credit,usd,1133000000.0
CA Inc,CA,Y7ET3D9SDOFUZ515FE28,0000356028,2011.0,Q3TTM,2010-01-01,2010-12-31,,netincomecontinuing,incometaxexpense,Income Tax Expense,-,debit,usd,399000000.0
CA Inc,CA,Y7ET3D9SDOFUZ515FE28,0000356028,2011.0,Q3TTM,2010-01-01,2010-12-31,,netincome,netincomecontinuing,Net Income / (Loss) Continuing Operations,+,credit,usd,734000000.0
CA Inc,CA,Y7ET3D9SDOFUZ515FE28,0000356028,2011.0,Q3TTM,2010-01-01,2010-12-31,,netincome,netincomediscontinued,Net Income / (Loss) Discontinued Operations,+,credit,usd,12000000.0
CA Inc,CA,Y7ET3D9SDOFUZ515FE28,0000356028,2011.0,Q3TTM,2010-01-01,2010-12-31,,netincome,otheradjustmentstoconsolidatednetincome,Other Adjustments to Consolidated Net Income / (Loss),+,credit,usd,-6000000.0
CA Inc,CA,Y7ET3D9SDOFUZ515FE28,0000356028,2011.0,Q3TTM,2010-01-01,2010-12-31,,netincometocommon,netincome,Consolidated Net Income / (Loss),+,credit,usd,740000000.0
CA Inc,CA,Y7ET3D9SDOFUZ515FE28,0000356028,2011.0,Q3TTM,2010-01-01,2010-12-31,,,netincometocommon,Net Income / (Loss) Attributable to Common Shareholders,=,credit,usd,740000000.0
CA Inc,CA,Y7ET3D9SDOFUZ515FE28,0000356028,2011.0,Q3TTM,2010-01-01,2010-12-31,,basiceps,weightedavebasicsharesos,Weighted Average Basic Shares Outstanding,/,,shares,505000000.0
CA Inc,CA,Y7ET3D9SDOFUZ515FE28,0000356028,2011.0,Q3TTM,2010-01-01,2010-12-31,,,basiceps,Basic Earnings per Share,=,,usdpershare,1.44
CA Inc,CA,Y7ET3D9SDOFUZ515FE28,0000356028,2011.0,Q3TTM,2010-01-01,2010-12-31,,dilutedeps,weightedavedilutedsharesos,Weighted Average Diluted Shares Outstanding,/,,shares,506000000.0
CA Inc,CA,Y7ET3D9SDOFUZ515FE28,0000356028,2011.0,Q3TTM,2010-01-01,2010-12-31,,,dilutedeps,Diluted Earnings per Share,=,,usdpershare,1.44
CA Inc,CA,Y7ET3D9SDOFUZ515FE28,0000356028,2011.0,Q3TTM,2010-01-01,2010-12-31,,basicdilutedeps,weightedavebasicdilutedsharesos,Weighted Average Basic & Diluted Shares Outstanding,/,,shares,512800000.0
CA Inc,CA,Y7ET3D9SDOFUZ515FE28,0000356028,2011.0,Q3TTM,2010-01-01,2010-12-31,,,basicdilutedeps,Basic & Diluted Earnings per Share,=,,usdpershare,2.23
CA Inc,CA,Y7ET3D9SDOFUZ515FE28,0000356028,2011.0,Q3TTM,2010-01-01,2010-12-31,,,cashdividendspershare,Cash Dividends to Common per Share,=,,usdpershare,0.12
CA Inc,CA,Y7ET3D9SDOFUZ515FE28,0000356028,2011.0,Q2,2010-07-01,2010-09-30,2010-10-22 16:32:52+00:00,totalrevenue,operatingrevenue,Operating Revenue,+,credit,usd,1040000000.0
CA Inc,CA,Y7ET3D9SDOFUZ515FE28,0000356028,2011.0,Q2,2010-07-01,2010-09-30,2010-10-22 16:32:52+00:00,totalrevenue,otherrevenue,Other Revenue,+,credit,usd,70000000.0
CA Inc,CA,Y7ET3D9SDOFUZ515FE28,0000356028,2011.0,Q2,2010-07-01,2010-09-30,2010-10-22 16:32:52+00:00,totalgrossprofit,totalrevenue,Total Revenue,+,credit,usd,1110000000.0
CA Inc,CA,Y7ET3D9SDOFUZ515FE28,0000356028,2011.0,Q2,2010-07-01,2010-09-30,2010-10-22 16:32:52+00:00,totalcostofrevenue,operatingcostofrevenue,Operating Cost of Revenue,+,debit,usd,149000000.0
CA Inc,CA,Y7ET3D9SDOFUZ515FE28,0000356028,2011.0,Q2,2010-07-01,2010-09-30,2010-10-22 16:32:52+00:00,totalgrossprofit,totalcostofrevenue,Total Cost of Revenue,-,debit,usd,149000000.0
CA Inc,CA,Y7ET3D9SDOFUZ515FE28,0000356028,2011.0,Q2,2010-07-01,2010-09-30,2010-10-22 16:32:52+00:00,totaloperatingincome,totalgrossprofit,Total Gross Profit,+,credit,usd,961000000.0
CA Inc,CA,Y7ET3D9SDOFUZ515FE28,0000356028,2011.0,Q2,2010-07-01,2010-09-30,2010-10-22 16:32:52+00:00,totaloperatingexpenses,sgaexpense,"Selling, General & Admin Expense",+,debit,usd,113000000.0
CA Inc,CA,Y7ET3D9SDOFUZ515FE28,0000356028,2011.0,Q2,2010-07-01,2010-09-30,2010-10-22 16:32:52+00:00,totaloperatingexpenses,marketingexpense,Marketing Expense,+,debit,usd,308000000.0
CA Inc,CA,Y7ET3D9SDOFUZ515FE28,0000356028,2011.0,Q2,2010-07-01,2010-09-30,2010-10-22 16:32:52+00:00,totaloperatingexpenses,rdexpense,Research & Development Expense,+,debit,usd,125000000.0
CA Inc,CA,Y7ET3D9SDOFUZ515FE28,0000356028,2011.0,Q2,2010-07-01,2010-09-30,2010-10-22 16:32:52+00:00,totaloperatingexpenses,depreciationexpense,Depreciation Expense,+,debit,usd,45000000.0
CA Inc,CA,Y7ET3D9SDOFUZ515FE28,0000356028,2011.0,Q2,2010-07-01,2010-09-30,2010-10-22 16:32:52+00:00,totaloperatingexpenses,amortizationexpense,Amortization Expense,+,debit,usd,48000000.0
CA Inc,CA,Y7ET3D9SDOFUZ515FE28,0000356028,2011.0,Q2,2010-07-01,2010-09-30,2010-10-22 16:32:52+00:00,totaloperatingexpenses,otheroperatingexpenses,Other Operating Expenses / (Income),+,debit,usd,15000000.0
CA Inc,CA,Y7ET3D9SDOFUZ515FE28,0000356028,2011.0,Q2,2010-07-01,2010-09-30,2010-10-22 16:32:52+00:00,totaloperatingincome,totaloperatingexpenses,Total Operating Expenses,-,debit,usd,654000000.0
CA Inc,CA,Y7ET3D9SDOFUZ515FE28,0000356028,2011.0,Q2,2010-07-01,2010-09-30,2010-10-22 16:32:52+00:00,totalpretaxincome,totaloperatingincome,Total Operating Income,+,credit,usd,307000000.0
CA Inc,CA,Y7ET3D9SDOFUZ515FE28,0000356028,2011.0,Q2,2010-07-01,2010-09-30,2010-10-22 16:32:52+00:00,totalotherincome,totalinterestexpense,Interest Expense,-,debit,usd,12000000.0
CA Inc,CA,Y7ET3D9SDOFUZ515FE28,0000356028,2011.0,Q2,2010-07-01,2010-09-30,2010-10-22 16:32:52+00:00,totalpretaxincome,totalotherincome,"Total Other Income / (Expense), net",+,credit,usd,-12000000.0
CA Inc,CA,Y7ET3D9SDOFUZ515FE28,0000356028,2011.0,Q2,2010-07-01,2010-09-30,2010-10-22 16:32:52+00:00,netincomecontinuing,totalpretaxincome,Total Pre-Tax Income ,+,credit,usd,295000000.0
CA Inc,CA,Y7ET3D9SDOFUZ515FE28,0000356028,2011.0,Q2,2010-07-01,2010-09-30,2010-10-22 16:32:52+00:00,netincomecontinuing,incometaxexpense,Income Tax Expense,-,debit,usd,73000000.0
CA Inc,CA,Y7ET3D9SDOFUZ515FE28,0000356028,2011.0,Q2,2010-07-01,2010-09-30,2010-10-22 16:32:52+00:00,netincome,netincomecontinuing,Net Income / (Loss) Continuing Operations,+,credit,usd,222000000.0
CA Inc,CA,Y7ET3D9SDOFUZ515FE28,0000356028,2011.0,Q2,2010-07-01,2010-09-30,2010-10-22 16:32:52+00:00,netincometocommon,netincome,Consolidated Net Income / (Loss),+,credit,usd,222000000.0
CA Inc,CA,Y7ET3D9SDOFUZ515FE28,0000356028,2011.0,Q2,2010-07-01,2010-09-30,2010-10-22 16:32:52+00:00,,netincometocommon,Net Income / (Loss) Attributable to Common Shareholders,=,credit,usd,222000000.0
CA Inc,CA,Y7ET3D9SDOFUZ515FE28,0000356028,2011.0,Q2,2010-07-01,2010-09-30,2010-10-22 16:32:52+00:00,basiceps,weightedavebasicsharesos,Weighted Average Basic Shares Outstanding,/,,shares,507000000.0
CA Inc,CA,Y7ET3D9SDOFUZ515FE28,0000356028,2011.0,Q2,2010-07-01,2010-09-30,2010-10-22 16:32:52+00:00,,basiceps,Basic Earnings per Share,=,,usdpershare,0.43
CA Inc,CA,Y7ET3D9SDOFUZ515FE28,0000356028,2011.0,Q2,2010-07-01,2010-09-30,2010-10-22 16:32:52+00:00,dilutedeps,weightedavedilutedsharesos,Weighted Average Diluted Shares Outstanding,/,,shares,508000000.0
CA Inc,CA,Y7ET3D9SDOFUZ515FE28,0000356028,2011.0,Q2,2010-07-01,2010-09-30,2010-10-22 16:32:52+00:00,,dilutedeps,Diluted Earnings per Share,=,,usdpershare,0.43
CA Inc,CA,Y7ET3D9SDOFUZ515FE28,0000356028,2011.0,Q2,2010-07-01,2010-09-30,2010-10-22 16:32:52+00:00,basicdilutedeps,weightedavebasicdilutedsharesos,Weighted Average Basic & Diluted Shares Outstanding,/,,shares,516300000.0
CA Inc,CA,Y7ET3D9SDOFUZ515FE28,0000356028,2011.0,Q2,2010-07-01,2010-09-30,2010-10-22 16:32:52+00:00,,basicdilutedeps,Basic & Diluted Earnings per Share,=,,usdpershare,0.43
CA Inc,CA,Y7ET3D9SDOFUZ515FE28,0000356028,2011.0,Q2,2010-07-01,2010-09-30,2010-10-22 16:32:52+00:00,,cashdividendspershare,Cash Dividends to Common per Share,=,,usdpershare,0.04
CA Inc,CA,Y7ET3D9SDOFUZ515FE28,0000356028,2011.0,Q2YTD,2010-04-01,2010-09-30,,totalrevenue,operatingrevenue,Operating Revenue,+,credit,usd,2079000000.0
CA Inc,CA,Y7ET3D9SDOFUZ515FE28,0000356028,2011.0,Q2YTD,2010-04-01,2010-09-30,,totalrevenue,otherrevenue,Other Revenue,+,credit,usd,122000000.0
CA Inc,CA,Y7ET3D9SDOFUZ515FE28,0000356028,2011.0,Q2YTD,2010-04-01,2010-09-30,,totalgrossprofit,totalrevenue,Total Revenue,+,credit,usd,2201000000.0
CA Inc,CA,Y7ET3D9SDOFUZ515FE28,0000356028,2011.0,Q2YTD,2010-04-01,2010-09-30,,totalcostofrevenue,operatingcostofrevenue,Operating Cost of Revenue,+,debit,usd,297000000.0
CA Inc,CA,Y7ET3D9SDOFUZ515FE28,0000356028,2011.0,Q2YTD,2010-04-01,2010-09-30,,totalgrossprofit,totalcostofrevenue,Total Cost of Revenue,-,debit,usd,297000000.0
CA Inc,CA,Y7ET3D9SDOFUZ515FE28,0000356028,2011.0,Q2YTD,2010-04-01,2010-09-30,,totaloperatingincome,totalgrossprofit,Total Gross Profit,+,credit,usd,1904000000.0
CA Inc,CA,Y7ET3D9SDOFUZ515FE28,0000356028,2011.0,Q2YTD,2010-04-01,2010-09-30,,totaloperatingexpenses,sgaexpense,"Selling, General & Admin Expense",+,debit,usd,230000000.0
CA Inc,CA,Y7ET3D9SDOFUZ515FE28,0000356028,2011.0,Q2YTD,2010-04-01,2010-09-30,,totaloperatingexpenses,marketingexpense,Marketing Expense,+,debit,usd,607000000.0
CA Inc,CA,Y7ET3D9SDOFUZ515FE28,0000356028,2011.0,Q2YTD,2010-04-01,2010-09-30,,totaloperatingexpenses,rdexpense,Research & Development Expense,+,debit,usd,253000000.0
CA Inc,CA,Y7ET3D9SDOFUZ515FE28,0000356028,2011.0,Q2YTD,2010-04-01,2010-09-30,,totaloperatingexpenses,depreciationexpense,Depreciation Expense,+,debit,usd,89000000.0
CA Inc,CA,Y7ET3D9SDOFUZ515FE28,0000356028,2011.0,Q2YTD,2010-04-01,2010-09-30,,totaloperatingexpenses,amortizationexpense,Amortization Expense,+,debit,usd,93000000.0
CA Inc,CA,Y7ET3D9SDOFUZ515FE28,0000356028,2011.0,Q2YTD,2010-04-01,2010-09-30,,totaloperatingexpenses,otheroperatingexpenses,Other Operating Expenses / (Income),+,debit,usd,4000000.0
CA Inc,CA,Y7ET3D9SDOFUZ515FE28,0000356028,2011.0,Q2YTD,2010-04-01,2010-09-30,,totaloperatingexpenses,restructuringcharge,Restructuring Charge,+,debit,usd,-3000000.0
CA Inc,CA,Y7ET3D9SDOFUZ515FE28,0000356028,2011.0,Q2YTD,2010-04-01,2010-09-30,,totaloperatingincome,totaloperatingexpenses,Total Operating Expenses,-,debit,usd,1273000000.0
CA Inc,CA,Y7ET3D9SDOFUZ515FE28,0000356028,2011.0,Q2YTD,2010-04-01,2010-09-30,,totalpretaxincome,totaloperatingincome,Total Operating Income,+,credit,usd,631000000.0
CA Inc,CA,Y7ET3D9SDOFUZ515FE28,0000356028,2011.0,Q2YTD,2010-04-01,2010-09-30,,totalotherincome,totalinterestexpense,Interest Expense,-,debit,usd,25000000.0
CA Inc,CA,Y7ET3D9SDOFUZ515FE28,0000356028,2011.0,Q2YTD,2010-04-01,2010-09-30,,totalpretaxincome,totalotherincome,"Total Other Income / (Expense), net",+,credit,usd,-25000000.0
CA Inc,CA,Y7ET3D9SDOFUZ515FE28,0000356028,2011.0,Q2YTD,2010-04-01,2010-09-30,,netincomecontinuing,totalpretaxincome,Total Pre-Tax Income ,+,credit,usd,606000000.0
CA Inc,CA,Y7ET3D9SDOFUZ515FE28,0000356028,2011.0,Q2YTD,2010-04-01,2010-09-30,,netincomecontinuing,incometaxexpense,Income Tax Expense,-,debit,usd,161000000.0
CA Inc,CA,Y7ET3D9SDOFUZ515FE28,0000356028,2011.0,Q2YTD,2010-04-01,2010-09-30,,netincome,netincomecontinuing,Net Income / (Loss) Continuing Operations,+,credit,usd,445000000.0
CA Inc,CA,Y7ET3D9SDOFUZ515FE28,0000356028,2011.0,Q2YTD,2010-04-01,2010-09-30,,netincome,otheradjustmentstoconsolidatednetincome,Other Adjustments to Consolidated Net Income / (Loss),+,credit,usd,-6000000.0
CA Inc,CA,Y7ET3D9SDOFUZ515FE28,0000356028,2011.0,Q2YTD,2010-04-01,2010-09-30,,netincometocommon,netincome,Consolidated Net Income / (Loss),+,credit,usd,439000000.0
CA Inc,CA,Y7ET3D9SDOFUZ515FE28,0000356028,2011.0,Q2YTD,2010-04-01,2010-09-30,,,netincometocommon,Net Income / (Loss) Attributable to Common Shareholders,=,credit,usd,439000000.0
CA Inc,CA,Y7ET3D9SDOFUZ515FE28,0000356028,2011.0,Q2YTD,2010-04-01,2010-09-30,,basiceps,weightedavebasicsharesos,Weighted Average Basic Shares Outstanding,/,,shares,507000000.0
CA Inc,CA,Y7ET3D9SDOFUZ515FE28,0000356028,2011.0,Q2YTD,2010-04-01,2010-09-30,,,basiceps,Basic Earnings per Share,=,,usdpershare,0.85
CA Inc,CA,Y7ET3D9SDOFUZ515FE28,0000356028,2011.0,Q2YTD,2010-04-01,2010-09-30,,dilutedeps,weightedavedilutedsharesos,Weighted Average Diluted Shares Outstanding,/,,shares,508000000.0
CA Inc,CA,Y7ET3D9SDOFUZ515FE28,0000356028,2011.0,Q2YTD,2010-04-01,2010-09-30,,,dilutedeps,Diluted Earnings per Share,=,,usdpershare,0.85
CA Inc,CA,Y7ET3D9SDOFUZ515FE28,0000356028,2011.0,Q2YTD,2010-04-01,2010-09-30,,basicdilutedeps,weightedavebasicdilutedsharesos,Weighted Average Basic & Diluted Shares Outstanding,/,,shares,516300000.0
CA Inc,CA,Y7ET3D9SDOFUZ515FE28,0000356028,2011.0,Q2YTD,2010-04-01,2010-09-30,,,basicdilutedeps,Basic & Diluted Earnings per Share,=,,usdpershare,0.85
CA Inc,CA,Y7ET3D9SDOFUZ515FE28,0000356028,2011.0,Q2YTD,2010-04-01,2010-09-30,,,cashdividendspershare,Cash Dividends to Common per Share,=,,usdpershare,0.08
CA Inc,CA,Y7ET3D9SDOFUZ515FE28,0000356028,2011.0,Q2TTM,2009-10-01,2010-09-30,,totalrevenue,operatingrevenue,Operating Revenue,+,credit,usd,4071000000.0
CA Inc,CA,Y7ET3D9SDOFUZ515FE28,0000356028,2011.0,Q2TTM,2009-10-01,2010-09-30,,totalrevenue,otherrevenue,Other Revenue,+,credit,usd,235000000.0
CA Inc,CA,Y7ET3D9SDOFUZ515FE28,0000356028,2011.0,Q2TTM,2009-10-01,2010-09-30,,totalgrossprofit,totalrevenue,Total Revenue,+,credit,usd,4306000000.0
CA Inc,CA,Y7ET3D9SDOFUZ515FE28,0000356028,2011.0,Q2TTM,2009-10-01,2010-09-30,,totalcostofrevenue,operatingcostofrevenue,Operating Cost of Revenue,+,debit,usd,545000000.0
CA Inc,CA,Y7ET3D9SDOFUZ515FE28,0000356028,2011.0,Q2TTM,2009-10-01,2010-09-30,,totalgrossprofit,totalcostofrevenue,Total Cost of Revenue,-,debit,usd,545000000.0
CA Inc,CA,Y7ET3D9SDOFUZ515FE28,0000356028,2011.0,Q2TTM,2009-10-01,2010-09-30,,totaloperatingincome,totalgrossprofit,Total Gross Profit,+,credit,usd,3761000000.0
CA Inc,CA,Y7ET3D9SDOFUZ515FE28,0000356028,2011.0,Q2TTM,2009-10-01,2010-09-30,,totaloperatingexpenses,sgaexpense,"Selling, General & Admin Expense",+,debit,usd,485000000.0
CA Inc,CA,Y7ET3D9SDOFUZ515FE28,0000356028,2011.0,Q2TTM,2009-10-01,2010-09-30,,totaloperatingexpenses,marketingexpense,Marketing Expense,+,debit,usd,1244000000.0
CA Inc,CA,Y7ET3D9SDOFUZ515FE28,0000356028,2011.0,Q2TTM,2009-10-01,2010-09-30,,totaloperatingexpenses,rdexpense,Research & Development Expense,+,debit,usd,506000000.0
CA Inc,CA,Y7ET3D9SDOFUZ515FE28,0000356028,2011.0,Q2TTM,2009-10-01,2010-09-30,,totaloperatingexpenses,depreciationexpense,Depreciation Expense,+,debit,usd,170000000.0
CA Inc,CA,Y7ET3D9SDOFUZ515FE28,0000356028,2011.0,Q2TTM,2009-10-01,2010-09-30,,totaloperatingexpenses,amortizationexpense,Amortization Expense,+,debit,usd,158000000.0
CA Inc,CA,Y7ET3D9SDOFUZ515FE28,0000356028,2011.0,Q2TTM,2009-10-01,2010-09-30,,totaloperatingexpenses,otheroperatingexpenses,Other Operating Expenses / (Income),+,debit,usd,8000000.0
CA Inc,CA,Y7ET3D9SDOFUZ515FE28,0000356028,2011.0,Q2TTM,2009-10-01,2010-09-30,,totaloperatingexpenses,restructuringcharge,Restructuring Charge,+,debit,usd,-5000000.0
CA Inc,CA,Y7ET3D9SDOFUZ515FE28,0000356028,2011.0,Q2TTM,2009-10-01,2010-09-30,,totaloperatingincome,totaloperatingexpenses,Total Operating Expenses,-,debit,usd,2566000000.0
CA Inc,CA,Y7ET3D9SDOFUZ515FE28,0000356028,2011.0,Q2TTM,2009-10-01,2010-09-30,,totalpretaxincome,totaloperatingincome,Total Operating Income,+,credit,usd,1195000000.0
CA Inc,CA,Y7ET3D9SDOFUZ515FE28,0000356028,2011.0,Q2TTM,2009-10-01,2010-09-30,,totalotherincome,totalinterestexpense,Interest Expense,-,debit,usd,62000000.0
CA Inc,CA,Y7ET3D9SDOFUZ515FE28,0000356028,2011.0,Q2TTM,2009-10-01,2010-09-30,,totalpretaxincome,totalotherincome,"Total Other Income / (Expense), net",+,credit,usd,-62000000.0
CA Inc,CA,Y7ET3D9SDOFUZ515FE28,0000356028,2011.0,Q2TTM,2009-10-01,2010-09-30,,netincomecontinuing,totalpretaxincome,Total Pre-Tax Income ,+,credit,usd,1133000000.0
CA Inc,CA,Y7ET3D9SDOFUZ515FE28,0000356028,2011.0,Q2TTM,2009-10-01,2010-09-30,,netincomecontinuing,incometaxexpense,Income Tax Expense,-,debit,usd,342000000.0
CA Inc,CA,Y7ET3D9SDOFUZ515FE28,0000356028,2011.0,Q2TTM,2009-10-01,2010-09-30,,netincome,netincomecontinuing,Net Income / (Loss) Continuing Operations,+,credit,usd,791000000.0
CA Inc,CA,Y7ET3D9SDOFUZ515FE28,0000356028,2011.0,Q2TTM,2009-10-01,2010-09-30,,netincome,netincomediscontinued,Net Income / (Loss) Discontinued Operations,+,credit,usd,12000000.0
CA Inc,CA,Y7ET3D9SDOFUZ515FE28,0000356028,2011.0,Q2TTM,2009-10-01,2010-09-30,,netincome,otheradjustmentstoconsolidatednetincome,Other Adjustments to Consolidated Net Income / (Loss),+,credit,usd,-6000000.0
CA Inc,CA,Y7ET3D9SDOFUZ515FE28,0000356028,2011.0,Q2TTM,2009-10-01,2010-09-30,,netincometocommon,netincome,Consolidated Net Income / (Loss),+,credit,usd,797000000.0
CA Inc,CA,Y7ET3D9SDOFUZ515FE28,0000356028,2011.0,Q2TTM,2009-10-01,2010-09-30,,,netincometocommon,Net Income / (Loss) Attributable to Common Shareholders,=,credit,usd,797000000.0
CA Inc,CA,Y7ET3D9SDOFUZ515FE28,0000356028,2011.0,Q2TTM,2009-10-01,2010-09-30,,basiceps,weightedavebasicsharesos,Weighted Average Basic Shares Outstanding,/,,shares,507000000.0
CA Inc,CA,Y7ET3D9SDOFUZ515FE28,0000356028,2011.0,Q2TTM,2009-10-01,2010-09-30,,,basiceps,Basic Earnings per Share,=,,usdpershare,1.54
CA Inc,CA,Y7ET3D9SDOFUZ515FE28,0000356028,2011.0,Q2TTM,2009-10-01,2010-09-30,,dilutedeps,weightedavedilutedsharesos,Weighted Average Diluted Shares Outstanding,/,,shares,508000000.0
CA Inc,CA,Y7ET3D9SDOFUZ515FE28,0000356028,2011.0,Q2TTM,2009-10-01,2010-09-30,,,dilutedeps,Diluted Earnings per Share,=,,usdpershare,1.54
CA Inc,CA,Y7ET3D9SDOFUZ515FE28,0000356028,2011.0,Q2TTM,2009-10-01,2010-09-30,,basicdilutedeps,weightedavebasicdilutedsharesos,Weighted Average Basic & Diluted Shares Outstanding,/,,shares,516300000.0
CA Inc,CA,Y7ET3D9SDOFUZ515FE28,0000356028,2011.0,Q2TTM,2009-10-01,2010-09-30,,,basicdilutedeps,Basic & Diluted Earnings per Share,=,,usdpershare,2.33
CA Inc,CA,Y7ET3D9SDOFUZ515FE28,0000356028,2011.0,Q2TTM,2009-10-01,2010-09-30,,,cashdividendspershare,Cash Dividends to Common per Share,=,,usdpershare,0.08
CA Inc,CA,Y7ET3D9SDOFUZ515FE28,0000356028,2011.0,Q1,2010-04-01,2010-06-30,2010-07-27 17:08:12+00:00,totalrevenue,operatingrevenue,Operating Revenue,+,credit,usd,1039000000.0
CA Inc,CA,Y7ET3D9SDOFUZ515FE28,0000356028,2011.0,Q1,2010-04-01,2010-06-30,2010-07-27 17:08:12+00:00,totalrevenue,otherrevenue,Other Revenue,+,credit,usd,52000000.0
CA Inc,CA,Y7ET3D9SDOFUZ515FE28,0000356028,2011.0,Q1,2010-04-01,2010-06-30,2010-07-27 17:08:12+00:00,totalgrossprofit,totalrevenue,Total Revenue,+,credit,usd,1091000000.0
CA Inc,CA,Y7ET3D9SDOFUZ515FE28,0000356028,2011.0,Q1,2010-04-01,2010-06-30,2010-07-27 17:08:12+00:00,totalcostofrevenue,operatingcostofrevenue,Operating Cost of Revenue,+,debit,usd,148000000.0
CA Inc,CA,Y7ET3D9SDOFUZ515FE28,0000356028,2011.0,Q1,2010-04-01,2010-06-30,2010-07-27 17:08:12+00:00,totalgrossprofit,totalcostofrevenue,Total Cost of Revenue,-,debit,usd,148000000.0
CA Inc,CA,Y7ET3D9SDOFUZ515FE28,0000356028,2011.0,Q1,2010-04-01,2010-06-30,2010-07-27 17:08:12+00:00,totaloperatingincome,totalgrossprofit,Total Gross Profit,+,credit,usd,943000000.0
CA Inc,CA,Y7ET3D9SDOFUZ515FE28,0000356028,2011.0,Q1,2010-04-01,2010-06-30,2010-07-27 17:08:12+00:00,totaloperatingexpenses,sgaexpense,"Selling, General & Admin Expense",+,debit,usd,117000000.0
CA Inc,CA,Y7ET3D9SDOFUZ515FE28,0000356028,2011.0,Q1,2010-04-01,2010-06-30,2010-07-27 17:08:12+00:00,totaloperatingexpenses,marketingexpense,Marketing Expense,+,debit,usd,299000000.0
CA Inc,CA,Y7ET3D9SDOFUZ515FE28,0000356028,2011.0,Q1,2010-04-01,2010-06-30,2010-07-27 17:08:12+00:00,totaloperatingexpenses,rdexpense,Research & Development Expense,+,debit,usd,128000000.0
CA Inc,CA,Y7ET3D9SDOFUZ515FE28,0000356028,2011.0,Q1,2010-04-01,2010-06-30,2010-07-27 17:08:12+00:00,totaloperatingexpenses,depreciationexpense,Depreciation Expense,+,debit,usd,44000000.0
CA Inc,CA,Y7ET3D9SDOFUZ515FE28,0000356028,2011.0,Q1,2010-04-01,2010-06-30,2010-07-27 17:08:12+00:00,totaloperatingexpenses,amortizationexpense,Amortization Expense,+,debit,usd,45000000.0
CA Inc,CA,Y7ET3D9SDOFUZ515FE28,0000356028,2011.0,Q1,2010-04-01,2010-06-30,2010-07-27 17:08:12+00:00,totaloperatingexpenses,otheroperatingexpenses,Other Operating Expenses / (Income),+,debit,usd,-11000000.0
CA Inc,CA,Y7ET3D9SDOFUZ515FE28,0000356028,2011.0,Q1,2010-04-01,2010-06-30,2010-07-27 17:08:12+00:00,totaloperatingexpenses,restructuringcharge,Restructuring Charge,+,debit,usd,-3000000.0
CA Inc,CA,Y7ET3D9SDOFUZ515FE28,0000356028,2011.0,Q1,2010-04-01,2010-06-30,2010-07-27 17:08:12+00:00,totaloperatingincome,totaloperatingexpenses,Total Operating Expenses,-,debit,usd,619000000.0
CA Inc,CA,Y7ET3D9SDOFUZ515FE28,0000356028,2011.0,Q1,2010-04-01,2010-06-30,2010-07-27 17:08:12+00:00,totalpretaxincome,totaloperatingincome,Total Operating Income,+,credit,usd,324000000.0
CA Inc,CA,Y7ET3D9SDOFUZ515FE28,0000356028,2011.0,Q1,2010-04-01,2010-06-30,2010-07-27 17:08:12+00:00,totalotherincome,totalinterestexpense,Interest Expense,-,debit,usd,13000000.0
CA Inc,CA,Y7ET3D9SDOFUZ515FE28,0000356028,2011.0,Q1,2010-04-01,2010-06-30,2010-07-27 17:08:12+00:00,totalpretaxincome,totalotherincome,"Total Other Income / (Expense), net",+,credit,usd,-13000000.0
CA Inc,CA,Y7ET3D9SDOFUZ515FE28,0000356028,2011.0,Q1,2010-04-01,2010-06-30,2010-07-27 17:08:12+00:00,netincomecontinuing,totalpretaxincome,Total Pre-Tax Income ,+,credit,usd,311000000.0
CA Inc,CA,Y7ET3D9SDOFUZ515FE28,0000356028,2011.0,Q1,2010-04-01,2010-06-30,2010-07-27 17:08:12+00:00,netincomecontinuing,incometaxexpense,Income Tax Expense,-,debit,usd,88000000.0
CA Inc,CA,Y7ET3D9SDOFUZ515FE28,0000356028,2011.0,Q1,2010-04-01,2010-06-30,2010-07-27 17:08:12+00:00,netincome,netincomecontinuing,Net Income / (Loss) Continuing Operations,+,credit,usd,223000000.0
CA Inc,CA,Y7ET3D9SDOFUZ515FE28,0000356028,2011.0,Q1,2010-04-01,2010-06-30,2010-07-27 17:08:12+00:00,netincome,otheradjustmentstoconsolidatednetincome,Other Adjustments to Consolidated Net Income / (Loss),+,credit,usd,-6000000.0
CA Inc,CA,Y7ET3D9SDOFUZ515FE28,0000356028,2011.0,Q1,2010-04-01,2010-06-30,2010-07-27 17:08:12+00:00,netincometocommon,netincome,Consolidated Net Income / (Loss),+,credit,usd,217000000.0
CA Inc,CA,Y7ET3D9SDOFUZ515FE28,0000356028,2011.0,Q1,2010-04-01,2010-06-30,2010-07-27 17:08:12+00:00,,netincometocommon,Net Income / (Loss) Attributable to Common Shareholders,=,credit,usd,217000000.0
CA Inc,CA,Y7ET3D9SDOFUZ515FE28,0000356028,2011.0,Q1,2010-04-01,2010-06-30,2010-07-27 17:08:12+00:00,basiceps,weightedavebasicsharesos,Weighted Average Basic Shares Outstanding,/,,shares,510000000.0
CA Inc,CA,Y7ET3D9SDOFUZ515FE28,0000356028,2011.0,Q1,2010-04-01,2010-06-30,2010-07-27 17:08:12+00:00,,basiceps,Basic Earnings per Share,=,,usdpershare,0.42
CA Inc,CA,Y7ET3D9SDOFUZ515FE28,0000356028,2011.0,Q1,2010-04-01,2010-06-30,2010-07-27 17:08:12+00:00,dilutedeps,weightedavedilutedsharesos,Weighted Average Diluted Shares Outstanding,/,,shares,511000000.0
CA Inc,CA,Y7ET3D9SDOFUZ515FE28,0000356028,2011.0,Q1,2010-04-01,2010-06-30,2010-07-27 17:08:12+00:00,,dilutedeps,Diluted Earnings per Share,=,,usdpershare,0.42
CA Inc,CA,Y7ET3D9SDOFUZ515FE28,0000356028,2011.0,Q1,2010-04-01,2010-06-30,2010-07-27 17:08:12+00:00,basicdilutedeps,weightedavebasicdilutedsharesos,Weighted Average Basic & Diluted Shares Outstanding,/,,shares,516700000.0
CA Inc,CA,Y7ET3D9SDOFUZ515FE28,0000356028,2011.0,Q1,2010-04-01,2010-06-30,2010-07-27 17:08:12+00:00,,basicdilutedeps,Basic & Diluted Earnings per Share,=,,usdpershare,0.42
CA Inc,CA,Y7ET3D9SDOFUZ515FE28,0000356028,2011.0,Q1,2010-04-01,2010-06-30,2010-07-27 17:08:12+00:00,,cashdividendspershare,Cash Dividends to Common per Share,=,,usdpershare,0.04
CA Inc,CA,Y7ET3D9SDOFUZ515FE28,0000356028,2011.0,Q1TTM,2009-07-01,2010-06-30,,totalrevenue,operatingrevenue,Operating Revenue,+,credit,usd,4075000000.0
CA Inc,CA,Y7ET3D9SDOFUZ515FE28,0000356028,2011.0,Q1TTM,2009-07-01,2010-06-30,,totalrevenue,otherrevenue,Other Revenue,+,credit,usd,193000000.0
CA Inc,CA,Y7ET3D9SDOFUZ515FE28,0000356028,2011.0,Q1TTM,2009-07-01,2010-06-30,,totalgrossprofit,totalrevenue,Total Revenue,+,credit,usd,4268000000.0
CA Inc,CA,Y7ET3D9SDOFUZ515FE28,0000356028,2011.0,Q1TTM,2009-07-01,2010-06-30,,totalcostofrevenue,operatingcostofrevenue,Operating Cost of Revenue,+,debit,usd,528000000.0
CA Inc,CA,Y7ET3D9SDOFUZ515FE28,0000356028,2011.0,Q1TTM,2009-07-01,2010-06-30,,totalgrossprofit,totalcostofrevenue,Total Cost of Revenue,-,debit,usd,528000000.0
CA Inc,CA,Y7ET3D9SDOFUZ515FE28,0000356028,2011.0,Q1TTM,2009-07-01,2010-06-30,,totaloperatingincome,totalgrossprofit,Total Gross Profit,+,credit,usd,3740000000.0
CA Inc,CA,Y7ET3D9SDOFUZ515FE28,0000356028,2011.0,Q1TTM,2009-07-01,2010-06-30,,totaloperatingexpenses,sgaexpense,"Selling, General & Admin Expense",+,debit,usd,492000000.0
CA Inc,CA,Y7ET3D9SDOFUZ515FE28,0000356028,2011.0,Q1TTM,2009-07-01,2010-06-30,,totaloperatingexpenses,marketingexpense,Marketing Expense,+,debit,usd,1222000000.0
CA Inc,CA,Y7ET3D9SDOFUZ515FE28,0000356028,2011.0,Q1TTM,2009-07-01,2010-06-30,,totaloperatingexpenses,rdexpense,Research & Development Expense,+,debit,usd,496000000.0
CA Inc,CA,Y7ET3D9SDOFUZ515FE28,0000356028,2011.0,Q1TTM,2009-07-01,2010-06-30,,totaloperatingexpenses,depreciationexpense,Depreciation Expense,+,debit,usd,164000000.0
CA Inc,CA,Y7ET3D9SDOFUZ515FE28,0000356028,2011.0,Q1TTM,2009-07-01,2010-06-30,,totaloperatingexpenses,amortizationexpense,Amortization Expense,+,debit,usd,144000000.0
CA Inc,CA,Y7ET3D9SDOFUZ515FE28,0000356028,2011.0,Q1TTM,2009-07-01,2010-06-30,,totaloperatingexpenses,restructuringcharge,Restructuring Charge,+,debit,usd,-5000000.0
CA Inc,CA,Y7ET3D9SDOFUZ515FE28,0000356028,2011.0,Q1TTM,2009-07-01,2010-06-30,,totaloperatingincome,totaloperatingexpenses,Total Operating Expenses,-,debit,usd,2513000000.0
CA Inc,CA,Y7ET3D9SDOFUZ515FE28,0000356028,2011.0,Q1TTM,2009-07-01,2010-06-30,,totalpretaxincome,totaloperatingincome,Total Operating Income,+,credit,usd,1227000000.0
CA Inc,CA,Y7ET3D9SDOFUZ515FE28,0000356028,2011.0,Q1TTM,2009-07-01,2010-06-30,,totalotherincome,totalinterestexpense,Interest Expense,-,debit,usd,72000000.0
CA Inc,CA,Y7ET3D9SDOFUZ515FE28,0000356028,2011.0,Q1TTM,2009-07-01,2010-06-30,,totalpretaxincome,totalotherincome,"Total Other Income / (Expense), net",+,credit,usd,-72000000.0
CA Inc,CA,Y7ET3D9SDOFUZ515FE28,0000356028,2011.0,Q1TTM,2009-07-01,2010-06-30,,netincomecontinuing,totalpretaxincome,Total Pre-Tax Income ,+,credit,usd,1155000000.0
CA Inc,CA,Y7ET3D9SDOFUZ515FE28,0000356028,2011.0,Q1TTM,2009-07-01,2010-06-30,,netincomecontinuing,incometaxexpense,Income Tax Expense,-,debit,usd,368000000.0
CA Inc,CA,Y7ET3D9SDOFUZ515FE28,0000356028,2011.0,Q1TTM,2009-07-01,2010-06-30,,netincome,netincomecontinuing,Net Income / (Loss) Continuing Operations,+,credit,usd,787000000.0
CA Inc,CA,Y7ET3D9SDOFUZ515FE28,0000356028,2011.0,Q1TTM,2009-07-01,2010-06-30,,netincome,netincomediscontinued,Net Income / (Loss) Discontinued Operations,+,credit,usd,12000000.0
CA Inc,CA,Y7ET3D9SDOFUZ515FE28,0000356028,2011.0,Q1TTM,2009-07-01,2010-06-30,,netincome,otheradjustmentstoconsolidatednetincome,Other Adjustments to Consolidated Net Income / (Loss),+,credit,usd,-6000000.0
CA Inc,CA,Y7ET3D9SDOFUZ515FE28,0000356028,2011.0,Q1TTM,2009-07-01,2010-06-30,,netincometocommon,netincome,Consolidated Net Income / (Loss),+,credit,usd,793000000.0
CA Inc,CA,Y7ET3D9SDOFUZ515FE28,0000356028,2011.0,Q1TTM,2009-07-01,2010-06-30,,,netincometocommon,Net Income / (Loss) Attributable to Common Shareholders,=,credit,usd,793000000.0
CA Inc,CA,Y7ET3D9SDOFUZ515FE28,0000356028,2011.0,Q1TTM,2009-07-01,2010-06-30,,basiceps,weightedavebasicsharesos,Weighted Average Basic Shares Outstanding,/,,shares,510000000.0
CA Inc,CA,Y7ET3D9SDOFUZ515FE28,0000356028,2011.0,Q1TTM,2009-07-01,2010-06-30,,,basiceps,Basic Earnings per Share,=,,usdpershare,1.53
CA Inc,CA,Y7ET3D9SDOFUZ515FE28,0000356028,2011.0,Q1TTM,2009-07-01,2010-06-30,,dilutedeps,weightedavedilutedsharesos,Weighted Average Diluted Shares Outstanding,/,,shares,511000000.0
CA Inc,CA,Y7ET3D9SDOFUZ515FE28,0000356028,2011.0,Q1TTM,2009-07-01,2010-06-30,,,dilutedeps,Diluted Earnings per Share,=,,usdpershare,1.52
CA Inc,CA,Y7ET3D9SDOFUZ515FE28,0000356028,2011.0,Q1TTM,2009-07-01,2010-06-30,,basicdilutedeps,weightedavebasicdilutedsharesos,Weighted Average Basic & Diluted Shares Outstanding,/,,shares,516700000.0
CA Inc,CA,Y7ET3D9SDOFUZ515FE28,0000356028,2011.0,Q1TTM,2009-07-01,2010-06-30,,,basicdilutedeps,Basic & Diluted Earnings per Share,=,,usdpershare,1.9
CA Inc,CA,Y7ET3D9SDOFUZ515FE28,0000356028,2011.0,Q1TTM,2009-07-01,2010-06-30,,,cashdividendspershare,Cash Dividends to Common per Share,=,,usdpershare,0.04
CA Inc,CA,Y7ET3D9SDOFUZ515FE28,0000356028,2012.0,Q4,2012-01-01,2012-03-31,,totalrevenue,operatingrevenue,Operating Revenue,+,credit,usd,1052000000.0
CA Inc,CA,Y7ET3D9SDOFUZ515FE28,0000356028,2012.0,Q4,2012-01-01,2012-03-31,,totalrevenue,otherrevenue,Other Revenue,+,credit,usd,101000000.0
CA Inc,CA,Y7ET3D9SDOFUZ515FE28,0000356028,2012.0,Q4,2012-01-01,2012-03-31,,totalgrossprofit,totalrevenue,Total Revenue,+,credit,usd,1153000000.0
CA Inc,CA,Y7ET3D9SDOFUZ515FE28,0000356028,2012.0,Q4,2012-01-01,2012-03-31,,totalcostofrevenue,operatingcostofrevenue,Operating Cost of Revenue,+,debit,usd,164000000.0
CA Inc,CA,Y7ET3D9SDOFUZ515FE28,0000356028,2012.0,Q4,2012-01-01,2012-03-31,,totalgrossprofit,totalcostofrevenue,Total Cost of Revenue,-,debit,usd,164000000.0
CA Inc,CA,Y7ET3D9SDOFUZ515FE28,0000356028,2012.0,Q4,2012-01-01,2012-03-31,,totaloperatingincome,totalgrossprofit,Total Gross Profit,+,credit,usd,989000000.0
CA Inc,CA,Y7ET3D9SDOFUZ515FE28,0000356028,2012.0,Q4,2012-01-01,2012-03-31,,totaloperatingexpenses,sgaexpense,"Selling, General & Admin Expense",+,debit,usd,131000000.0
CA Inc,CA,Y7ET3D9SDOFUZ515FE28,0000356028,2012.0,Q4,2012-01-01,2012-03-31,,totaloperatingexpenses,marketingexpense,Marketing Expense,+,debit,usd,350000000.0
CA Inc,CA,Y7ET3D9SDOFUZ515FE28,0000356028,2012.0,Q4,2012-01-01,2012-03-31,,totaloperatingexpenses,rdexpense,Research & Development Expense,+,debit,usd,125000000.0
CA Inc,CA,Y7ET3D9SDOFUZ515FE28,0000356028,2012.0,Q4,2012-01-01,2012-03-31,,totaloperatingexpenses,depreciationexpense,Depreciation Expense,+,debit,usd,42000000.0
CA Inc,CA,Y7ET3D9SDOFUZ515FE28,0000356028,2012.0,Q4,2012-01-01,2012-03-31,,totaloperatingexpenses,amortizationexpense,Amortization Expense,+,debit,usd,59000000.0
CA Inc,CA,Y7ET3D9SDOFUZ515FE28,0000356028,2012.0,Q4,2012-01-01,2012-03-31,,totaloperatingexpenses,otheroperatingexpenses,Other Operating Expenses / (Income),+,debit,usd,-9000000.0
CA Inc,CA,Y7ET3D9SDOFUZ515FE28,0000356028,2012.0,Q4,2012-01-01,2012-03-31,,totaloperatingexpenses,restructuringcharge,Restructuring Charge,+,debit,usd,-1000000.0
CA Inc,CA,Y7ET3D9SDOFUZ515FE28,0000356028,2012.0,Q4,2012-01-01,2012-03-31,,totaloperatingexpenses,otherspecialcharges,Other Special Charges / (Income),+,debit,usd,15000000.0
CA Inc,CA,Y7ET3D9SDOFUZ515FE28,0000356028,2012.0,Q4,2012-01-01,2012-03-31,,totaloperatingincome,totaloperatingexpenses,Total Operating Expenses,-,debit,usd,712000000.0
CA Inc,CA,Y7ET3D9SDOFUZ515FE28,0000356028,2012.0,Q4,2012-01-01,2012-03-31,,totalpretaxincome,totaloperatingincome,Total Operating Income,+,credit,usd,277000000.0
CA Inc,CA,Y7ET3D9SDOFUZ515FE28,0000356028,2012.0,Q4,2012-01-01,2012-03-31,,totalotherincome,totalinterestexpense,Interest Expense,-,debit,usd,11000000.0
CA Inc,CA,Y7ET3D9SDOFUZ515FE28,0000356028,2012.0,Q4,2012-01-01,2012-03-31,,totalpretaxincome,totalotherincome,"Total Other Income / (Expense), net",+,credit,usd,-11000000.0
CA Inc,CA,Y7ET3D9SDOFUZ515FE28,0000356028,2012.0,Q4,2012-01-01,2012-03-31,,netincomecontinuing,totalpretaxincome,Total Pre-Tax Income ,+,credit,usd,266000000.0
CA Inc,CA,Y7ET3D9SDOFUZ515FE28,0000356028,2012.0,Q4,2012-01-01,2012-03-31,,netincomecontinuing,incometaxexpense,Income Tax Expense,-,debit,usd,70000000.0
CA Inc,CA,Y7ET3D9SDOFUZ515FE28,0000356028,2012.0,Q4,2012-01-01,2012-03-31,,netincome,netincomecontinuing,Net Income / (Loss) Continuing Operations,+,credit,usd,196000000.0
CA Inc,CA,Y7ET3D9SDOFUZ515FE28,0000356028,2012.0,Q4,2012-01-01,2012-03-31,,netincome,netincomediscontinued,Net Income / (Loss) Discontinued Operations,+,credit,usd,15000000.0
CA Inc,CA,Y7ET3D9SDOFUZ515FE28,0000356028,2012.0,Q4,2012-01-01,2012-03-31,,netincometocommon,netincome,Consolidated Net Income / (Loss),+,credit,usd,211000000.0
CA Inc,CA,Y7ET3D9SDOFUZ515FE28,0000356028,2012.0,Q4,2012-01-01,2012-03-31,,,netincometocommon,Net Income / (Loss) Attributable to Common Shareholders,=,credit,usd,211000000.0
CA Inc,CA,Y7ET3D9SDOFUZ515FE28,0000356028,2012.0,Q4,2012-01-01,2012-03-31,,basiceps,weightedavebasicsharesos,Weighted Average Basic Shares Outstanding,/,,shares,486000000.0
CA Inc,CA,Y7ET3D9SDOFUZ515FE28,0000356028,2012.0,Q4,2012-01-01,2012-03-31,,,basiceps,Basic Earnings per Share,=,,usdpershare,0.45
CA Inc,CA,Y7ET3D9SDOFUZ515FE28,0000356028,2012.0,Q4,2012-01-01,2012-03-31,,dilutedeps,weightedavedilutedsharesos,Weighted Average Diluted Shares Outstanding,/,,shares,487000000.0
CA Inc,CA,Y7ET3D9SDOFUZ515FE28,0000356028,2012.0,Q4,2012-01-01,2012-03-31,,,dilutedeps,Diluted Earnings per Share,=,,usdpershare,0.45
CA Inc,CA,Y7ET3D9SDOFUZ515FE28,0000356028,2012.0,Q4,2012-01-01,2012-03-31,,basicdilutedeps,weightedavebasicdilutedsharesos,Weighted Average Basic & Diluted Shares Outstanding,/,,shares,490200000.0
CA Inc,CA,Y7ET3D9SDOFUZ515FE28,0000356028,2012.0,Q4,2012-01-01,2012-03-31,,,basicdilutedeps,Basic & Diluted Earnings per Share,=,,usdpershare,0.45
CA Inc,CA,Y7ET3D9SDOFUZ515FE28,0000356028,2012.0,Q4,2012-01-01,2012-03-31,,,cashdividendspershare,Cash Dividends to Common per Share,=,,usdpershare,-0.15
CA Inc,CA,Y7ET3D9SDOFUZ515FE28,0000356028,2012.0,FY,2011-04-01,2012-03-31,2014-05-19 16:04:15+00:00,totalrevenue,operatingrevenue,Operating Revenue,+,credit,usd,4376000000.0
CA Inc,CA,Y7ET3D9SDOFUZ515FE28,0000356028,2012.0,FY,2011-04-01,2012-03-31,2014-05-19 16:04:15+00:00,totalrevenue,otherrevenue,Other Revenue,+,credit,usd,403000000.0
CA Inc,CA,Y7ET3D9SDOFUZ515FE28,0000356028,2012.0,FY,2011-04-01,2012-03-31,2014-05-19 16:04:15+00:00,totalgrossprofit,totalrevenue,Total Revenue,+,credit,usd,4779000000.0
CA Inc,CA,Y7ET3D9SDOFUZ515FE28,0000356028,2012.0,FY,2011-04-01,2012-03-31,2014-05-19 16:04:15+00:00,totalcostofrevenue,operatingcostofrevenue,Operating Cost of Revenue,+,debit,usd,641000000.0
CA Inc,CA,Y7ET3D9SDOFUZ515FE28,0000356028,2012.0,FY,2011-04-01,2012-03-31,2014-05-19 16:04:15+00:00,totalgrossprofit,totalcostofrevenue,Total Cost of Revenue,-,debit,usd,641000000.0
CA Inc,CA,Y7ET3D9SDOFUZ515FE28,0000356028,2012.0,FY,2011-04-01,2012-03-31,2014-05-19 16:04:15+00:00,totaloperatingincome,totalgrossprofit,Total Gross Profit,+,credit,usd,4138000000.0
CA Inc,CA,Y7ET3D9SDOFUZ515FE28,0000356028,2012.0,FY,2011-04-01,2012-03-31,2014-05-19 16:04:15+00:00,totaloperatingexpenses,sgaexpense,"Selling, General & Admin Expense",+,debit,usd,462000000.0
CA Inc,CA,Y7ET3D9SDOFUZ515FE28,0000356028,2012.0,FY,2011-04-01,2012-03-31,2014-05-19 16:04:15+00:00,totaloperatingexpenses,marketingexpense,Marketing Expense,+,debit,usd,1388000000.0
CA Inc,CA,Y7ET3D9SDOFUZ515FE28,0000356028,2012.0,FY,2011-04-01,2012-03-31,2014-05-19 16:04:15+00:00,totaloperatingexpenses,rdexpense,Research & Development Expense,+,debit,usd,509000000.0
CA Inc,CA,Y7ET3D9SDOFUZ515FE28,0000356028,2012.0,FY,2011-04-01,2012-03-31,2014-05-19 16:04:15+00:00,totaloperatingexpenses,depreciationexpense,Depreciation Expense,+,debit,usd,176000000.0
CA Inc,CA,Y7ET3D9SDOFUZ515FE28,0000356028,2012.0,FY,2011-04-01,2012-03-31,2014-05-19 16:04:15+00:00,totaloperatingexpenses,amortizationexpense,Amortization Expense,+,debit,usd,223000000.0
CA Inc,CA,Y7ET3D9SDOFUZ515FE28,0000356028,2012.0,FY,2011-04-01,2012-03-31,2014-05-19 16:04:15+00:00,totaloperatingexpenses,otherspecialcharges,Other Special Charges / (Income),+,debit,usd,15000000.0
CA Inc,CA,Y7ET3D9SDOFUZ515FE28,0000356028,2012.0,FY,2011-04-01,2012-03-31,2014-05-19 16:04:15+00:00,totaloperatingincome,totaloperatingexpenses,Total Operating Expenses,-,debit,usd,2773000000.0
CA Inc,CA,Y7ET3D9SDOFUZ515FE28,0000356028,2012.0,FY,2011-04-01,2012-03-31,2014-05-19 16:04:15+00:00,totalpretaxincome,totaloperatingincome,Total Operating Income,+,credit,usd,1365000000.0
CA Inc,CA,Y7ET3D9SDOFUZ515FE28,0000356028,2012.0,FY,2011-04-01,2012-03-31,2014-05-19 16:04:15+00:00,totalotherincome,totalinterestexpense,Interest Expense,-,debit,usd,35000000.0
CA Inc,CA,Y7ET3D9SDOFUZ515FE28,0000356028,2012.0,FY,2011-04-01,2012-03-31,2014-05-19 16:04:15+00:00,totalpretaxincome,totalotherincome,"Total Other Income / (Expense), net",+,credit,usd,-35000000.0
CA Inc,CA,Y7ET3D9SDOFUZ515FE28,0000356028,2012.0,FY,2011-04-01,2012-03-31,2014-05-19 16:04:15+00:00,netincomecontinuing,totalpretaxincome,Total Pre-Tax Income ,+,credit,usd,1330000000.0
CA Inc,CA,Y7ET3D9SDOFUZ515FE28,0000356028,2012.0,FY,2011-04-01,2012-03-31,2014-05-19 16:04:15+00:00,netincomecontinuing,incometaxexpense,Income Tax Expense,-,debit,usd,407000000.0
CA Inc,CA,Y7ET3D9SDOFUZ515FE28,0000356028,2012.0,FY,2011-04-01,2012-03-31,2014-05-19 16:04:15+00:00,netincome,netincomecontinuing,Net Income / (Loss) Continuing Operations,+,credit,usd,923000000.0
CA Inc,CA,Y7ET3D9SDOFUZ515FE28,0000356028,2012.0,FY,2011-04-01,2012-03-31,2014-05-19 16:04:15+00:00,netincome,netincomediscontinued,Net Income / (Loss) Discontinued Operations,+,credit,usd,28000000.0
CA Inc,CA,Y7ET3D9SDOFUZ515FE28,0000356028,2012.0,FY,2011-04-01,2012-03-31,2014-05-19 16:04:15+00:00,netincometocommon,netincome,Consolidated Net Income / (Loss),+,credit,usd,951000000.0
CA Inc,CA,Y7ET3D9SDOFUZ515FE28,0000356028,2012.0,FY,2011-04-01,2012-03-31,2014-05-19 16:04:15+00:00,,netincometocommon,Net Income / (Loss) Attributable to Common Shareholders,=,credit,usd,951000000.0
CA Inc,CA,Y7ET3D9SDOFUZ515FE28,0000356028,2012.0,FY,2011-04-01,2012-03-31,2014-05-19 16:04:15+00:00,basiceps,weightedavebasicsharesos,Weighted Average Basic Shares Outstanding,/,,shares,486000000.0
CA Inc,CA,Y7ET3D9SDOFUZ515FE28,0000356028,2012.0,FY,2011-04-01,2012-03-31,2014-05-19 16:04:15+00:00,,basiceps,Basic Earnings per Share,=,,usdpershare,1.94
CA Inc,CA,Y7ET3D9SDOFUZ515FE28,0000356028,2012.0,FY,2011-04-01,2012-03-31,2014-05-19 16:04:15+00:00,dilutedeps,weightedavedilutedsharesos,Weighted Average Diluted Shares Outstanding,/,,shares,487000000.0
CA Inc,CA,Y7ET3D9SDOFUZ515FE28,0000356028,2012.0,FY,2011-04-01,2012-03-31,2014-05-19 16:04:15+00:00,,dilutedeps,Diluted Earnings per Share,=,,usdpershare,1.93
CA Inc,CA,Y7ET3D9SDOFUZ515FE28,0000356028,2012.0,FY,2011-04-01,2012-03-31,2014-05-19 16:04:15+00:00,basicdilutedeps,weightedavebasicdilutedsharesos,Weighted Average Basic & Diluted Shares Outstanding,/,,shares,490200000.0
CA Inc,CA,Y7ET3D9SDOFUZ515FE28,0000356028,2012.0,FY,2011-04-01,2012-03-31,2014-05-19 16:04:15+00:00,,basicdilutedeps,Basic & Diluted Earnings per Share,=,,usdpershare,1.94
CA Inc,CA,Y7ET3D9SDOFUZ515FE28,0000356028,2012.0,Q3,2011-10-01,2011-12-31,2012-01-25 16:26:44+00:00,totalrevenue,operatingrevenue,Operating Revenue,+,credit,usd,1109000000.0
CA Inc,CA,Y7ET3D9SDOFUZ515FE28,0000356028,2012.0,Q3,2011-10-01,2011-12-31,2012-01-25 16:26:44+00:00,totalrevenue,otherrevenue,Other Revenue,+,credit,usd,154000000.0
CA Inc,CA,Y7ET3D9SDOFUZ515FE28,0000356028,2012.0,Q3,2011-10-01,2011-12-31,2012-01-25 16:26:44+00:00,totalgrossprofit,totalrevenue,Total Revenue,+,credit,usd,1263000000.0
CA Inc,CA,Y7ET3D9SDOFUZ515FE28,0000356028,2012.0,Q3,2011-10-01,2011-12-31,2012-01-25 16:26:44+00:00,totalcostofrevenue,operatingcostofrevenue,Operating Cost of Revenue,+,debit,usd,160000000.0
CA Inc,CA,Y7ET3D9SDOFUZ515FE28,0000356028,2012.0,Q3,2011-10-01,2011-12-31,2012-01-25 16:26:44+00:00,totalgrossprofit,totalcostofrevenue,Total Cost of Revenue,-,debit,usd,160000000.0
CA Inc,CA,Y7ET3D9SDOFUZ515FE28,0000356028,2012.0,Q3,2011-10-01,2011-12-31,2012-01-25 16:26:44+00:00,totaloperatingincome,totalgrossprofit,Total Gross Profit,+,credit,usd,1103000000.0
CA Inc,CA,Y7ET3D9SDOFUZ515FE28,0000356028,2012.0,Q3,2011-10-01,2011-12-31,2012-01-25 16:26:44+00:00,totaloperatingexpenses,sgaexpense,"Selling, General & Admin Expense",+,debit,usd,113000000.0
CA Inc,CA,Y7ET3D9SDOFUZ515FE28,0000356028,2012.0,Q3,2011-10-01,2011-12-31,2012-01-25 16:26:44+00:00,totaloperatingexpenses,marketingexpense,Marketing Expense,+,debit,usd,342000000.0
CA Inc,CA,Y7ET3D9SDOFUZ515FE28,0000356028,2012.0,Q3,2011-10-01,2011-12-31,2012-01-25 16:26:44+00:00,totaloperatingexpenses,rdexpense,Research & Development Expense,+,debit,usd,126000000.0
CA Inc,CA,Y7ET3D9SDOFUZ515FE28,0000356028,2012.0,Q3,2011-10-01,2011-12-31,2012-01-25 16:26:44+00:00,totaloperatingexpenses,depreciationexpense,Depreciation Expense,+,debit,usd,44000000.0
CA Inc,CA,Y7ET3D9SDOFUZ515FE28,0000356028,2012.0,Q3,2011-10-01,2011-12-31,2012-01-25 16:26:44+00:00,totaloperatingexpenses,amortizationexpense,Amortization Expense,+,debit,usd,59000000.0
CA Inc,CA,Y7ET3D9SDOFUZ515FE28,0000356028,2012.0,Q3,2011-10-01,2011-12-31,2012-01-25 16:26:44+00:00,totaloperatingexpenses,otheroperatingexpenses,Other Operating Expenses / (Income),+,debit,usd,6000000.0
CA Inc,CA,Y7ET3D9SDOFUZ515FE28,0000356028,2012.0,Q3,2011-10-01,2011-12-31,2012-01-25 16:26:44+00:00,totaloperatingincome,totaloperatingexpenses,Total Operating Expenses,-,debit,usd,690000000.0
CA Inc,CA,Y7ET3D9SDOFUZ515FE28,0000356028,2012.0,Q3,2011-10-01,2011-12-31,2012-01-25 16:26:44+00:00,totalpretaxincome,totaloperatingincome,Total Operating Income,+,credit,usd,413000000.0
CA Inc,CA,Y7ET3D9SDOFUZ515FE28,0000356028,2012.0,Q3,2011-10-01,2011-12-31,2012-01-25 16:26:44+00:00,totalotherincome,totalinterestexpense,Interest Expense,-,debit,usd,9000000.0
CA Inc,CA,Y7ET3D9SDOFUZ515FE28,0000356028,2012.0,Q3,2011-10-01,2011-12-31,2012-01-25 16:26:44+00:00,totalpretaxincome,totalotherincome,"Total Other Income / (Expense), net",+,credit,usd,-9000000.0
CA Inc,CA,Y7ET3D9SDOFUZ515FE28,0000356028,2012.0,Q3,2011-10-01,2011-12-31,2012-01-25 16:26:44+00:00,netincomecontinuing,totalpretaxincome,Total Pre-Tax Income ,+,credit,usd,404000000.0
CA Inc,CA,Y7ET3D9SDOFUZ515FE28,0000356028,2012.0,Q3,2011-10-01,2011-12-31,2012-01-25 16:26:44+00:00,netincomecontinuing,incometaxexpense,Income Tax Expense,-,debit,usd,141000000.0
CA Inc,CA,Y7ET3D9SDOFUZ515FE28,0000356028,2012.0,Q3,2011-10-01,2011-12-31,2012-01-25 16:26:44+00:00,netincome,netincomecontinuing,Net Income / (Loss) Continuing Operations,+,credit,usd,263000000.0
CA Inc,CA,Y7ET3D9SDOFUZ515FE28,0000356028,2012.0,Q3,2011-10-01,2011-12-31,2012-01-25 16:26:44+00:00,netincome,netincomediscontinued,Net Income / (Loss) Discontinued Operations,+,credit,usd,0.0
CA Inc,CA,Y7ET3D9SDOFUZ515FE28,0000356028,2012.0,Q3,2011-10-01,2011-12-31,2012-01-25 16:26:44+00:00,netincometocommon,netincome,Consolidated Net Income / (Loss),+,credit,usd,263000000.0
CA Inc,CA,Y7ET3D9SDOFUZ515FE28,0000356028,2012.0,Q3,2011-10-01,2011-12-31,2012-01-25 16:26:44+00:00,,netincometocommon,Net Income / (Loss) Attributable to Common Shareholders,=,credit,usd,263000000.0
CA Inc,CA,Y7ET3D9SDOFUZ515FE28,0000356028,2012.0,Q3,2011-10-01,2011-12-31,2012-01-25 16:26:44+00:00,basiceps,weightedavebasicsharesos,Weighted Average Basic Shares Outstanding,/,,shares,483000000.0
CA Inc,CA,Y7ET3D9SDOFUZ515FE28,0000356028,2012.0,Q3,2011-10-01,2011-12-31,2012-01-25 16:26:44+00:00,,basiceps,Basic Earnings per Share,=,,usdpershare,0.54
CA Inc,CA,Y7ET3D9SDOFUZ515FE28,0000356028,2012.0,Q3,2011-10-01,2011-12-31,2012-01-25 16:26:44+00:00,dilutedeps,weightedavedilutedsharesos,Weighted Average Diluted Shares Outstanding,/,,shares,484000000.0
CA Inc,CA,Y7ET3D9SDOFUZ515FE28,0000356028,2012.0,Q3,2011-10-01,2011-12-31,2012-01-25 16:26:44+00:00,,dilutedeps,Diluted Earnings per Share,=,,usdpershare,0.54
CA Inc,CA,Y7ET3D9SDOFUZ515FE28,0000356028,2012.0,Q3,2011-10-01,2011-12-31,2012-01-25 16:26:44+00:00,basicdilutedeps,weightedavebasicdilutedsharesos,Weighted Average Basic & Diluted Shares Outstanding,/,,shares,487000000.0
CA Inc,CA,Y7ET3D9SDOFUZ515FE28,0000356028,2012.0,Q3,2011-10-01,2011-12-31,2012-01-25 16:26:44+00:00,,basicdilutedeps,Basic & Diluted Earnings per Share,=,,usdpershare,0.54
CA Inc,CA,Y7ET3D9SDOFUZ515FE28,0000356028,2012.0,Q3,2011-10-01,2011-12-31,2012-01-25 16:26:44+00:00,,cashdividendspershare,Cash Dividends to Common per Share,=,,usdpershare,0.05
CA Inc,CA,Y7ET3D9SDOFUZ515FE28,0000356028,2012.0,Q3YTD,2011-04-01,2011-12-31,,totalrevenue,operatingrevenue,Operating Revenue,+,credit,usd,3324000000.0
CA Inc,CA,Y7ET3D9SDOFUZ515FE28,0000356028,2012.0,Q3YTD,2011-04-01,2011-12-31,,totalrevenue,otherrevenue,Other Revenue,+,credit,usd,302000000.0
CA Inc,CA,Y7ET3D9SDOFUZ515FE28,0000356028,2012.0,Q3YTD,2011-04-01,2011-12-31,,totalgrossprofit,totalrevenue,Total Revenue,+,credit,usd,3626000000.0
CA Inc,CA,Y7ET3D9SDOFUZ515FE28,0000356028,2012.0,Q3YTD,2011-04-01,2011-12-31,,totalcostofrevenue,operatingcostofrevenue,Operating Cost of Revenue,+,debit,usd,477000000.0
CA Inc,CA,Y7ET3D9SDOFUZ515FE28,0000356028,2012.0,Q3YTD,2011-04-01,2011-12-31,,totalgrossprofit,totalcostofrevenue,Total Cost of Revenue,-,debit,usd,477000000.0
CA Inc,CA,Y7ET3D9SDOFUZ515FE28,0000356028,2012.0,Q3YTD,2011-04-01,2011-12-31,,totaloperatingincome,totalgrossprofit,Total Gross Profit,+,credit,usd,3149000000.0
CA Inc,CA,Y7ET3D9SDOFUZ515FE28,0000356028,2012.0,Q3YTD,2011-04-01,2011-12-31,,totaloperatingexpenses,sgaexpense,"Selling, General & Admin Expense",+,debit,usd,331000000.0
CA Inc,CA,Y7ET3D9SDOFUZ515FE28,0000356028,2012.0,Q3YTD,2011-04-01,2011-12-31,,totaloperatingexpenses,marketingexpense,Marketing Expense,+,debit,usd,1038000000.0
CA Inc,CA,Y7ET3D9SDOFUZ515FE28,0000356028,2012.0,Q3YTD,2011-04-01,2011-12-31,,totaloperatingexpenses,rdexpense,Research & Development Expense,+,debit,usd,384000000.0
CA Inc,CA,Y7ET3D9SDOFUZ515FE28,0000356028,2012.0,Q3YTD,2011-04-01,2011-12-31,,totaloperatingexpenses,depreciationexpense,Depreciation Expense,+,debit,usd,134000000.0
CA Inc,CA,Y7ET3D9SDOFUZ515FE28,0000356028,2012.0,Q3YTD,2011-04-01,2011-12-31,,totaloperatingexpenses,amortizationexpense,Amortization Expense,+,debit,usd,164000000.0
CA Inc,CA,Y7ET3D9SDOFUZ515FE28,0000356028,2012.0,Q3YTD,2011-04-01,2011-12-31,,totaloperatingexpenses,otheroperatingexpenses,Other Operating Expenses / (Income),+,debit,usd,9000000.0
CA Inc,CA,Y7ET3D9SDOFUZ515FE28,0000356028,2012.0,Q3YTD,2011-04-01,2011-12-31,,totaloperatingexpenses,restructuringcharge,Restructuring Charge,+,debit,usd,1000000.0
CA Inc,CA,Y7ET3D9SDOFUZ515FE28,0000356028,2012.0,Q3YTD,2011-04-01,2011-12-31,,totaloperatingincome,totaloperatingexpenses,Total Operating Expenses,-,debit,usd,2061000000.0
CA Inc,CA,Y7ET3D9SDOFUZ515FE28,0000356028,2012.0,Q3YTD,2011-04-01,2011-12-31,,totalpretaxincome,totaloperatingincome,Total Operating Income,+,credit,usd,1088000000.0
CA Inc,CA,Y7ET3D9SDOFUZ515FE28,0000356028,2012.0,Q3YTD,2011-04-01,2011-12-31,,totalotherincome,totalinterestexpense,Interest Expense,-,debit,usd,24000000.0
CA Inc,CA,Y7ET3D9SDOFUZ515FE28,0000356028,2012.0,Q3YTD,2011-04-01,2011-12-31,,totalpretaxincome,totalotherincome,"Total Other Income / (Expense), net",+,credit,usd,-24000000.0
CA Inc,CA,Y7ET3D9SDOFUZ515FE28,0000356028,2012.0,Q3YTD,2011-04-01,2011-12-31,,netincomecontinuing,totalpretaxincome,Total Pre-Tax Income ,+,credit,usd,1064000000.0
CA Inc,CA,Y7ET3D9SDOFUZ515FE28,0000356028,2012.0,Q3YTD,2011-04-01,2011-12-31,,netincomecontinuing,incometaxexpense,Income Tax Expense,-,debit,usd,337000000.0
CA Inc,CA,Y7ET3D9SDOFUZ515FE28,0000356028,2012.0,Q3YTD,2011-04-01,2011-12-31,,netincome,netincomecontinuing,Net Income / (Loss) Continuing Operations,+,credit,usd,727000000.0
CA Inc,CA,Y7ET3D9SDOFUZ515FE28,0000356028,2012.0,Q3YTD,2011-04-01,2011-12-31,,netincome,netincomediscontinued,Net Income / (Loss) Discontinued Operations,+,credit,usd,13000000.0
CA Inc,CA,Y7ET3D9SDOFUZ515FE28,0000356028,2012.0,Q3YTD,2011-04-01,2011-12-31,,netincometocommon,netincome,Consolidated Net Income / (Loss),+,credit,usd,740000000.0
CA Inc,CA,Y7ET3D9SDOFUZ515FE28,0000356028,2012.0,Q3YTD,2011-04-01,2011-12-31,,,netincometocommon,Net Income / (Loss) Attributable to Common Shareholders,=,credit,usd,740000000.0
CA Inc,CA,Y7ET3D9SDOFUZ515FE28,0000356028,2012.0,Q3YTD,2011-04-01,2011-12-31,,basiceps,weightedavebasicsharesos,Weighted Average Basic Shares Outstanding,/,,shares,483000000.0
CA Inc,CA,Y7ET3D9SDOFUZ515FE28,0000356028,2012.0,Q3YTD,2011-04-01,2011-12-31,,,basiceps,Basic Earnings per Share,=,,usdpershare,1.49
CA Inc,CA,Y7ET3D9SDOFUZ515FE28,0000356028,2012.0,Q3YTD,2011-04-01,2011-12-31,,dilutedeps,weightedavedilutedsharesos,Weighted Average Diluted Shares Outstanding,/,,shares,484000000.0
CA Inc,CA,Y7ET3D9SDOFUZ515FE28,0000356028,2012.0,Q3YTD,2011-04-01,2011-12-31,,,dilutedeps,Diluted Earnings per Share,=,,usdpershare,1.48
CA Inc,CA,Y7ET3D9SDOFUZ515FE28,0000356028,2012.0,Q3YTD,2011-04-01,2011-12-31,,basicdilutedeps,weightedavebasicdilutedsharesos,Weighted Average Basic & Diluted Shares Outstanding,/,,shares,487000000.0
CA Inc,CA,Y7ET3D9SDOFUZ515FE28,0000356028,2012.0,Q3YTD,2011-04-01,2011-12-31,,,basicdilutedeps,Basic & Diluted Earnings per Share,=,,usdpershare,1.49
CA Inc,CA,Y7ET3D9SDOFUZ515FE28,0000356028,2012.0,Q3YTD,2011-04-01,2011-12-31,,,cashdividendspershare,Cash Dividends to Common per Share,=,,usdpershare,0.15
CA Inc,CA,Y7ET3D9SDOFUZ515FE28,0000356028,2012.0,Q3TTM,2011-01-01,2011-12-31,,totalrevenue,operatingrevenue,Operating Revenue,+,credit,usd,4311000000.0
CA Inc,CA,Y7ET3D9SDOFUZ515FE28,0000356028,2012.0,Q3TTM,2011-01-01,2011-12-31,,totalrevenue,otherrevenue,Other Revenue,+,credit,usd,378000000.0
CA Inc,CA,Y7ET3D9SDOFUZ515FE28,0000356028,2012.0,Q3TTM,2011-01-01,2011-12-31,,totalgrossprofit,totalrevenue,Total Revenue,+,credit,usd,4689000000.0
CA Inc,CA,Y7ET3D9SDOFUZ515FE28,0000356028,2012.0,Q3TTM,2011-01-01,2011-12-31,,totalcostofrevenue,operatingcostofrevenue,Operating Cost of Revenue,+,debit,usd,602000000.0
CA Inc,CA,Y7ET3D9SDOFUZ515FE28,0000356028,2012.0,Q3TTM,2011-01-01,2011-12-31,,totalgrossprofit,totalcostofrevenue,Total Cost of Revenue,-,debit,usd,602000000.0
CA Inc,CA,Y7ET3D9SDOFUZ515FE28,0000356028,2012.0,Q3TTM,2011-01-01,2011-12-31,,totaloperatingincome,totalgrossprofit,Total Gross Profit,+,credit,usd,4087000000.0
CA Inc,CA,Y7ET3D9SDOFUZ515FE28,0000356028,2012.0,Q3TTM,2011-01-01,2011-12-31,,totaloperatingexpenses,sgaexpense,"Selling, General & Admin Expense",+,debit,usd,438000000.0
CA Inc,CA,Y7ET3D9SDOFUZ515FE28,0000356028,2012.0,Q3TTM,2011-01-01,2011-12-31,,totaloperatingexpenses,marketingexpense,Marketing Expense,+,debit,usd,1369000000.0
CA Inc,CA,Y7ET3D9SDOFUZ515FE28,0000356028,2012.0,Q3TTM,2011-01-01,2011-12-31,,totaloperatingexpenses,rdexpense,Research & Development Expense,+,debit,usd,492000000.0
CA Inc,CA,Y7ET3D9SDOFUZ515FE28,0000356028,2012.0,Q3TTM,2011-01-01,2011-12-31,,totaloperatingexpenses,depreciationexpense,Depreciation Expense,+,debit,usd,185000000.0
CA Inc,CA,Y7ET3D9SDOFUZ515FE28,0000356028,2012.0,Q3TTM,2011-01-01,2011-12-31,,totaloperatingexpenses,amortizationexpense,Amortization Expense,+,debit,usd,211000000.0
CA Inc,CA,Y7ET3D9SDOFUZ515FE28,0000356028,2012.0,Q3TTM,2011-01-01,2011-12-31,,totaloperatingexpenses,restructuringcharge,Restructuring Charge,+,debit,usd,12000000.0
CA Inc,CA,Y7ET3D9SDOFUZ515FE28,0000356028,2012.0,Q3TTM,2011-01-01,2011-12-31,,totaloperatingexpenses,otherspecialcharges,Other Special Charges / (Income),+,debit,usd,7000000.0
CA Inc,CA,Y7ET3D9SDOFUZ515FE28,0000356028,2012.0,Q3TTM,2011-01-01,2011-12-31,,totaloperatingincome,totaloperatingexpenses,Total Operating Expenses,-,debit,usd,2714000000.0
CA Inc,CA,Y7ET3D9SDOFUZ515FE28,0000356028,2012.0,Q3TTM,2011-01-01,2011-12-31,,totalpretaxincome,totaloperatingincome,Total Operating Income,+,credit,usd,1373000000.0
CA Inc,CA,Y7ET3D9SDOFUZ515FE28,0000356028,2012.0,Q3TTM,2011-01-01,2011-12-31,,totalotherincome,totalinterestexpense,Interest Expense,-,debit,usd,34000000.0
CA Inc,CA,Y7ET3D9SDOFUZ515FE28,0000356028,2012.0,Q3TTM,2011-01-01,2011-12-31,,totalpretaxincome,totalotherincome,"Total Other Income / (Expense), net",+,credit,usd,-34000000.0
CA Inc,CA,Y7ET3D9SDOFUZ515FE28,0000356028,2012.0,Q3TTM,2011-01-01,2011-12-31,,netincomecontinuing,totalpretaxincome,Total Pre-Tax Income ,+,credit,usd,1339000000.0
CA Inc,CA,Y7ET3D9SDOFUZ515FE28,0000356028,2012.0,Q3TTM,2011-01-01,2011-12-31,,netincomecontinuing,incometaxexpense,Income Tax Expense,-,debit,usd,434000000.0
CA Inc,CA,Y7ET3D9SDOFUZ515FE28,0000356028,2012.0,Q3TTM,2011-01-01,2011-12-31,,netincome,netincomecontinuing,Net Income / (Loss) Continuing Operations,+,credit,usd,905000000.0
CA Inc,CA,Y7ET3D9SDOFUZ515FE28,0000356028,2012.0,Q3TTM,2011-01-01,2011-12-31,,netincome,netincomediscontinued,Net Income / (Loss) Discontinued Operations,+,credit,usd,17000000.0
CA Inc,CA,Y7ET3D9SDOFUZ515FE28,0000356028,2012.0,Q3TTM,2011-01-01,2011-12-31,,netincome,otheradjustmentstoconsolidatednetincome,Other Adjustments to Consolidated Net Income / (Loss),+,credit,usd,6000000.0
CA Inc,CA,Y7ET3D9SDOFUZ515FE28,0000356028,2012.0,Q3TTM,2011-01-01,2011-12-31,,netincometocommon,netincome,Consolidated Net Income / (Loss),+,credit,usd,928000000.0
CA Inc,CA,Y7ET3D9SDOFUZ515FE28,0000356028,2012.0,Q3TTM,2011-01-01,2011-12-31,,,netincometocommon,Net Income / (Loss) Attributable to Common Shareholders,=,credit,usd,928000000.0
CA Inc,CA,Y7ET3D9SDOFUZ515FE28,0000356028,2012.0,Q3TTM,2011-01-01,2011-12-31,,basiceps,weightedavebasicsharesos,Weighted Average Basic Shares Outstanding,/,,shares,483000000.0
CA Inc,CA,Y7ET3D9SDOFUZ515FE28,0000356028,2012.0,Q3TTM,2011-01-01,2011-12-31,,,basiceps,Basic Earnings per Share,=,,usdpershare,1.86
CA Inc,CA,Y7ET3D9SDOFUZ515FE28,0000356028,2012.0,Q3TTM,2011-01-01,2011-12-31,,dilutedeps,weightedavedilutedsharesos,Weighted Average Diluted Shares Outstanding,/,,shares,484000000.0
CA Inc,CA,Y7ET3D9SDOFUZ515FE28,0000356028,2012.0,Q3TTM,2011-01-01,2011-12-31,,,dilutedeps,Diluted Earnings per Share,=,,usdpershare,1.85
CA Inc,CA,Y7ET3D9SDOFUZ515FE28,0000356028,2012.0,Q3TTM,2011-01-01,2011-12-31,,basicdilutedeps,weightedavebasicdilutedsharesos,Weighted Average Basic & Diluted Shares Outstanding,/,,shares,487000000.0
CA Inc,CA,Y7ET3D9SDOFUZ515FE28,0000356028,2012.0,Q3TTM,2011-01-01,2011-12-31,,,basicdilutedeps,Basic & Diluted Earnings per Share,=,,usdpershare,1.86
CA Inc,CA,Y7ET3D9SDOFUZ515FE28,0000356028,2012.0,Q3TTM,2011-01-01,2011-12-31,,,cashdividendspershare,Cash Dividends to Common per Share,=,,usdpershare,0.03
CA Inc,CA,Y7ET3D9SDOFUZ515FE28,0000356028,2012.0,Q2,2011-07-01,2011-09-30,2011-10-27 16:26:35+00:00,totalrevenue,operatingrevenue,Operating Revenue,+,credit,usd,1118000000.0
CA Inc,CA,Y7ET3D9SDOFUZ515FE28,0000356028,2012.0,Q2,2011-07-01,2011-09-30,2011-10-27 16:26:35+00:00,totalrevenue,otherrevenue,Other Revenue,+,credit,usd,82000000.0
CA Inc,CA,Y7ET3D9SDOFUZ515FE28,0000356028,2012.0,Q2,2011-07-01,2011-09-30,2011-10-27 16:26:35+00:00,totalgrossprofit,totalrevenue,Total Revenue,+,credit,usd,1200000000.0
CA Inc,CA,Y7ET3D9SDOFUZ515FE28,0000356028,2012.0,Q2,2011-07-01,2011-09-30,2011-10-27 16:26:35+00:00,totalcostofrevenue,operatingcostofrevenue,Operating Cost of Revenue,+,debit,usd,162000000.0
CA Inc,CA,Y7ET3D9SDOFUZ515FE28,0000356028,2012.0,Q2,2011-07-01,2011-09-30,2011-10-27 16:26:35+00:00,totalgrossprofit,totalcostofrevenue,Total Cost of Revenue,-,debit,usd,162000000.0
CA Inc,CA,Y7ET3D9SDOFUZ515FE28,0000356028,2012.0,Q2,2011-07-01,2011-09-30,2011-10-27 16:26:35+00:00,totaloperatingincome,totalgrossprofit,Total Gross Profit,+,credit,usd,1038000000.0
CA Inc,CA,Y7ET3D9SDOFUZ515FE28,0000356028,2012.0,Q2,2011-07-01,2011-09-30,2011-10-27 16:26:35+00:00,totaloperatingexpenses,sgaexpense,"Selling, General & Admin Expense",+,debit,usd,104000000.0
CA Inc,CA,Y7ET3D9SDOFUZ515FE28,0000356028,2012.0,Q2,2011-07-01,2011-09-30,2011-10-27 16:26:35+00:00,totaloperatingexpenses,marketingexpense,Marketing Expense,+,debit,usd,370000000.0
CA Inc,CA,Y7ET3D9SDOFUZ515FE28,0000356028,2012.0,Q2,2011-07-01,2011-09-30,2011-10-27 16:26:35+00:00,totaloperatingexpenses,rdexpense,Research & Development Expense,+,debit,usd,140000000.0
CA Inc,CA,Y7ET3D9SDOFUZ515FE28,0000356028,2012.0,Q2,2011-07-01,2011-09-30,2011-10-27 16:26:35+00:00,totaloperatingexpenses,depreciationexpense,Depreciation Expense,+,debit,usd,43000000.0
CA Inc,CA,Y7ET3D9SDOFUZ515FE28,0000356028,2012.0,Q2,2011-07-01,2011-09-30,2011-10-27 16:26:35+00:00,totaloperatingexpenses,amortizationexpense,Amortization Expense,+,debit,usd,55000000.0
CA Inc,CA,Y7ET3D9SDOFUZ515FE28,0000356028,2012.0,Q2,2011-07-01,2011-09-30,2011-10-27 16:26:35+00:00,totaloperatingexpenses,otheroperatingexpenses,Other Operating Expenses / (Income),+,debit,usd,-7000000.0
CA Inc,CA,Y7ET3D9SDOFUZ515FE28,0000356028,2012.0,Q2,2011-07-01,2011-09-30,2011-10-27 16:26:35+00:00,totaloperatingincome,totaloperatingexpenses,Total Operating Expenses,-,debit,usd,705000000.0
CA Inc,CA,Y7ET3D9SDOFUZ515FE28,0000356028,2012.0,Q2,2011-07-01,2011-09-30,2011-10-27 16:26:35+00:00,totalpretaxincome,totaloperatingincome,Total Operating Income,+,credit,usd,333000000.0
CA Inc,CA,Y7ET3D9SDOFUZ515FE28,0000356028,2012.0,Q2,2011-07-01,2011-09-30,2011-10-27 16:26:35+00:00,totalotherincome,totalinterestexpense,Interest Expense,-,debit,usd,6000000.0
CA Inc,CA,Y7ET3D9SDOFUZ515FE28,0000356028,2012.0,Q2,2011-07-01,2011-09-30,2011-10-27 16:26:35+00:00,totalpretaxincome,totalotherincome,"Total Other Income / (Expense), net",+,credit,usd,-6000000.0
CA Inc,CA,Y7ET3D9SDOFUZ515FE28,0000356028,2012.0,Q2,2011-07-01,2011-09-30,2011-10-27 16:26:35+00:00,netincomecontinuing,totalpretaxincome,Total Pre-Tax Income ,+,credit,usd,327000000.0
CA Inc,CA,Y7ET3D9SDOFUZ515FE28,0000356028,2012.0,Q2,2011-07-01,2011-09-30,2011-10-27 16:26:35+00:00,netincomecontinuing,incometaxexpense,Income Tax Expense,-,debit,usd,91000000.0
CA Inc,CA,Y7ET3D9SDOFUZ515FE28,0000356028,2012.0,Q2,2011-07-01,2011-09-30,2011-10-27 16:26:35+00:00,netincome,netincomecontinuing,Net Income / (Loss) Continuing Operations,+,credit,usd,236000000.0
CA Inc,CA,Y7ET3D9SDOFUZ515FE28,0000356028,2012.0,Q2,2011-07-01,2011-09-30,2011-10-27 16:26:35+00:00,netincome,netincomediscontinued,Net Income / (Loss) Discontinued Operations,+,credit,usd,0.0
CA Inc,CA,Y7ET3D9SDOFUZ515FE28,0000356028,2012.0,Q2,2011-07-01,2011-09-30,2011-10-27 16:26:35+00:00,netincometocommon,netincome,Consolidated Net Income / (Loss),+,credit,usd,236000000.0
CA Inc,CA,Y7ET3D9SDOFUZ515FE28,0000356028,2012.0,Q2,2011-07-01,2011-09-30,2011-10-27 16:26:35+00:00,,netincometocommon,Net Income / (Loss) Attributable to Common Shareholders,=,credit,usd,236000000.0
CA Inc,CA,Y7ET3D9SDOFUZ515FE28,0000356028,2012.0,Q2,2011-07-01,2011-09-30,2011-10-27 16:26:35+00:00,basiceps,weightedavebasicsharesos,Weighted Average Basic Shares Outstanding,/,,shares,493000000.0
CA Inc,CA,Y7ET3D9SDOFUZ515FE28,0000356028,2012.0,Q2,2011-07-01,2011-09-30,2011-10-27 16:26:35+00:00,,basiceps,Basic Earnings per Share,=,,usdpershare,0.47
CA Inc,CA,Y7ET3D9SDOFUZ515FE28,0000356028,2012.0,Q2,2011-07-01,2011-09-30,2011-10-27 16:26:35+00:00,dilutedeps,weightedavedilutedsharesos,Weighted Average Diluted Shares Outstanding,/,,shares,494000000.0
CA Inc,CA,Y7ET3D9SDOFUZ515FE28,0000356028,2012.0,Q2,2011-07-01,2011-09-30,2011-10-27 16:26:35+00:00,,dilutedeps,Diluted Earnings per Share,=,,usdpershare,0.47
CA Inc,CA,Y7ET3D9SDOFUZ515FE28,0000356028,2012.0,Q2,2011-07-01,2011-09-30,2011-10-27 16:26:35+00:00,basicdilutedeps,weightedavebasicdilutedsharesos,Weighted Average Basic & Diluted Shares Outstanding,/,,shares,502100000.0
CA Inc,CA,Y7ET3D9SDOFUZ515FE28,0000356028,2012.0,Q2,2011-07-01,2011-09-30,2011-10-27 16:26:35+00:00,,basicdilutedeps,Basic & Diluted Earnings per Share,=,,usdpershare,0.47
CA Inc,CA,Y7ET3D9SDOFUZ515FE28,0000356028,2012.0,Q2,2011-07-01,2011-09-30,2011-10-27 16:26:35+00:00,,cashdividendspershare,Cash Dividends to Common per Share,=,,usdpershare,0.05
CA Inc,CA,Y7ET3D9SDOFUZ515FE28,0000356028,2012.0,Q2YTD,2011-04-01,2011-09-30,,totalrevenue,operatingrevenue,Operating Revenue,+,credit,usd,2215000000.0
CA Inc,CA,Y7ET3D9SDOFUZ515FE28,0000356028,2012.0,Q2YTD,2011-04-01,2011-09-30,,totalrevenue,otherrevenue,Other Revenue,+,credit,usd,148000000.0
CA Inc,CA,Y7ET3D9SDOFUZ515FE28,0000356028,2012.0,Q2YTD,2011-04-01,2011-09-30,,totalgrossprofit,totalrevenue,Total Revenue,+,credit,usd,2363000000.0
CA Inc,CA,Y7ET3D9SDOFUZ515FE28,0000356028,2012.0,Q2YTD,2011-04-01,2011-09-30,,totalcostofrevenue,operatingcostofrevenue,Operating Cost of Revenue,+,debit,usd,317000000.0
CA Inc,CA,Y7ET3D9SDOFUZ515FE28,0000356028,2012.0,Q2YTD,2011-04-01,2011-09-30,,totalgrossprofit,totalcostofrevenue,Total Cost of Revenue,-,debit,usd,317000000.0
CA Inc,CA,Y7ET3D9SDOFUZ515FE28,0000356028,2012.0,Q2YTD,2011-04-01,2011-09-30,,totaloperatingincome,totalgrossprofit,Total Gross Profit,+,credit,usd,2046000000.0
CA Inc,CA,Y7ET3D9SDOFUZ515FE28,0000356028,2012.0,Q2YTD,2011-04-01,2011-09-30,,totaloperatingexpenses,sgaexpense,"Selling, General & Admin Expense",+,debit,usd,218000000.0
CA Inc,CA,Y7ET3D9SDOFUZ515FE28,0000356028,2012.0,Q2YTD,2011-04-01,2011-09-30,,totaloperatingexpenses,marketingexpense,Marketing Expense,+,debit,usd,696000000.0
CA Inc,CA,Y7ET3D9SDOFUZ515FE28,0000356028,2012.0,Q2YTD,2011-04-01,2011-09-30,,totaloperatingexpenses,rdexpense,Research & Development Expense,+,debit,usd,258000000.0
CA Inc,CA,Y7ET3D9SDOFUZ515FE28,0000356028,2012.0,Q2YTD,2011-04-01,2011-09-30,,totaloperatingexpenses,depreciationexpense,Depreciation Expense,+,debit,usd,90000000.0
CA Inc,CA,Y7ET3D9SDOFUZ515FE28,0000356028,2012.0,Q2YTD,2011-04-01,2011-09-30,,totaloperatingexpenses,amortizationexpense,Amortization Expense,+,debit,usd,105000000.0
CA Inc,CA,Y7ET3D9SDOFUZ515FE28,0000356028,2012.0,Q2YTD,2011-04-01,2011-09-30,,totaloperatingexpenses,otheroperatingexpenses,Other Operating Expenses / (Income),+,debit,usd,3000000.0
CA Inc,CA,Y7ET3D9SDOFUZ515FE28,0000356028,2012.0,Q2YTD,2011-04-01,2011-09-30,,totaloperatingexpenses,restructuringcharge,Restructuring Charge,+,debit,usd,1000000.0
CA Inc,CA,Y7ET3D9SDOFUZ515FE28,0000356028,2012.0,Q2YTD,2011-04-01,2011-09-30,,totaloperatingincome,totaloperatingexpenses,Total Operating Expenses,-,debit,usd,1371000000.0
CA Inc,CA,Y7ET3D9SDOFUZ515FE28,0000356028,2012.0,Q2YTD,2011-04-01,2011-09-30,,totalpretaxincome,totaloperatingincome,Total Operating Income,+,credit,usd,675000000.0
CA Inc,CA,Y7ET3D9SDOFUZ515FE28,0000356028,2012.0,Q2YTD,2011-04-01,2011-09-30,,totalotherincome,totalinterestexpense,Interest Expense,-,debit,usd,15000000.0
CA Inc,CA,Y7ET3D9SDOFUZ515FE28,0000356028,2012.0,Q2YTD,2011-04-01,2011-09-30,,totalpretaxincome,totalotherincome,"Total Other Income / (Expense), net",+,credit,usd,-15000000.0
CA Inc,CA,Y7ET3D9SDOFUZ515FE28,0000356028,2012.0,Q2YTD,2011-04-01,2011-09-30,,netincomecontinuing,totalpretaxincome,Total Pre-Tax Income ,+,credit,usd,660000000.0
CA Inc,CA,Y7ET3D9SDOFUZ515FE28,0000356028,2012.0,Q2YTD,2011-04-01,2011-09-30,,netincomecontinuing,incometaxexpense,Income Tax Expense,-,debit,usd,196000000.0
CA Inc,CA,Y7ET3D9SDOFUZ515FE28,0000356028,2012.0,Q2YTD,2011-04-01,2011-09-30,,netincome,netincomecontinuing,Net Income / (Loss) Continuing Operations,+,credit,usd,464000000.0
CA Inc,CA,Y7ET3D9SDOFUZ515FE28,0000356028,2012.0,Q2YTD,2011-04-01,2011-09-30,,netincome,netincomediscontinued,Net Income / (Loss) Discontinued Operations,+,credit,usd,13000000.0
CA Inc,CA,Y7ET3D9SDOFUZ515FE28,0000356028,2012.0,Q2YTD,2011-04-01,2011-09-30,,netincometocommon,netincome,Consolidated Net Income / (Loss),+,credit,usd,477000000.0
CA Inc,CA,Y7ET3D9SDOFUZ515FE28,0000356028,2012.0,Q2YTD,2011-04-01,2011-09-30,,,netincometocommon,Net Income / (Loss) Attributable to Common Shareholders,=,credit,usd,477000000.0
CA Inc,CA,Y7ET3D9SDOFUZ515FE28,0000356028,2012.0,Q2YTD,2011-04-01,2011-09-30,,basiceps,weightedavebasicsharesos,Weighted Average Basic Shares Outstanding,/,,shares,493000000.0
CA Inc,CA,Y7ET3D9SDOFUZ515FE28,0000356028,2012.0,Q2YTD,2011-04-01,2011-09-30,,,basiceps,Basic Earnings per Share,=,,usdpershare,0.95
CA Inc,CA,Y7ET3D9SDOFUZ515FE28,0000356028,2012.0,Q2YTD,2011-04-01,2011-09-30,,dilutedeps,weightedavedilutedsharesos,Weighted Average Diluted Shares Outstanding,/,,shares,494000000.0
CA Inc,CA,Y7ET3D9SDOFUZ515FE28,0000356028,2012.0,Q2YTD,2011-04-01,2011-09-30,,,dilutedeps,Diluted Earnings per Share,=,,usdpershare,0.94
CA Inc,CA,Y7ET3D9SDOFUZ515FE28,0000356028,2012.0,Q2YTD,2011-04-01,2011-09-30,,basicdilutedeps,weightedavebasicdilutedsharesos,Weighted Average Basic & Diluted Shares Outstanding,/,,shares,502100000.0
CA Inc,CA,Y7ET3D9SDOFUZ515FE28,0000356028,2012.0,Q2YTD,2011-04-01,2011-09-30,,,basicdilutedeps,Basic & Diluted Earnings per Share,=,,usdpershare,0.95
CA Inc,CA,Y7ET3D9SDOFUZ515FE28,0000356028,2012.0,Q2YTD,2011-04-01,2011-09-30,,,cashdividendspershare,Cash Dividends to Common per Share,=,,usdpershare,0.1
CA Inc,CA,Y7ET3D9SDOFUZ515FE28,0000356028,2012.0,Q2TTM,2010-10-01,2011-09-30,,totalrevenue,operatingrevenue,Operating Revenue,+,credit,usd,4285000000.0
CA Inc,CA,Y7ET3D9SDOFUZ515FE28,0000356028,2012.0,Q2TTM,2010-10-01,2011-09-30,,totalrevenue,otherrevenue,Other Revenue,+,credit,usd,306000000.0
CA Inc,CA,Y7ET3D9SDOFUZ515FE28,0000356028,2012.0,Q2TTM,2010-10-01,2011-09-30,,totalgrossprofit,totalrevenue,Total Revenue,+,credit,usd,4591000000.0
CA Inc,CA,Y7ET3D9SDOFUZ515FE28,0000356028,2012.0,Q2TTM,2010-10-01,2011-09-30,,totalcostofrevenue,operatingcostofrevenue,Operating Cost of Revenue,+,debit,usd,601000000.0
CA Inc,CA,Y7ET3D9SDOFUZ515FE28,0000356028,2012.0,Q2TTM,2010-10-01,2011-09-30,,totalgrossprofit,totalcostofrevenue,Total Cost of Revenue,-,debit,usd,601000000.0
CA Inc,CA,Y7ET3D9SDOFUZ515FE28,0000356028,2012.0,Q2TTM,2010-10-01,2011-09-30,,totaloperatingincome,totalgrossprofit,Total Gross Profit,+,credit,usd,3990000000.0
CA Inc,CA,Y7ET3D9SDOFUZ515FE28,0000356028,2012.0,Q2TTM,2010-10-01,2011-09-30,,totaloperatingexpenses,sgaexpense,"Selling, General & Admin Expense",+,debit,usd,439000000.0
CA Inc,CA,Y7ET3D9SDOFUZ515FE28,0000356028,2012.0,Q2TTM,2010-10-01,2011-09-30,,totaloperatingexpenses,marketingexpense,Marketing Expense,+,debit,usd,1375000000.0
CA Inc,CA,Y7ET3D9SDOFUZ515FE28,0000356028,2012.0,Q2TTM,2010-10-01,2011-09-30,,totaloperatingexpenses,rdexpense,Research & Development Expense,+,debit,usd,476000000.0
CA Inc,CA,Y7ET3D9SDOFUZ515FE28,0000356028,2012.0,Q2TTM,2010-10-01,2011-09-30,,totaloperatingexpenses,depreciationexpense,Depreciation Expense,+,debit,usd,188000000.0
CA Inc,CA,Y7ET3D9SDOFUZ515FE28,0000356028,2012.0,Q2TTM,2010-10-01,2011-09-30,,totaloperatingexpenses,amortizationexpense,Amortization Expense,+,debit,usd,204000000.0
CA Inc,CA,Y7ET3D9SDOFUZ515FE28,0000356028,2012.0,Q2TTM,2010-10-01,2011-09-30,,totaloperatingexpenses,otheroperatingexpenses,Other Operating Expenses / (Income),+,debit,usd,-1000000.0
CA Inc,CA,Y7ET3D9SDOFUZ515FE28,0000356028,2012.0,Q2TTM,2010-10-01,2011-09-30,,totaloperatingexpenses,restructuringcharge,Restructuring Charge,+,debit,usd,4000000.0
CA Inc,CA,Y7ET3D9SDOFUZ515FE28,0000356028,2012.0,Q2TTM,2010-10-01,2011-09-30,,totaloperatingexpenses,otherspecialcharges,Other Special Charges / (Income),+,debit,usd,7000000.0
CA Inc,CA,Y7ET3D9SDOFUZ515FE28,0000356028,2012.0,Q2TTM,2010-10-01,2011-09-30,,totaloperatingincome,totaloperatingexpenses,Total Operating Expenses,-,debit,usd,2692000000.0
CA Inc,CA,Y7ET3D9SDOFUZ515FE28,0000356028,2012.0,Q2TTM,2010-10-01,2011-09-30,,totalpretaxincome,totaloperatingincome,Total Operating Income,+,credit,usd,1298000000.0
CA Inc,CA,Y7ET3D9SDOFUZ515FE28,0000356028,2012.0,Q2TTM,2010-10-01,2011-09-30,,totalotherincome,totalinterestexpense,Interest Expense,-,debit,usd,35000000.0
CA Inc,CA,Y7ET3D9SDOFUZ515FE28,0000356028,2012.0,Q2TTM,2010-10-01,2011-09-30,,totalpretaxincome,totalotherincome,"Total Other Income / (Expense), net",+,credit,usd,-35000000.0
CA Inc,CA,Y7ET3D9SDOFUZ515FE28,0000356028,2012.0,Q2TTM,2010-10-01,2011-09-30,,netincomecontinuing,totalpretaxincome,Total Pre-Tax Income ,+,credit,usd,1263000000.0
CA Inc,CA,Y7ET3D9SDOFUZ515FE28,0000356028,2012.0,Q2TTM,2010-10-01,2011-09-30,,netincomecontinuing,incometaxexpense,Income Tax Expense,-,debit,usd,421000000.0
CA Inc,CA,Y7ET3D9SDOFUZ515FE28,0000356028,2012.0,Q2TTM,2010-10-01,2011-09-30,,netincome,netincomecontinuing,Net Income / (Loss) Continuing Operations,+,credit,usd,842000000.0
CA Inc,CA,Y7ET3D9SDOFUZ515FE28,0000356028,2012.0,Q2TTM,2010-10-01,2011-09-30,,netincome,netincomediscontinued,Net Income / (Loss) Discontinued Operations,+,credit,usd,17000000.0
CA Inc,CA,Y7ET3D9SDOFUZ515FE28,0000356028,2012.0,Q2TTM,2010-10-01,2011-09-30,,netincome,otheradjustmentstoconsolidatednetincome,Other Adjustments to Consolidated Net Income / (Loss),+,credit,usd,6000000.0
CA Inc,CA,Y7ET3D9SDOFUZ515FE28,0000356028,2012.0,Q2TTM,2010-10-01,2011-09-30,,netincometocommon,netincome,Consolidated Net Income / (Loss),+,credit,usd,865000000.0
CA Inc,CA,Y7ET3D9SDOFUZ515FE28,0000356028,2012.0,Q2TTM,2010-10-01,2011-09-30,,,netincometocommon,Net Income / (Loss) Attributable to Common Shareholders,=,credit,usd,865000000.0
CA Inc,CA,Y7ET3D9SDOFUZ515FE28,0000356028,2012.0,Q2TTM,2010-10-01,2011-09-30,,basiceps,weightedavebasicsharesos,Weighted Average Basic Shares Outstanding,/,,shares,493000000.0
CA Inc,CA,Y7ET3D9SDOFUZ515FE28,0000356028,2012.0,Q2TTM,2010-10-01,2011-09-30,,,basiceps,Basic Earnings per Share,=,,usdpershare,1.71
CA Inc,CA,Y7ET3D9SDOFUZ515FE28,0000356028,2012.0,Q2TTM,2010-10-01,2011-09-30,,dilutedeps,weightedavedilutedsharesos,Weighted Average Diluted Shares Outstanding,/,,shares,494000000.0
CA Inc,CA,Y7ET3D9SDOFUZ515FE28,0000356028,2012.0,Q2TTM,2010-10-01,2011-09-30,,,dilutedeps,Diluted Earnings per Share,=,,usdpershare,1.7
CA Inc,CA,Y7ET3D9SDOFUZ515FE28,0000356028,2012.0,Q2TTM,2010-10-01,2011-09-30,,basicdilutedeps,weightedavebasicdilutedsharesos,Weighted Average Basic & Diluted Shares Outstanding,/,,shares,502100000.0
CA Inc,CA,Y7ET3D9SDOFUZ515FE28,0000356028,2012.0,Q2TTM,2010-10-01,2011-09-30,,,basicdilutedeps,Basic & Diluted Earnings per Share,=,,usdpershare,1.71
CA Inc,CA,Y7ET3D9SDOFUZ515FE28,0000356028,2012.0,Q2TTM,2010-10-01,2011-09-30,,,cashdividendspershare,Cash Dividends to Common per Share,=,,usdpershare,0.02
CA Inc,CA,Y7ET3D9SDOFUZ515FE28,0000356028,2012.0,Q1,2011-04-01,2011-06-30,2011-07-22 16:26:55+00:00,totalrevenue,operatingrevenue,Operating Revenue,+,credit,usd,1097000000.0
CA Inc,CA,Y7ET3D9SDOFUZ515FE28,0000356028,2012.0,Q1,2011-04-01,2011-06-30,2011-07-22 16:26:55+00:00,totalrevenue,otherrevenue,Other Revenue,+,credit,usd,66000000.0
CA Inc,CA,Y7ET3D9SDOFUZ515FE28,0000356028,2012.0,Q1,2011-04-01,2011-06-30,2011-07-22 16:26:55+00:00,totalgrossprofit,totalrevenue,Total Revenue,+,credit,usd,1163000000.0
CA Inc,CA,Y7ET3D9SDOFUZ515FE28,0000356028,2012.0,Q1,2011-04-01,2011-06-30,2011-07-22 16:26:55+00:00,totalcostofrevenue,operatingcostofrevenue,Operating Cost of Revenue,+,debit,usd,155000000.0
CA Inc,CA,Y7ET3D9SDOFUZ515FE28,0000356028,2012.0,Q1,2011-04-01,2011-06-30,2011-07-22 16:26:55+00:00,totalgrossprofit,totalcostofrevenue,Total Cost of Revenue,-,debit,usd,155000000.0
CA Inc,CA,Y7ET3D9SDOFUZ515FE28,0000356028,2012.0,Q1,2011-04-01,2011-06-30,2011-07-22 16:26:55+00:00,totaloperatingincome,totalgrossprofit,Total Gross Profit,+,credit,usd,1008000000.0
CA Inc,CA,Y7ET3D9SDOFUZ515FE28,0000356028,2012.0,Q1,2011-04-01,2011-06-30,2011-07-22 16:26:55+00:00,totaloperatingexpenses,sgaexpense,"Selling, General & Admin Expense",+,debit,usd,114000000.0
CA Inc,CA,Y7ET3D9SDOFUZ515FE28,0000356028,2012.0,Q1,2011-04-01,2011-06-30,2011-07-22 16:26:55+00:00,totaloperatingexpenses,marketingexpense,Marketing Expense,+,debit,usd,326000000.0
CA Inc,CA,Y7ET3D9SDOFUZ515FE28,0000356028,2012.0,Q1,2011-04-01,2011-06-30,2011-07-22 16:26:55+00:00,totaloperatingexpenses,rdexpense,Research & Development Expense,+,debit,usd,118000000.0
CA Inc,CA,Y7ET3D9SDOFUZ515FE28,0000356028,2012.0,Q1,2011-04-01,2011-06-30,2011-07-22 16:26:55+00:00,totaloperatingexpenses,depreciationexpense,Depreciation Expense,+,debit,usd,47000000.0
CA Inc,CA,Y7ET3D9SDOFUZ515FE28,0000356028,2012.0,Q1,2011-04-01,2011-06-30,2011-07-22 16:26:55+00:00,totaloperatingexpenses,amortizationexpense,Amortization Expense,+,debit,usd,50000000.0
CA Inc,CA,Y7ET3D9SDOFUZ515FE28,0000356028,2012.0,Q1,2011-04-01,2011-06-30,2011-07-22 16:26:55+00:00,totaloperatingexpenses,otheroperatingexpenses,Other Operating Expenses / (Income),+,debit,usd,10000000.0
CA Inc,CA,Y7ET3D9SDOFUZ515FE28,0000356028,2012.0,Q1,2011-04-01,2011-06-30,2011-07-22 16:26:55+00:00,totaloperatingexpenses,restructuringcharge,Restructuring Charge,+,debit,usd,1000000.0
CA Inc,CA,Y7ET3D9SDOFUZ515FE28,0000356028,2012.0,Q1,2011-04-01,2011-06-30,2011-07-22 16:26:55+00:00,totaloperatingincome,totaloperatingexpenses,Total Operating Expenses,-,debit,usd,666000000.0
CA Inc,CA,Y7ET3D9SDOFUZ515FE28,0000356028,2012.0,Q1,2011-04-01,2011-06-30,2011-07-22 16:26:55+00:00,totalpretaxincome,totaloperatingincome,Total Operating Income,+,credit,usd,342000000.0
CA Inc,CA,Y7ET3D9SDOFUZ515FE28,0000356028,2012.0,Q1,2011-04-01,2011-06-30,2011-07-22 16:26:55+00:00,totalotherincome,totalinterestexpense,Interest Expense,-,debit,usd,9000000.0
CA Inc,CA,Y7ET3D9SDOFUZ515FE28,0000356028,2012.0,Q1,2011-04-01,2011-06-30,2011-07-22 16:26:55+00:00,totalpretaxincome,totalotherincome,"Total Other Income / (Expense), net",+,credit,usd,-9000000.0
CA Inc,CA,Y7ET3D9SDOFUZ515FE28,0000356028,2012.0,Q1,2011-04-01,2011-06-30,2011-07-22 16:26:55+00:00,netincomecontinuing,totalpretaxincome,Total Pre-Tax Income ,+,credit,usd,333000000.0
CA Inc,CA,Y7ET3D9SDOFUZ515FE28,0000356028,2012.0,Q1,2011-04-01,2011-06-30,2011-07-22 16:26:55+00:00,netincomecontinuing,incometaxexpense,Income Tax Expense,-,debit,usd,105000000.0
CA Inc,CA,Y7ET3D9SDOFUZ515FE28,0000356028,2012.0,Q1,2011-04-01,2011-06-30,2011-07-22 16:26:55+00:00,netincome,netincomecontinuing,Net Income / (Loss) Continuing Operations,+,credit,usd,228000000.0
CA Inc,CA,Y7ET3D9SDOFUZ515FE28,0000356028,2012.0,Q1,2011-04-01,2011-06-30,2011-07-22 16:26:55+00:00,netincome,netincomediscontinued,Net Income / (Loss) Discontinued Operations,+,credit,usd,13000000.0
CA Inc,CA,Y7ET3D9SDOFUZ515FE28,0000356028,2012.0,Q1,2011-04-01,2011-06-30,2011-07-22 16:26:55+00:00,netincometocommon,netincome,Consolidated Net Income / (Loss),+,credit,usd,241000000.0
CA Inc,CA,Y7ET3D9SDOFUZ515FE28,0000356028,2012.0,Q1,2011-04-01,2011-06-30,2011-07-22 16:26:55+00:00,,netincometocommon,Net Income / (Loss) Attributable to Common Shareholders,=,credit,usd,241000000.0
CA Inc,CA,Y7ET3D9SDOFUZ515FE28,0000356028,2012.0,Q1,2011-04-01,2011-06-30,2011-07-22 16:26:55+00:00,basiceps,weightedavebasicsharesos,Weighted Average Basic Shares Outstanding,/,,shares,500000000.0
CA Inc,CA,Y7ET3D9SDOFUZ515FE28,0000356028,2012.0,Q1,2011-04-01,2011-06-30,2011-07-22 16:26:55+00:00,,basiceps,Basic Earnings per Share,=,,usdpershare,0.48
CA Inc,CA,Y7ET3D9SDOFUZ515FE28,0000356028,2012.0,Q1,2011-04-01,2011-06-30,2011-07-22 16:26:55+00:00,dilutedeps,weightedavedilutedsharesos,Weighted Average Diluted Shares Outstanding,/,,shares,501000000.0
CA Inc,CA,Y7ET3D9SDOFUZ515FE28,0000356028,2012.0,Q1,2011-04-01,2011-06-30,2011-07-22 16:26:55+00:00,,dilutedeps,Diluted Earnings per Share,=,,usdpershare,0.47
CA Inc,CA,Y7ET3D9SDOFUZ515FE28,0000356028,2012.0,Q1,2011-04-01,2011-06-30,2011-07-22 16:26:55+00:00,basicdilutedeps,weightedavebasicdilutedsharesos,Weighted Average Basic & Diluted Shares Outstanding,/,,shares,502100000.0
CA Inc,CA,Y7ET3D9SDOFUZ515FE28,0000356028,2012.0,Q1,2011-04-01,2011-06-30,2011-07-22 16:26:55+00:00,,basicdilutedeps,Basic & Diluted Earnings per Share,=,,usdpershare,0.48
CA Inc,CA,Y7ET3D9SDOFUZ515FE28,0000356028,2012.0,Q1,2011-04-01,2011-06-30,2011-07-22 16:26:55+00:00,,cashdividendspershare,Cash Dividends to Common per Share,=,,usdpershare,0.05
CA Inc,CA,Y7ET3D9SDOFUZ515FE28,0000356028,2012.0,Q1TTM,2010-07-01,2011-06-30,,totalrevenue,operatingrevenue,Operating Revenue,+,credit,usd,4207000000.0
CA Inc,CA,Y7ET3D9SDOFUZ515FE28,0000356028,2012.0,Q1TTM,2010-07-01,2011-06-30,,totalrevenue,otherrevenue,Other Revenue,+,credit,usd,294000000.0
CA Inc,CA,Y7ET3D9SDOFUZ515FE28,0000356028,2012.0,Q1TTM,2010-07-01,2011-06-30,,totalgrossprofit,totalrevenue,Total Revenue,+,credit,usd,4501000000.0
CA Inc,CA,Y7ET3D9SDOFUZ515FE28,0000356028,2012.0,Q1TTM,2010-07-01,2011-06-30,,totalcostofrevenue,operatingcostofrevenue,Operating Cost of Revenue,+,debit,usd,588000000.0
CA Inc,CA,Y7ET3D9SDOFUZ515FE28,0000356028,2012.0,Q1TTM,2010-07-01,2011-06-30,,totalgrossprofit,totalcostofrevenue,Total Cost of Revenue,-,debit,usd,588000000.0
CA Inc,CA,Y7ET3D9SDOFUZ515FE28,0000356028,2012.0,Q1TTM,2010-07-01,2011-06-30,,totaloperatingincome,totalgrossprofit,Total Gross Profit,+,credit,usd,3913000000.0
CA Inc,CA,Y7ET3D9SDOFUZ515FE28,0000356028,2012.0,Q1TTM,2010-07-01,2011-06-30,,totaloperatingexpenses,sgaexpense,"Selling, General & Admin Expense",+,debit,usd,448000000.0
CA Inc,CA,Y7ET3D9SDOFUZ515FE28,0000356028,2012.0,Q1TTM,2010-07-01,2011-06-30,,totaloperatingexpenses,marketingexpense,Marketing Expense,+,debit,usd,1313000000.0
CA Inc,CA,Y7ET3D9SDOFUZ515FE28,0000356028,2012.0,Q1TTM,2010-07-01,2011-06-30,,totaloperatingexpenses,rdexpense,Research & Development Expense,+,debit,usd,461000000.0
CA Inc,CA,Y7ET3D9SDOFUZ515FE28,0000356028,2012.0,Q1TTM,2010-07-01,2011-06-30,,totaloperatingexpenses,depreciationexpense,Depreciation Expense,+,debit,usd,190000000.0
CA Inc,CA,Y7ET3D9SDOFUZ515FE28,0000356028,2012.0,Q1TTM,2010-07-01,2011-06-30,,totaloperatingexpenses,amortizationexpense,Amortization Expense,+,debit,usd,197000000.0
CA Inc,CA,Y7ET3D9SDOFUZ515FE28,0000356028,2012.0,Q1TTM,2010-07-01,2011-06-30,,totaloperatingexpenses,otheroperatingexpenses,Other Operating Expenses / (Income),+,debit,usd,21000000.0
CA Inc,CA,Y7ET3D9SDOFUZ515FE28,0000356028,2012.0,Q1TTM,2010-07-01,2011-06-30,,totaloperatingexpenses,restructuringcharge,Restructuring Charge,+,debit,usd,4000000.0
CA Inc,CA,Y7ET3D9SDOFUZ515FE28,0000356028,2012.0,Q1TTM,2010-07-01,2011-06-30,,totaloperatingexpenses,otherspecialcharges,Other Special Charges / (Income),+,debit,usd,7000000.0
CA Inc,CA,Y7ET3D9SDOFUZ515FE28,0000356028,2012.0,Q1TTM,2010-07-01,2011-06-30,,totaloperatingincome,totaloperatingexpenses,Total Operating Expenses,-,debit,usd,2641000000.0
CA Inc,CA,Y7ET3D9SDOFUZ515FE28,0000356028,2012.0,Q1TTM,2010-07-01,2011-06-30,,totalpretaxincome,totaloperatingincome,Total Operating Income,+,credit,usd,1272000000.0
CA Inc,CA,Y7ET3D9SDOFUZ515FE28,0000356028,2012.0,Q1TTM,2010-07-01,2011-06-30,,totalotherincome,totalinterestexpense,Interest Expense,-,debit,usd,41000000.0
CA Inc,CA,Y7ET3D9SDOFUZ515FE28,0000356028,2012.0,Q1TTM,2010-07-01,2011-06-30,,totalpretaxincome,totalotherincome,"Total Other Income / (Expense), net",+,credit,usd,-41000000.0
CA Inc,CA,Y7ET3D9SDOFUZ515FE28,0000356028,2012.0,Q1TTM,2010-07-01,2011-06-30,,netincomecontinuing,totalpretaxincome,Total Pre-Tax Income ,+,credit,usd,1231000000.0
CA Inc,CA,Y7ET3D9SDOFUZ515FE28,0000356028,2012.0,Q1TTM,2010-07-01,2011-06-30,,netincomecontinuing,incometaxexpense,Income Tax Expense,-,debit,usd,403000000.0
CA Inc,CA,Y7ET3D9SDOFUZ515FE28,0000356028,2012.0,Q1TTM,2010-07-01,2011-06-30,,netincome,netincomecontinuing,Net Income / (Loss) Continuing Operations,+,credit,usd,828000000.0
CA Inc,CA,Y7ET3D9SDOFUZ515FE28,0000356028,2012.0,Q1TTM,2010-07-01,2011-06-30,,netincome,netincomediscontinued,Net Income / (Loss) Discontinued Operations,+,credit,usd,17000000.0
CA Inc,CA,Y7ET3D9SDOFUZ515FE28,0000356028,2012.0,Q1TTM,2010-07-01,2011-06-30,,netincome,otheradjustmentstoconsolidatednetincome,Other Adjustments to Consolidated Net Income / (Loss),+,credit,usd,6000000.0
CA Inc,CA,Y7ET3D9SDOFUZ515FE28,0000356028,2012.0,Q1TTM,2010-07-01,2011-06-30,,netincometocommon,netincome,Consolidated Net Income / (Loss),+,credit,usd,851000000.0
CA Inc,CA,Y7ET3D9SDOFUZ515FE28,0000356028,2012.0,Q1TTM,2010-07-01,2011-06-30,,,netincometocommon,Net Income / (Loss) Attributable to Common Shareholders,=,credit,usd,851000000.0
CA Inc,CA,Y7ET3D9SDOFUZ515FE28,0000356028,2012.0,Q1TTM,2010-07-01,2011-06-30,,basiceps,weightedavebasicsharesos,Weighted Average Basic Shares Outstanding,/,,shares,500000000.0
CA Inc,CA,Y7ET3D9SDOFUZ515FE28,0000356028,2012.0,Q1TTM,2010-07-01,2011-06-30,,,basiceps,Basic Earnings per Share,=,,usdpershare,1.67
CA Inc,CA,Y7ET3D9SDOFUZ515FE28,0000356028,2012.0,Q1TTM,2010-07-01,2011-06-30,,dilutedeps,weightedavedilutedsharesos,Weighted Average Diluted Shares Outstanding,/,,shares,501000000.0
CA Inc,CA,Y7ET3D9SDOFUZ515FE28,0000356028,2012.0,Q1TTM,2010-07-01,2011-06-30,,,dilutedeps,Diluted Earnings per Share,=,,usdpershare,1.66
CA Inc,CA,Y7ET3D9SDOFUZ515FE28,0000356028,2012.0,Q1TTM,2010-07-01,2011-06-30,,basicdilutedeps,weightedavebasicdilutedsharesos,Weighted Average Basic & Diluted Shares Outstanding,/,,shares,502100000.0
CA Inc,CA,Y7ET3D9SDOFUZ515FE28,0000356028,2012.0,Q1TTM,2010-07-01,2011-06-30,,,basicdilutedeps,Basic & Diluted Earnings per Share,=,,usdpershare,1.67
CA Inc,CA,Y7ET3D9SDOFUZ515FE28,0000356028,2012.0,Q1TTM,2010-07-01,2011-06-30,,,cashdividendspershare,Cash Dividends to Common per Share,=,,usdpershare,0.01
CA Inc,CA,Y7ET3D9SDOFUZ515FE28,0000356028,2013.0,FY,2012-04-01,2013-03-31,2015-05-08 16:04:38+00:00,totalrevenue,operatingrevenue,Operating Revenue,+,credit,usd,4146000000.0
CA Inc,CA,Y7ET3D9SDOFUZ515FE28,0000356028,2013.0,FY,2012-04-01,2013-03-31,2015-05-08 16:04:38+00:00,totalrevenue,otherrevenue,Other Revenue,+,credit,usd,358000000.0
CA Inc,CA,Y7ET3D9SDOFUZ515FE28,0000356028,2013.0,FY,2012-04-01,2013-03-31,2015-05-08 16:04:38+00:00,totalgrossprofit,totalrevenue,Total Revenue,+,credit,usd,4504000000.0
CA Inc,CA,Y7ET3D9SDOFUZ515FE28,0000356028,2013.0,FY,2012-04-01,2013-03-31,2015-05-08 16:04:38+00:00,totalcostofrevenue,operatingcostofrevenue,Operating Cost of Revenue,+,debit,usd,629000000.0
CA Inc,CA,Y7ET3D9SDOFUZ515FE28,0000356028,2013.0,FY,2012-04-01,2013-03-31,2015-05-08 16:04:38+00:00,totalgrossprofit,totalcostofrevenue,Total Cost of Revenue,-,debit,usd,629000000.0
CA Inc,CA,Y7ET3D9SDOFUZ515FE28,0000356028,2013.0,FY,2012-04-01,2013-03-31,2015-05-08 16:04:38+00:00,totaloperatingincome,totalgrossprofit,Total Gross Profit,+,credit,usd,3875000000.0
CA Inc,CA,Y7ET3D9SDOFUZ515FE28,0000356028,2013.0,FY,2012-04-01,2013-03-31,2015-05-08 16:04:38+00:00,totaloperatingexpenses,sgaexpense,"Selling, General & Admin Expense",+,debit,usd,405000000.0
CA Inc,CA,Y7ET3D9SDOFUZ515FE28,0000356028,2013.0,FY,2012-04-01,2013-03-31,2015-05-08 16:04:38+00:00,totaloperatingexpenses,marketingexpense,Marketing Expense,+,debit,usd,1225000000.0
CA Inc,CA,Y7ET3D9SDOFUZ515FE28,0000356028,2013.0,FY,2012-04-01,2013-03-31,2015-05-08 16:04:38+00:00,totaloperatingexpenses,rdexpense,Research & Development Expense,+,debit,usd,483000000.0
CA Inc,CA,Y7ET3D9SDOFUZ515FE28,0000356028,2013.0,FY,2012-04-01,2013-03-31,2015-05-08 16:04:38+00:00,totaloperatingexpenses,depreciationexpense,Depreciation Expense,+,debit,usd,158000000.0
CA Inc,CA,Y7ET3D9SDOFUZ515FE28,0000356028,2013.0,FY,2012-04-01,2013-03-31,2015-05-08 16:04:38+00:00,totaloperatingexpenses,amortizationexpense,Amortization Expense,+,debit,usd,305000000.0
CA Inc,CA,Y7ET3D9SDOFUZ515FE28,0000356028,2013.0,FY,2012-04-01,2013-03-31,2015-05-08 16:04:38+00:00,totaloperatingexpenses,otheroperatingexpenses,Other Operating Expenses / (Income),+,debit,usd,-5000000.0
CA Inc,CA,Y7ET3D9SDOFUZ515FE28,0000356028,2013.0,FY,2012-04-01,2013-03-31,2015-05-08 16:04:38+00:00,totaloperatingincome,totaloperatingexpenses,Total Operating Expenses,-,debit,usd,2571000000.0
CA Inc,CA,Y7ET3D9SDOFUZ515FE28,0000356028,2013.0,FY,2012-04-01,2013-03-31,2015-05-08 16:04:38+00:00,totalpretaxincome,totaloperatingincome,Total Operating Income,+,credit,usd,1304000000.0
CA Inc,CA,Y7ET3D9SDOFUZ515FE28,0000356028,2013.0,FY,2012-04-01,2013-03-31,2015-05-08 16:04:38+00:00,totalotherincome,totalinterestexpense,Interest Expense,-,debit,usd,44000000.0
CA Inc,CA,Y7ET3D9SDOFUZ515FE28,0000356028,2013.0,FY,2012-04-01,2013-03-31,2015-05-08 16:04:38+00:00,totalpretaxincome,totalotherincome,"Total Other Income / (Expense), net",+,credit,usd,-44000000.0
CA Inc,CA,Y7ET3D9SDOFUZ515FE28,0000356028,2013.0,FY,2012-04-01,2013-03-31,2015-05-08 16:04:38+00:00,netincomecontinuing,totalpretaxincome,Total Pre-Tax Income ,+,credit,usd,1260000000.0
CA Inc,CA,Y7ET3D9SDOFUZ515FE28,0000356028,2013.0,FY,2012-04-01,2013-03-31,2015-05-08 16:04:38+00:00,netincomecontinuing,incometaxexpense,Income Tax Expense,-,debit,usd,339000000.0
CA Inc,CA,Y7ET3D9SDOFUZ515FE28,0000356028,2013.0,FY,2012-04-01,2013-03-31,2015-05-08 16:04:38+00:00,netincome,netincomecontinuing,Net Income / (Loss) Continuing Operations,+,credit,usd,921000000.0
CA Inc,CA,Y7ET3D9SDOFUZ515FE28,0000356028,2013.0,FY,2012-04-01,2013-03-31,2015-05-08 16:04:38+00:00,netincome,netincomediscontinued,Net Income / (Loss) Discontinued Operations,+,credit,usd,34000000.0
CA Inc,CA,Y7ET3D9SDOFUZ515FE28,0000356028,2013.0,FY,2012-04-01,2013-03-31,2015-05-08 16:04:38+00:00,netincometocommon,netincome,Consolidated Net Income / (Loss),+,credit,usd,955000000.0
CA Inc,CA,Y7ET3D9SDOFUZ515FE28,0000356028,2013.0,FY,2012-04-01,2013-03-31,2015-05-08 16:04:38+00:00,,netincometocommon,Net Income / (Loss) Attributable to Common Shareholders,=,credit,usd,955000000.0
CA Inc,CA,Y7ET3D9SDOFUZ515FE28,0000356028,2013.0,FY,2012-04-01,2013-03-31,2015-05-08 16:04:38+00:00,basiceps,weightedavebasicsharesos,Weighted Average Basic Shares Outstanding,/,,shares,456000000.0
CA Inc,CA,Y7ET3D9SDOFUZ515FE28,0000356028,2013.0,FY,2012-04-01,2013-03-31,2015-05-08 16:04:38+00:00,,basiceps,Basic Earnings per Share,=,,usdpershare,2.07
CA Inc,CA,Y7ET3D9SDOFUZ515FE28,0000356028,2013.0,FY,2012-04-01,2013-03-31,2015-05-08 16:04:38+00:00,dilutedeps,weightedavedilutedsharesos,Weighted Average Diluted Shares Outstanding,/,,shares,457000000.0
CA Inc,CA,Y7ET3D9SDOFUZ515FE28,0000356028,2013.0,FY,2012-04-01,2013-03-31,2015-05-08 16:04:38+00:00,,dilutedeps,Diluted Earnings per Share,=,,usdpershare,2.06
CA Inc,CA,Y7ET3D9SDOFUZ515FE28,0000356028,2013.0,FY,2012-04-01,2013-03-31,2015-05-08 16:04:38+00:00,basicdilutedeps,weightedavebasicdilutedsharesos,Weighted Average Basic & Diluted Shares Outstanding,/,,shares,461400000.0
CA Inc,CA,Y7ET3D9SDOFUZ515FE28,0000356028,2013.0,FY,2012-04-01,2013-03-31,2015-05-08 16:04:38+00:00,,basicdilutedeps,Basic & Diluted Earnings per Share,=,,usdpershare,2.07
CA Inc,CA,Y7ET3D9SDOFUZ515FE28,0000356028,2013.0,Q4,2013-01-01,2013-03-31,,totalrevenue,operatingrevenue,Operating Revenue,+,credit,usd,957000000.0
CA Inc,CA,Y7ET3D9SDOFUZ515FE28,0000356028,2013.0,Q4,2013-01-01,2013-03-31,,totalrevenue,otherrevenue,Other Revenue,+,credit,usd,55000000.0
CA Inc,CA,Y7ET3D9SDOFUZ515FE28,0000356028,2013.0,Q4,2013-01-01,2013-03-31,,totalgrossprofit,totalrevenue,Total Revenue,+,credit,usd,1012000000.0
CA Inc,CA,Y7ET3D9SDOFUZ515FE28,0000356028,2013.0,Q4,2013-01-01,2013-03-31,,totalcostofrevenue,operatingcostofrevenue,Operating Cost of Revenue,+,debit,usd,153000000.0
CA Inc,CA,Y7ET3D9SDOFUZ515FE28,0000356028,2013.0,Q4,2013-01-01,2013-03-31,,totalgrossprofit,totalcostofrevenue,Total Cost of Revenue,-,debit,usd,153000000.0
CA Inc,CA,Y7ET3D9SDOFUZ515FE28,0000356028,2013.0,Q4,2013-01-01,2013-03-31,,totaloperatingincome,totalgrossprofit,Total Gross Profit,+,credit,usd,859000000.0
CA Inc,CA,Y7ET3D9SDOFUZ515FE28,0000356028,2013.0,Q4,2013-01-01,2013-03-31,,totaloperatingexpenses,sgaexpense,"Selling, General & Admin Expense",+,debit,usd,101000000.0
CA Inc,CA,Y7ET3D9SDOFUZ515FE28,0000356028,2013.0,Q4,2013-01-01,2013-03-31,,totaloperatingexpenses,marketingexpense,Marketing Expense,+,debit,usd,272000000.0
CA Inc,CA,Y7ET3D9SDOFUZ515FE28,0000356028,2013.0,Q4,2013-01-01,2013-03-31,,totaloperatingexpenses,rdexpense,Research & Development Expense,+,debit,usd,115000000.0
CA Inc,CA,Y7ET3D9SDOFUZ515FE28,0000356028,2013.0,Q4,2013-01-01,2013-03-31,,totaloperatingexpenses,depreciationexpense,Depreciation Expense,+,debit,usd,38000000.0
CA Inc,CA,Y7ET3D9SDOFUZ515FE28,0000356028,2013.0,Q4,2013-01-01,2013-03-31,,totaloperatingexpenses,amortizationexpense,Amortization Expense,+,debit,usd,108000000.0
CA Inc,CA,Y7ET3D9SDOFUZ515FE28,0000356028,2013.0,Q4,2013-01-01,2013-03-31,,totaloperatingexpenses,otheroperatingexpenses,Other Operating Expenses / (Income),+,debit,usd,-5000000.0
CA Inc,CA,Y7ET3D9SDOFUZ515FE28,0000356028,2013.0,Q4,2013-01-01,2013-03-31,,totaloperatingexpenses,otherspecialcharges,Other Special Charges / (Income),+,debit,usd,14000000.0
CA Inc,CA,Y7ET3D9SDOFUZ515FE28,0000356028,2013.0,Q4,2013-01-01,2013-03-31,,totaloperatingincome,totaloperatingexpenses,Total Operating Expenses,-,debit,usd,643000000.0
CA Inc,CA,Y7ET3D9SDOFUZ515FE28,0000356028,2013.0,Q4,2013-01-01,2013-03-31,,totalpretaxincome,totaloperatingincome,Total Operating Income,+,credit,usd,216000000.0
CA Inc,CA,Y7ET3D9SDOFUZ515FE28,0000356028,2013.0,Q4,2013-01-01,2013-03-31,,totalotherincome,totalinterestexpense,Interest Expense,-,debit,usd,11000000.0
CA Inc,CA,Y7ET3D9SDOFUZ515FE28,0000356028,2013.0,Q4,2013-01-01,2013-03-31,,totalpretaxincome,totalotherincome,"Total Other Income / (Expense), net",+,credit,usd,-11000000.0
CA Inc,CA,Y7ET3D9SDOFUZ515FE28,0000356028,2013.0,Q4,2013-01-01,2013-03-31,,netincomecontinuing,totalpretaxincome,Total Pre-Tax Income ,+,credit,usd,205000000.0
CA Inc,CA,Y7ET3D9SDOFUZ515FE28,0000356028,2013.0,Q4,2013-01-01,2013-03-31,,netincomecontinuing,incometaxexpense,Income Tax Expense,-,debit,usd,-3000000.0
CA Inc,CA,Y7ET3D9SDOFUZ515FE28,0000356028,2013.0,Q4,2013-01-01,2013-03-31,,netincome,netincomecontinuing,Net Income / (Loss) Continuing Operations,+,credit,usd,208000000.0
CA Inc,CA,Y7ET3D9SDOFUZ515FE28,0000356028,2013.0,Q4,2013-01-01,2013-03-31,,netincome,netincomediscontinued,Net Income / (Loss) Discontinued Operations,+,credit,usd,34000000.0
CA Inc,CA,Y7ET3D9SDOFUZ515FE28,0000356028,2013.0,Q4,2013-01-01,2013-03-31,,netincometocommon,netincome,Consolidated Net Income / (Loss),+,credit,usd,242000000.0
CA Inc,CA,Y7ET3D9SDOFUZ515FE28,0000356028,2013.0,Q4,2013-01-01,2013-03-31,,,netincometocommon,Net Income / (Loss) Attributable to Common Shareholders,=,credit,usd,242000000.0
CA Inc,CA,Y7ET3D9SDOFUZ515FE28,0000356028,2013.0,Q4,2013-01-01,2013-03-31,,basiceps,weightedavebasicsharesos,Weighted Average Basic Shares Outstanding,/,,shares,456000000.0
CA Inc,CA,Y7ET3D9SDOFUZ515FE28,0000356028,2013.0,Q4,2013-01-01,2013-03-31,,,basiceps,Basic Earnings per Share,=,,usdpershare,0.53
CA Inc,CA,Y7ET3D9SDOFUZ515FE28,0000356028,2013.0,Q4,2013-01-01,2013-03-31,,dilutedeps,weightedavedilutedsharesos,Weighted Average Diluted Shares Outstanding,/,,shares,457000000.0
CA Inc,CA,Y7ET3D9SDOFUZ515FE28,0000356028,2013.0,Q4,2013-01-01,2013-03-31,,,dilutedeps,Diluted Earnings per Share,=,,usdpershare,0.52
CA Inc,CA,Y7ET3D9SDOFUZ515FE28,0000356028,2013.0,Q4,2013-01-01,2013-03-31,,basicdilutedeps,weightedavebasicdilutedsharesos,Weighted Average Basic & Diluted Shares Outstanding,/,,shares,461400000.0
CA Inc,CA,Y7ET3D9SDOFUZ515FE28,0000356028,2013.0,Q4,2013-01-01,2013-03-31,,,basicdilutedeps,Basic & Diluted Earnings per Share,=,,usdpershare,0.53
CA Inc,CA,Y7ET3D9SDOFUZ515FE28,0000356028,2013.0,Q4,2013-01-01,2013-03-31,,,cashdividendspershare,Cash Dividends to Common per Share,=,,usdpershare,-0.75
CA Inc,CA,Y7ET3D9SDOFUZ515FE28,0000356028,2013.0,Q3,2012-10-01,2012-12-31,2014-01-22 16:06:06+00:00,totalrevenue,operatingrevenue,Operating Revenue,+,credit,usd,1063000000.0
CA Inc,CA,Y7ET3D9SDOFUZ515FE28,0000356028,2013.0,Q3,2012-10-01,2012-12-31,2014-01-22 16:06:06+00:00,totalrevenue,otherrevenue,Other Revenue,+,credit,usd,132000000.0
CA Inc,CA,Y7ET3D9SDOFUZ515FE28,0000356028,2013.0,Q3,2012-10-01,2012-12-31,2014-01-22 16:06:06+00:00,totalgrossprofit,totalrevenue,Total Revenue,+,credit,usd,1195000000.0
CA Inc,CA,Y7ET3D9SDOFUZ515FE28,0000356028,2013.0,Q3,2012-10-01,2012-12-31,2014-01-22 16:06:06+00:00,totalcostofrevenue,operatingcostofrevenue,Operating Cost of Revenue,+,debit,usd,164000000.0
CA Inc,CA,Y7ET3D9SDOFUZ515FE28,0000356028,2013.0,Q3,2012-10-01,2012-12-31,2014-01-22 16:06:06+00:00,totalgrossprofit,totalcostofrevenue,Total Cost of Revenue,-,debit,usd,164000000.0
CA Inc,CA,Y7ET3D9SDOFUZ515FE28,0000356028,2013.0,Q3,2012-10-01,2012-12-31,2014-01-22 16:06:06+00:00,totaloperatingincome,totalgrossprofit,Total Gross Profit,+,credit,usd,1031000000.0
CA Inc,CA,Y7ET3D9SDOFUZ515FE28,0000356028,2013.0,Q3,2012-10-01,2012-12-31,2014-01-22 16:06:06+00:00,totaloperatingexpenses,sgaexpense,"Selling, General & Admin Expense",+,debit,usd,96000000.0
CA Inc,CA,Y7ET3D9SDOFUZ515FE28,0000356028,2013.0,Q3,2012-10-01,2012-12-31,2014-01-22 16:06:06+00:00,totaloperatingexpenses,marketingexpense,Marketing Expense,+,debit,usd,331000000.0
CA Inc,CA,Y7ET3D9SDOFUZ515FE28,0000356028,2013.0,Q3,2012-10-01,2012-12-31,2014-01-22 16:06:06+00:00,totaloperatingexpenses,rdexpense,Research & Development Expense,+,debit,usd,120000000.0
CA Inc,CA,Y7ET3D9SDOFUZ515FE28,0000356028,2013.0,Q3,2012-10-01,2012-12-31,2014-01-22 16:06:06+00:00,totaloperatingexpenses,depreciationexpense,Depreciation Expense,+,debit,usd,39000000.0
CA Inc,CA,Y7ET3D9SDOFUZ515FE28,0000356028,2013.0,Q3,2012-10-01,2012-12-31,2014-01-22 16:06:06+00:00,totaloperatingexpenses,amortizationexpense,Amortization Expense,+,debit,usd,66000000.0
CA Inc,CA,Y7ET3D9SDOFUZ515FE28,0000356028,2013.0,Q3,2012-10-01,2012-12-31,2014-01-22 16:06:06+00:00,totaloperatingexpenses,otherspecialcharges,Other Special Charges / (Income),+,debit,usd,9000000.0
CA Inc,CA,Y7ET3D9SDOFUZ515FE28,0000356028,2013.0,Q3,2012-10-01,2012-12-31,2014-01-22 16:06:06+00:00,totaloperatingincome,totaloperatingexpenses,Total Operating Expenses,-,debit,usd,661000000.0
CA Inc,CA,Y7ET3D9SDOFUZ515FE28,0000356028,2013.0,Q3,2012-10-01,2012-12-31,2014-01-22 16:06:06+00:00,totalpretaxincome,totaloperatingincome,Total Operating Income,+,credit,usd,370000000.0
CA Inc,CA,Y7ET3D9SDOFUZ515FE28,0000356028,2013.0,Q3,2012-10-01,2012-12-31,2014-01-22 16:06:06+00:00,totalotherincome,totalinterestexpense,Interest Expense,-,debit,usd,12000000.0
CA Inc,CA,Y7ET3D9SDOFUZ515FE28,0000356028,2013.0,Q3,2012-10-01,2012-12-31,2014-01-22 16:06:06+00:00,totalpretaxincome,totalotherincome,"Total Other Income / (Expense), net",+,credit,usd,-12000000.0
CA Inc,CA,Y7ET3D9SDOFUZ515FE28,0000356028,2013.0,Q3,2012-10-01,2012-12-31,2014-01-22 16:06:06+00:00,netincomecontinuing,totalpretaxincome,Total Pre-Tax Income ,+,credit,usd,358000000.0
CA Inc,CA,Y7ET3D9SDOFUZ515FE28,0000356028,2013.0,Q3,2012-10-01,2012-12-31,2014-01-22 16:06:06+00:00,netincomecontinuing,incometaxexpense,Income Tax Expense,-,debit,usd,107000000.0
CA Inc,CA,Y7ET3D9SDOFUZ515FE28,0000356028,2013.0,Q3,2012-10-01,2012-12-31,2014-01-22 16:06:06+00:00,netincome,netincomecontinuing,Net Income / (Loss) Continuing Operations,+,credit,usd,251000000.0
CA Inc,CA,Y7ET3D9SDOFUZ515FE28,0000356028,2013.0,Q3,2012-10-01,2012-12-31,2014-01-22 16:06:06+00:00,netincometocommon,netincome,Consolidated Net Income / (Loss),+,credit,usd,251000000.0
CA Inc,CA,Y7ET3D9SDOFUZ515FE28,0000356028,2013.0,Q3,2012-10-01,2012-12-31,2014-01-22 16:06:06+00:00,,netincometocommon,Net Income / (Loss) Attributable to Common Shareholders,=,credit,usd,251000000.0
CA Inc,CA,Y7ET3D9SDOFUZ515FE28,0000356028,2013.0,Q3,2012-10-01,2012-12-31,2014-01-22 16:06:06+00:00,basiceps,weightedavebasicsharesos,Weighted Average Basic Shares Outstanding,/,,shares,452000000.0
CA Inc,CA,Y7ET3D9SDOFUZ515FE28,0000356028,2013.0,Q3,2012-10-01,2012-12-31,2014-01-22 16:06:06+00:00,,basiceps,Basic Earnings per Share,=,,usdpershare,0.55
CA Inc,CA,Y7ET3D9SDOFUZ515FE28,0000356028,2013.0,Q3,2012-10-01,2012-12-31,2014-01-22 16:06:06+00:00,dilutedeps,weightedavedilutedsharesos,Weighted Average Diluted Shares Outstanding,/,,shares,453000000.0
CA Inc,CA,Y7ET3D9SDOFUZ515FE28,0000356028,2013.0,Q3,2012-10-01,2012-12-31,2014-01-22 16:06:06+00:00,,dilutedeps,Diluted Earnings per Share,=,,usdpershare,0.55
CA Inc,CA,Y7ET3D9SDOFUZ515FE28,0000356028,2013.0,Q3,2012-10-01,2012-12-31,2014-01-22 16:06:06+00:00,basicdilutedeps,weightedavebasicdilutedsharesos,Weighted Average Basic & Diluted Shares Outstanding,/,,shares,456400000.0
CA Inc,CA,Y7ET3D9SDOFUZ515FE28,0000356028,2013.0,Q3,2012-10-01,2012-12-31,2014-01-22 16:06:06+00:00,,basicdilutedeps,Basic & Diluted Earnings per Share,=,,usdpershare,0.55
CA Inc,CA,Y7ET3D9SDOFUZ515FE28,0000356028,2013.0,Q3,2012-10-01,2012-12-31,2014-01-22 16:06:06+00:00,,cashdividendspershare,Cash Dividends to Common per Share,=,,usdpershare,0.25
CA Inc,CA,Y7ET3D9SDOFUZ515FE28,0000356028,2013.0,Q3YTD,2012-04-01,2012-12-31,,totalrevenue,operatingrevenue,Operating Revenue,+,credit,usd,3189000000.0
CA Inc,CA,Y7ET3D9SDOFUZ515FE28,0000356028,2013.0,Q3YTD,2012-04-01,2012-12-31,,totalrevenue,otherrevenue,Other Revenue,+,credit,usd,303000000.0
CA Inc,CA,Y7ET3D9SDOFUZ515FE28,0000356028,2013.0,Q3YTD,2012-04-01,2012-12-31,,totalgrossprofit,totalrevenue,Total Revenue,+,credit,usd,3492000000.0
CA Inc,CA,Y7ET3D9SDOFUZ515FE28,0000356028,2013.0,Q3YTD,2012-04-01,2012-12-31,,totalcostofrevenue,operatingcostofrevenue,Operating Cost of Revenue,+,debit,usd,476000000.0
CA Inc,CA,Y7ET3D9SDOFUZ515FE28,0000356028,2013.0,Q3YTD,2012-04-01,2012-12-31,,totalgrossprofit,totalcostofrevenue,Total Cost of Revenue,-,debit,usd,476000000.0
CA Inc,CA,Y7ET3D9SDOFUZ515FE28,0000356028,2013.0,Q3YTD,2012-04-01,2012-12-31,,totaloperatingincome,totalgrossprofit,Total Gross Profit,+,credit,usd,3016000000.0
CA Inc,CA,Y7ET3D9SDOFUZ515FE28,0000356028,2013.0,Q3YTD,2012-04-01,2012-12-31,,totaloperatingexpenses,sgaexpense,"Selling, General & Admin Expense",+,debit,usd,304000000.0
CA Inc,CA,Y7ET3D9SDOFUZ515FE28,0000356028,2013.0,Q3YTD,2012-04-01,2012-12-31,,totaloperatingexpenses,marketingexpense,Marketing Expense,+,debit,usd,953000000.0
CA Inc,CA,Y7ET3D9SDOFUZ515FE28,0000356028,2013.0,Q3YTD,2012-04-01,2012-12-31,,totaloperatingexpenses,rdexpense,Research & Development Expense,+,debit,usd,368000000.0
CA Inc,CA,Y7ET3D9SDOFUZ515FE28,0000356028,2013.0,Q3YTD,2012-04-01,2012-12-31,,totaloperatingexpenses,depreciationexpense,Depreciation Expense,+,debit,usd,120000000.0
CA Inc,CA,Y7ET3D9SDOFUZ515FE28,0000356028,2013.0,Q3YTD,2012-04-01,2012-12-31,,totaloperatingexpenses,amortizationexpense,Amortization Expense,+,debit,usd,197000000.0
CA Inc,CA,Y7ET3D9SDOFUZ515FE28,0000356028,2013.0,Q3YTD,2012-04-01,2012-12-31,,totaloperatingexpenses,otherspecialcharges,Other Special Charges / (Income),+,debit,usd,-14000000.0
CA Inc,CA,Y7ET3D9SDOFUZ515FE28,0000356028,2013.0,Q3YTD,2012-04-01,2012-12-31,,totaloperatingincome,totaloperatingexpenses,Total Operating Expenses,-,debit,usd,1928000000.0
CA Inc,CA,Y7ET3D9SDOFUZ515FE28,0000356028,2013.0,Q3YTD,2012-04-01,2012-12-31,,totalpretaxincome,totaloperatingincome,Total Operating Income,+,credit,usd,1088000000.0
CA Inc,CA,Y7ET3D9SDOFUZ515FE28,0000356028,2013.0,Q3YTD,2012-04-01,2012-12-31,,totalotherincome,totalinterestexpense,Interest Expense,-,debit,usd,33000000.0
CA Inc,CA,Y7ET3D9SDOFUZ515FE28,0000356028,2013.0,Q3YTD,2012-04-01,2012-12-31,,totalpretaxincome,totalotherincome,"Total Other Income / (Expense), net",+,credit,usd,-33000000.0
CA Inc,CA,Y7ET3D9SDOFUZ515FE28,0000356028,2013.0,Q3YTD,2012-04-01,2012-12-31,,netincomecontinuing,totalpretaxincome,Total Pre-Tax Income ,+,credit,usd,1055000000.0
CA Inc,CA,Y7ET3D9SDOFUZ515FE28,0000356028,2013.0,Q3YTD,2012-04-01,2012-12-31,,netincomecontinuing,incometaxexpense,Income Tax Expense,-,debit,usd,342000000.0
CA Inc,CA,Y7ET3D9SDOFUZ515FE28,0000356028,2013.0,Q3YTD,2012-04-01,2012-12-31,,netincome,netincomecontinuing,Net Income / (Loss) Continuing Operations,+,credit,usd,713000000.0
CA Inc,CA,Y7ET3D9SDOFUZ515FE28,0000356028,2013.0,Q3YTD,2012-04-01,2012-12-31,,netincometocommon,netincome,Consolidated Net Income / (Loss),+,credit,usd,713000000.0
CA Inc,CA,Y7ET3D9SDOFUZ515FE28,0000356028,2013.0,Q3YTD,2012-04-01,2012-12-31,,,netincometocommon,Net Income / (Loss) Attributable to Common Shareholders,=,credit,usd,713000000.0
CA Inc,CA,Y7ET3D9SDOFUZ515FE28,0000356028,2013.0,Q3YTD,2012-04-01,2012-12-31,,basiceps,weightedavebasicsharesos,Weighted Average Basic Shares Outstanding,/,,shares,452000000.0
CA Inc,CA,Y7ET3D9SDOFUZ515FE28,0000356028,2013.0,Q3YTD,2012-04-01,2012-12-31,,,basiceps,Basic Earnings per Share,=,,usdpershare,1.54
CA Inc,CA,Y7ET3D9SDOFUZ515FE28,0000356028,2013.0,Q3YTD,2012-04-01,2012-12-31,,dilutedeps,weightedavedilutedsharesos,Weighted Average Diluted Shares Outstanding,/,,shares,453000000.0
CA Inc,CA,Y7ET3D9SDOFUZ515FE28,0000356028,2013.0,Q3YTD,2012-04-01,2012-12-31,,,dilutedeps,Diluted Earnings per Share,=,,usdpershare,1.54
CA Inc,CA,Y7ET3D9SDOFUZ515FE28,0000356028,2013.0,Q3YTD,2012-04-01,2012-12-31,,basicdilutedeps,weightedavebasicdilutedsharesos,Weighted Average Basic & Diluted Shares Outstanding,/,,shares,456400000.0
CA Inc,CA,Y7ET3D9SDOFUZ515FE28,0000356028,2013.0,Q3YTD,2012-04-01,2012-12-31,,,basicdilutedeps,Basic & Diluted Earnings per Share,=,,usdpershare,1.54
CA Inc,CA,Y7ET3D9SDOFUZ515FE28,0000356028,2013.0,Q3YTD,2012-04-01,2012-12-31,,,cashdividendspershare,Cash Dividends to Common per Share,=,,usdpershare,0.75
CA Inc,CA,Y7ET3D9SDOFUZ515FE28,0000356028,2013.0,Q3TTM,2012-01-01,2012-12-31,,totalrevenue,operatingrevenue,Operating Revenue,+,credit,usd,4241000000.0
CA Inc,CA,Y7ET3D9SDOFUZ515FE28,0000356028,2013.0,Q3TTM,2012-01-01,2012-12-31,,totalrevenue,otherrevenue,Other Revenue,+,credit,usd,404000000.0
CA Inc,CA,Y7ET3D9SDOFUZ515FE28,0000356028,2013.0,Q3TTM,2012-01-01,2012-12-31,,totalgrossprofit,totalrevenue,Total Revenue,+,credit,usd,4645000000.0
CA Inc,CA,Y7ET3D9SDOFUZ515FE28,0000356028,2013.0,Q3TTM,2012-01-01,2012-12-31,,totalcostofrevenue,operatingcostofrevenue,Operating Cost of Revenue,+,debit,usd,640000000.0
CA Inc,CA,Y7ET3D9SDOFUZ515FE28,0000356028,2013.0,Q3TTM,2012-01-01,2012-12-31,,totalgrossprofit,totalcostofrevenue,Total Cost of Revenue,-,debit,usd,640000000.0
CA Inc,CA,Y7ET3D9SDOFUZ515FE28,0000356028,2013.0,Q3TTM,2012-01-01,2012-12-31,,totaloperatingincome,totalgrossprofit,Total Gross Profit,+,credit,usd,4005000000.0
CA Inc,CA,Y7ET3D9SDOFUZ515FE28,0000356028,2013.0,Q3TTM,2012-01-01,2012-12-31,,totaloperatingexpenses,sgaexpense,"Selling, General & Admin Expense",+,debit,usd,435000000.0
CA Inc,CA,Y7ET3D9SDOFUZ515FE28,0000356028,2013.0,Q3TTM,2012-01-01,2012-12-31,,totaloperatingexpenses,marketingexpense,Marketing Expense,+,debit,usd,1303000000.0
CA Inc,CA,Y7ET3D9SDOFUZ515FE28,0000356028,2013.0,Q3TTM,2012-01-01,2012-12-31,,totaloperatingexpenses,rdexpense,Research & Development Expense,+,debit,usd,493000000.0
CA Inc,CA,Y7ET3D9SDOFUZ515FE28,0000356028,2013.0,Q3TTM,2012-01-01,2012-12-31,,totaloperatingexpenses,depreciationexpense,Depreciation Expense,+,debit,usd,162000000.0
CA Inc,CA,Y7ET3D9SDOFUZ515FE28,0000356028,2013.0,Q3TTM,2012-01-01,2012-12-31,,totaloperatingexpenses,amortizationexpense,Amortization Expense,+,debit,usd,256000000.0
CA Inc,CA,Y7ET3D9SDOFUZ515FE28,0000356028,2013.0,Q3TTM,2012-01-01,2012-12-31,,totaloperatingexpenses,otheroperatingexpenses,Other Operating Expenses / (Income),+,debit,usd,-9000000.0
CA Inc,CA,Y7ET3D9SDOFUZ515FE28,0000356028,2013.0,Q3TTM,2012-01-01,2012-12-31,,totaloperatingexpenses,restructuringcharge,Restructuring Charge,+,debit,usd,-1000000.0
CA Inc,CA,Y7ET3D9SDOFUZ515FE28,0000356028,2013.0,Q3TTM,2012-01-01,2012-12-31,,totaloperatingexpenses,otherspecialcharges,Other Special Charges / (Income),+,debit,usd,1000000.0
CA Inc,CA,Y7ET3D9SDOFUZ515FE28,0000356028,2013.0,Q3TTM,2012-01-01,2012-12-31,,totaloperatingincome,totaloperatingexpenses,Total Operating Expenses,-,debit,usd,2640000000.0
CA Inc,CA,Y7ET3D9SDOFUZ515FE28,0000356028,2013.0,Q3TTM,2012-01-01,2012-12-31,,totalpretaxincome,totaloperatingincome,Total Operating Income,+,credit,usd,1365000000.0
CA Inc,CA,Y7ET3D9SDOFUZ515FE28,0000356028,2013.0,Q3TTM,2012-01-01,2012-12-31,,totalotherincome,totalinterestexpense,Interest Expense,-,debit,usd,44000000.0
CA Inc,CA,Y7ET3D9SDOFUZ515FE28,0000356028,2013.0,Q3TTM,2012-01-01,2012-12-31,,totalpretaxincome,totalotherincome,"Total Other Income / (Expense), net",+,credit,usd,-44000000.0
CA Inc,CA,Y7ET3D9SDOFUZ515FE28,0000356028,2013.0,Q3TTM,2012-01-01,2012-12-31,,netincomecontinuing,totalpretaxincome,Total Pre-Tax Income ,+,credit,usd,1321000000.0
CA Inc,CA,Y7ET3D9SDOFUZ515FE28,0000356028,2013.0,Q3TTM,2012-01-01,2012-12-31,,netincomecontinuing,incometaxexpense,Income Tax Expense,-,debit,usd,412000000.0
CA Inc,CA,Y7ET3D9SDOFUZ515FE28,0000356028,2013.0,Q3TTM,2012-01-01,2012-12-31,,netincome,netincomecontinuing,Net Income / (Loss) Continuing Operations,+,credit,usd,909000000.0
CA Inc,CA,Y7ET3D9SDOFUZ515FE28,0000356028,2013.0,Q3TTM,2012-01-01,2012-12-31,,netincome,netincomediscontinued,Net Income / (Loss) Discontinued Operations,+,credit,usd,15000000.0
CA Inc,CA,Y7ET3D9SDOFUZ515FE28,0000356028,2013.0,Q3TTM,2012-01-01,2012-12-31,,netincometocommon,netincome,Consolidated Net Income / (Loss),+,credit,usd,924000000.0
CA Inc,CA,Y7ET3D9SDOFUZ515FE28,0000356028,2013.0,Q3TTM,2012-01-01,2012-12-31,,,netincometocommon,Net Income / (Loss) Attributable to Common Shareholders,=,credit,usd,924000000.0
CA Inc,CA,Y7ET3D9SDOFUZ515FE28,0000356028,2013.0,Q3TTM,2012-01-01,2012-12-31,,basiceps,weightedavebasicsharesos,Weighted Average Basic Shares Outstanding,/,,shares,452000000.0
CA Inc,CA,Y7ET3D9SDOFUZ515FE28,0000356028,2013.0,Q3TTM,2012-01-01,2012-12-31,,,basiceps,Basic Earnings per Share,=,,usdpershare,1.99
CA Inc,CA,Y7ET3D9SDOFUZ515FE28,0000356028,2013.0,Q3TTM,2012-01-01,2012-12-31,,dilutedeps,weightedavedilutedsharesos,Weighted Average Diluted Shares Outstanding,/,,shares,453000000.0
CA Inc,CA,Y7ET3D9SDOFUZ515FE28,0000356028,2013.0,Q3TTM,2012-01-01,2012-12-31,,,dilutedeps,Diluted Earnings per Share,=,,usdpershare,1.99
CA Inc,CA,Y7ET3D9SDOFUZ515FE28,0000356028,2013.0,Q3TTM,2012-01-01,2012-12-31,,basicdilutedeps,weightedavebasicdilutedsharesos,Weighted Average Basic & Diluted Shares Outstanding,/,,shares,456400000.0
CA Inc,CA,Y7ET3D9SDOFUZ515FE28,0000356028,2013.0,Q3TTM,2012-01-01,2012-12-31,,,basicdilutedeps,Basic & Diluted Earnings per Share,=,,usdpershare,1.99
CA Inc,CA,Y7ET3D9SDOFUZ515FE28,0000356028,2013.0,Q3TTM,2012-01-01,2012-12-31,,,cashdividendspershare,Cash Dividends to Common per Share,=,,usdpershare,0.6
CA Inc,CA,Y7ET3D9SDOFUZ515FE28,0000356028,2013.0,Q2,2012-07-01,2012-09-30,2013-10-25 16:02:57+00:00,totalrevenue,operatingrevenue,Operating Revenue,+,credit,usd,1058000000.0
CA Inc,CA,Y7ET3D9SDOFUZ515FE28,0000356028,2013.0,Q2,2012-07-01,2012-09-30,2013-10-25 16:02:57+00:00,totalrevenue,otherrevenue,Other Revenue,+,credit,usd,94000000.0
CA Inc,CA,Y7ET3D9SDOFUZ515FE28,0000356028,2013.0,Q2,2012-07-01,2012-09-30,2013-10-25 16:02:57+00:00,totalgrossprofit,totalrevenue,Total Revenue,+,credit,usd,1152000000.0
CA Inc,CA,Y7ET3D9SDOFUZ515FE28,0000356028,2013.0,Q2,2012-07-01,2012-09-30,2013-10-25 16:02:57+00:00,totalcostofrevenue,operatingcostofrevenue,Operating Cost of Revenue,+,debit,usd,157000000.0
CA Inc,CA,Y7ET3D9SDOFUZ515FE28,0000356028,2013.0,Q2,2012-07-01,2012-09-30,2013-10-25 16:02:57+00:00,totalgrossprofit,totalcostofrevenue,Total Cost of Revenue,-,debit,usd,157000000.0
CA Inc,CA,Y7ET3D9SDOFUZ515FE28,0000356028,2013.0,Q2,2012-07-01,2012-09-30,2013-10-25 16:02:57+00:00,totaloperatingincome,totalgrossprofit,Total Gross Profit,+,credit,usd,995000000.0
CA Inc,CA,Y7ET3D9SDOFUZ515FE28,0000356028,2013.0,Q2,2012-07-01,2012-09-30,2013-10-25 16:02:57+00:00,totaloperatingexpenses,sgaexpense,"Selling, General & Admin Expense",+,debit,usd,98000000.0
CA Inc,CA,Y7ET3D9SDOFUZ515FE28,0000356028,2013.0,Q2,2012-07-01,2012-09-30,2013-10-25 16:02:57+00:00,totaloperatingexpenses,marketingexpense,Marketing Expense,+,debit,usd,317000000.0
CA Inc,CA,Y7ET3D9SDOFUZ515FE28,0000356028,2013.0,Q2,2012-07-01,2012-09-30,2013-10-25 16:02:57+00:00,totaloperatingexpenses,rdexpense,Research & Development Expense,+,debit,usd,123000000.0
CA Inc,CA,Y7ET3D9SDOFUZ515FE28,0000356028,2013.0,Q2,2012-07-01,2012-09-30,2013-10-25 16:02:57+00:00,totaloperatingexpenses,depreciationexpense,Depreciation Expense,+,debit,usd,40000000.0
CA Inc,CA,Y7ET3D9SDOFUZ515FE28,0000356028,2013.0,Q2,2012-07-01,2012-09-30,2013-10-25 16:02:57+00:00,totaloperatingexpenses,amortizationexpense,Amortization Expense,+,debit,usd,67000000.0
CA Inc,CA,Y7ET3D9SDOFUZ515FE28,0000356028,2013.0,Q2,2012-07-01,2012-09-30,2013-10-25 16:02:57+00:00,totaloperatingexpenses,otherspecialcharges,Other Special Charges / (Income),+,debit,usd,13000000.0
CA Inc,CA,Y7ET3D9SDOFUZ515FE28,0000356028,2013.0,Q2,2012-07-01,2012-09-30,2013-10-25 16:02:57+00:00,totaloperatingincome,totaloperatingexpenses,Total Operating Expenses,-,debit,usd,658000000.0
CA Inc,CA,Y7ET3D9SDOFUZ515FE28,0000356028,2013.0,Q2,2012-07-01,2012-09-30,2013-10-25 16:02:57+00:00,totalpretaxincome,totaloperatingincome,Total Operating Income,+,credit,usd,337000000.0
CA Inc,CA,Y7ET3D9SDOFUZ515FE28,0000356028,2013.0,Q2,2012-07-01,2012-09-30,2013-10-25 16:02:57+00:00,totalotherincome,totalinterestexpense,Interest Expense,-,debit,usd,10000000.0
CA Inc,CA,Y7ET3D9SDOFUZ515FE28,0000356028,2013.0,Q2,2012-07-01,2012-09-30,2013-10-25 16:02:57+00:00,totalpretaxincome,totalotherincome,"Total Other Income / (Expense), net",+,credit,usd,-10000000.0
CA Inc,CA,Y7ET3D9SDOFUZ515FE28,0000356028,2013.0,Q2,2012-07-01,2012-09-30,2013-10-25 16:02:57+00:00,netincomecontinuing,totalpretaxincome,Total Pre-Tax Income ,+,credit,usd,327000000.0
CA Inc,CA,Y7ET3D9SDOFUZ515FE28,0000356028,2013.0,Q2,2012-07-01,2012-09-30,2013-10-25 16:02:57+00:00,netincomecontinuing,incometaxexpense,Income Tax Expense,-,debit,usd,105000000.0
CA Inc,CA,Y7ET3D9SDOFUZ515FE28,0000356028,2013.0,Q2,2012-07-01,2012-09-30,2013-10-25 16:02:57+00:00,netincome,netincomecontinuing,Net Income / (Loss) Continuing Operations,+,credit,usd,222000000.0
CA Inc,CA,Y7ET3D9SDOFUZ515FE28,0000356028,2013.0,Q2,2012-07-01,2012-09-30,2013-10-25 16:02:57+00:00,netincometocommon,netincome,Consolidated Net Income / (Loss),+,credit,usd,222000000.0
CA Inc,CA,Y7ET3D9SDOFUZ515FE28,0000356028,2013.0,Q2,2012-07-01,2012-09-30,2013-10-25 16:02:57+00:00,,netincometocommon,Net Income / (Loss) Attributable to Common Shareholders,=,credit,usd,222000000.0
CA Inc,CA,Y7ET3D9SDOFUZ515FE28,0000356028,2013.0,Q2,2012-07-01,2012-09-30,2013-10-25 16:02:57+00:00,basiceps,weightedavebasicsharesos,Weighted Average Basic Shares Outstanding,/,,shares,458000000.0
CA Inc,CA,Y7ET3D9SDOFUZ515FE28,0000356028,2013.0,Q2,2012-07-01,2012-09-30,2013-10-25 16:02:57+00:00,,basiceps,Basic Earnings per Share,=,,usdpershare,0.48
CA Inc,CA,Y7ET3D9SDOFUZ515FE28,0000356028,2013.0,Q2,2012-07-01,2012-09-30,2013-10-25 16:02:57+00:00,dilutedeps,weightedavedilutedsharesos,Weighted Average Diluted Shares Outstanding,/,,shares,459000000.0
CA Inc,CA,Y7ET3D9SDOFUZ515FE28,0000356028,2013.0,Q2,2012-07-01,2012-09-30,2013-10-25 16:02:57+00:00,,dilutedeps,Diluted Earnings per Share,=,,usdpershare,0.48
CA Inc,CA,Y7ET3D9SDOFUZ515FE28,0000356028,2013.0,Q2,2012-07-01,2012-09-30,2013-10-25 16:02:57+00:00,basicdilutedeps,weightedavebasicdilutedsharesos,Weighted Average Basic & Diluted Shares Outstanding,/,,shares,462500000.0
CA Inc,CA,Y7ET3D9SDOFUZ515FE28,0000356028,2013.0,Q2,2012-07-01,2012-09-30,2013-10-25 16:02:57+00:00,,basicdilutedeps,Basic & Diluted Earnings per Share,=,,usdpershare,0.48
CA Inc,CA,Y7ET3D9SDOFUZ515FE28,0000356028,2013.0,Q2,2012-07-01,2012-09-30,2013-10-25 16:02:57+00:00,,cashdividendspershare,Cash Dividends to Common per Share,=,,usdpershare,0.25
CA Inc,CA,Y7ET3D9SDOFUZ515FE28,0000356028,2013.0,Q2YTD,2012-04-01,2012-09-30,,totalrevenue,operatingrevenue,Operating Revenue,+,credit,usd,2126000000.0
CA Inc,CA,Y7ET3D9SDOFUZ515FE28,0000356028,2013.0,Q2YTD,2012-04-01,2012-09-30,,totalrevenue,otherrevenue,Other Revenue,+,credit,usd,171000000.0
CA Inc,CA,Y7ET3D9SDOFUZ515FE28,0000356028,2013.0,Q2YTD,2012-04-01,2012-09-30,,totalgrossprofit,totalrevenue,Total Revenue,+,credit,usd,2297000000.0
CA Inc,CA,Y7ET3D9SDOFUZ515FE28,0000356028,2013.0,Q2YTD,2012-04-01,2012-09-30,,totalcostofrevenue,operatingcostofrevenue,Operating Cost of Revenue,+,debit,usd,312000000.0
CA Inc,CA,Y7ET3D9SDOFUZ515FE28,0000356028,2013.0,Q2YTD,2012-04-01,2012-09-30,,totalgrossprofit,totalcostofrevenue,Total Cost of Revenue,-,debit,usd,312000000.0
CA Inc,CA,Y7ET3D9SDOFUZ515FE28,0000356028,2013.0,Q2YTD,2012-04-01,2012-09-30,,totaloperatingincome,totalgrossprofit,Total Gross Profit,+,credit,usd,1985000000.0
CA Inc,CA,Y7ET3D9SDOFUZ515FE28,0000356028,2013.0,Q2YTD,2012-04-01,2012-09-30,,totaloperatingexpenses,sgaexpense,"Selling, General & Admin Expense",+,debit,usd,208000000.0
CA Inc,CA,Y7ET3D9SDOFUZ515FE28,0000356028,2013.0,Q2YTD,2012-04-01,2012-09-30,,totaloperatingexpenses,marketingexpense,Marketing Expense,+,debit,usd,622000000.0
CA Inc,CA,Y7ET3D9SDOFUZ515FE28,0000356028,2013.0,Q2YTD,2012-04-01,2012-09-30,,totaloperatingexpenses,rdexpense,Research & Development Expense,+,debit,usd,248000000.0
CA Inc,CA,Y7ET3D9SDOFUZ515FE28,0000356028,2013.0,Q2YTD,2012-04-01,2012-09-30,,totaloperatingexpenses,depreciationexpense,Depreciation Expense,+,debit,usd,81000000.0
CA Inc,CA,Y7ET3D9SDOFUZ515FE28,0000356028,2013.0,Q2YTD,2012-04-01,2012-09-30,,totaloperatingexpenses,amortizationexpense,Amortization Expense,+,debit,usd,131000000.0
CA Inc,CA,Y7ET3D9SDOFUZ515FE28,0000356028,2013.0,Q2YTD,2012-04-01,2012-09-30,,totaloperatingexpenses,otherspecialcharges,Other Special Charges / (Income),+,debit,usd,-23000000.0
CA Inc,CA,Y7ET3D9SDOFUZ515FE28,0000356028,2013.0,Q2YTD,2012-04-01,2012-09-30,,totaloperatingincome,totaloperatingexpenses,Total Operating Expenses,-,debit,usd,1267000000.0
CA Inc,CA,Y7ET3D9SDOFUZ515FE28,0000356028,2013.0,Q2YTD,2012-04-01,2012-09-30,,totalpretaxincome,totaloperatingincome,Total Operating Income,+,credit,usd,718000000.0
CA Inc,CA,Y7ET3D9SDOFUZ515FE28,0000356028,2013.0,Q2YTD,2012-04-01,2012-09-30,,totalotherincome,totalinterestexpense,Interest Expense,-,debit,usd,21000000.0
CA Inc,CA,Y7ET3D9SDOFUZ515FE28,0000356028,2013.0,Q2YTD,2012-04-01,2012-09-30,,totalpretaxincome,totalotherincome,"Total Other Income / (Expense), net",+,credit,usd,-21000000.0
CA Inc,CA,Y7ET3D9SDOFUZ515FE28,0000356028,2013.0,Q2YTD,2012-04-01,2012-09-30,,netincomecontinuing,totalpretaxincome,Total Pre-Tax Income ,+,credit,usd,697000000.0
CA Inc,CA,Y7ET3D9SDOFUZ515FE28,0000356028,2013.0,Q2YTD,2012-04-01,2012-09-30,,netincomecontinuing,incometaxexpense,Income Tax Expense,-,debit,usd,235000000.0
CA Inc,CA,Y7ET3D9SDOFUZ515FE28,0000356028,2013.0,Q2YTD,2012-04-01,2012-09-30,,netincome,netincomecontinuing,Net Income / (Loss) Continuing Operations,+,credit,usd,462000000.0
CA Inc,CA,Y7ET3D9SDOFUZ515FE28,0000356028,2013.0,Q2YTD,2012-04-01,2012-09-30,,netincometocommon,netincome,Consolidated Net Income / (Loss),+,credit,usd,462000000.0
CA Inc,CA,Y7ET3D9SDOFUZ515FE28,0000356028,2013.0,Q2YTD,2012-04-01,2012-09-30,,,netincometocommon,Net Income / (Loss) Attributable to Common Shareholders,=,credit,usd,462000000.0
CA Inc,CA,Y7ET3D9SDOFUZ515FE28,0000356028,2013.0,Q2YTD,2012-04-01,2012-09-30,,basiceps,weightedavebasicsharesos,Weighted Average Basic Shares Outstanding,/,,shares,458000000.0
CA Inc,CA,Y7ET3D9SDOFUZ515FE28,0000356028,2013.0,Q2YTD,2012-04-01,2012-09-30,,,basiceps,Basic Earnings per Share,=,,usdpershare,0.99
CA Inc,CA,Y7ET3D9SDOFUZ515FE28,0000356028,2013.0,Q2YTD,2012-04-01,2012-09-30,,dilutedeps,weightedavedilutedsharesos,Weighted Average Diluted Shares Outstanding,/,,shares,459000000.0
CA Inc,CA,Y7ET3D9SDOFUZ515FE28,0000356028,2013.0,Q2YTD,2012-04-01,2012-09-30,,,dilutedeps,Diluted Earnings per Share,=,,usdpershare,0.99
CA Inc,CA,Y7ET3D9SDOFUZ515FE28,0000356028,2013.0,Q2YTD,2012-04-01,2012-09-30,,basicdilutedeps,weightedavebasicdilutedsharesos,Weighted Average Basic & Diluted Shares Outstanding,/,,shares,462500000.0
CA Inc,CA,Y7ET3D9SDOFUZ515FE28,0000356028,2013.0,Q2YTD,2012-04-01,2012-09-30,,,basicdilutedeps,Basic & Diluted Earnings per Share,=,,usdpershare,0.99
CA Inc,CA,Y7ET3D9SDOFUZ515FE28,0000356028,2013.0,Q2YTD,2012-04-01,2012-09-30,,,cashdividendspershare,Cash Dividends to Common per Share,=,,usdpershare,0.5
CA Inc,CA,Y7ET3D9SDOFUZ515FE28,0000356028,2013.0,Q2TTM,2011-10-01,2012-09-30,,totalrevenue,operatingrevenue,Operating Revenue,+,credit,usd,4287000000.0
CA Inc,CA,Y7ET3D9SDOFUZ515FE28,0000356028,2013.0,Q2TTM,2011-10-01,2012-09-30,,totalrevenue,otherrevenue,Other Revenue,+,credit,usd,426000000.0
CA Inc,CA,Y7ET3D9SDOFUZ515FE28,0000356028,2013.0,Q2TTM,2011-10-01,2012-09-30,,totalgrossprofit,totalrevenue,Total Revenue,+,credit,usd,4713000000.0
CA Inc,CA,Y7ET3D9SDOFUZ515FE28,0000356028,2013.0,Q2TTM,2011-10-01,2012-09-30,,totalcostofrevenue,operatingcostofrevenue,Operating Cost of Revenue,+,debit,usd,636000000.0
CA Inc,CA,Y7ET3D9SDOFUZ515FE28,0000356028,2013.0,Q2TTM,2011-10-01,2012-09-30,,totalgrossprofit,totalcostofrevenue,Total Cost of Revenue,-,debit,usd,636000000.0
CA Inc,CA,Y7ET3D9SDOFUZ515FE28,0000356028,2013.0,Q2TTM,2011-10-01,2012-09-30,,totaloperatingincome,totalgrossprofit,Total Gross Profit,+,credit,usd,4077000000.0
CA Inc,CA,Y7ET3D9SDOFUZ515FE28,0000356028,2013.0,Q2TTM,2011-10-01,2012-09-30,,totaloperatingexpenses,sgaexpense,"Selling, General & Admin Expense",+,debit,usd,452000000.0
CA Inc,CA,Y7ET3D9SDOFUZ515FE28,0000356028,2013.0,Q2TTM,2011-10-01,2012-09-30,,totaloperatingexpenses,marketingexpense,Marketing Expense,+,debit,usd,1314000000.0
CA Inc,CA,Y7ET3D9SDOFUZ515FE28,0000356028,2013.0,Q2TTM,2011-10-01,2012-09-30,,totaloperatingexpenses,rdexpense,Research & Development Expense,+,debit,usd,499000000.0
CA Inc,CA,Y7ET3D9SDOFUZ515FE28,0000356028,2013.0,Q2TTM,2011-10-01,2012-09-30,,totaloperatingexpenses,depreciationexpense,Depreciation Expense,+,debit,usd,167000000.0
CA Inc,CA,Y7ET3D9SDOFUZ515FE28,0000356028,2013.0,Q2TTM,2011-10-01,2012-09-30,,totaloperatingexpenses,amortizationexpense,Amortization Expense,+,debit,usd,249000000.0
CA Inc,CA,Y7ET3D9SDOFUZ515FE28,0000356028,2013.0,Q2TTM,2011-10-01,2012-09-30,,totaloperatingexpenses,otheroperatingexpenses,Other Operating Expenses / (Income),+,debit,usd,-3000000.0
CA Inc,CA,Y7ET3D9SDOFUZ515FE28,0000356028,2013.0,Q2TTM,2011-10-01,2012-09-30,,totaloperatingexpenses,restructuringcharge,Restructuring Charge,+,debit,usd,-1000000.0
CA Inc,CA,Y7ET3D9SDOFUZ515FE28,0000356028,2013.0,Q2TTM,2011-10-01,2012-09-30,,totaloperatingexpenses,otherspecialcharges,Other Special Charges / (Income),+,debit,usd,-8000000.0
CA Inc,CA,Y7ET3D9SDOFUZ515FE28,0000356028,2013.0,Q2TTM,2011-10-01,2012-09-30,,totaloperatingincome,totaloperatingexpenses,Total Operating Expenses,-,debit,usd,2669000000.0
CA Inc,CA,Y7ET3D9SDOFUZ515FE28,0000356028,2013.0,Q2TTM,2011-10-01,2012-09-30,,totalpretaxincome,totaloperatingincome,Total Operating Income,+,credit,usd,1408000000.0
CA Inc,CA,Y7ET3D9SDOFUZ515FE28,0000356028,2013.0,Q2TTM,2011-10-01,2012-09-30,,totalotherincome,totalinterestexpense,Interest Expense,-,debit,usd,41000000.0
CA Inc,CA,Y7ET3D9SDOFUZ515FE28,0000356028,2013.0,Q2TTM,2011-10-01,2012-09-30,,totalpretaxincome,totalotherincome,"Total Other Income / (Expense), net",+,credit,usd,-41000000.0
CA Inc,CA,Y7ET3D9SDOFUZ515FE28,0000356028,2013.0,Q2TTM,2011-10-01,2012-09-30,,netincomecontinuing,totalpretaxincome,Total Pre-Tax Income ,+,credit,usd,1367000000.0
CA Inc,CA,Y7ET3D9SDOFUZ515FE28,0000356028,2013.0,Q2TTM,2011-10-01,2012-09-30,,netincomecontinuing,incometaxexpense,Income Tax Expense,-,debit,usd,446000000.0
CA Inc,CA,Y7ET3D9SDOFUZ515FE28,0000356028,2013.0,Q2TTM,2011-10-01,2012-09-30,,netincome,netincomecontinuing,Net Income / (Loss) Continuing Operations,+,credit,usd,921000000.0
CA Inc,CA,Y7ET3D9SDOFUZ515FE28,0000356028,2013.0,Q2TTM,2011-10-01,2012-09-30,,netincome,netincomediscontinued,Net Income / (Loss) Discontinued Operations,+,credit,usd,15000000.0
CA Inc,CA,Y7ET3D9SDOFUZ515FE28,0000356028,2013.0,Q2TTM,2011-10-01,2012-09-30,,netincometocommon,netincome,Consolidated Net Income / (Loss),+,credit,usd,936000000.0
CA Inc,CA,Y7ET3D9SDOFUZ515FE28,0000356028,2013.0,Q2TTM,2011-10-01,2012-09-30,,,netincometocommon,Net Income / (Loss) Attributable to Common Shareholders,=,credit,usd,936000000.0
CA Inc,CA,Y7ET3D9SDOFUZ515FE28,0000356028,2013.0,Q2TTM,2011-10-01,2012-09-30,,basiceps,weightedavebasicsharesos,Weighted Average Basic Shares Outstanding,/,,shares,458000000.0
CA Inc,CA,Y7ET3D9SDOFUZ515FE28,0000356028,2013.0,Q2TTM,2011-10-01,2012-09-30,,,basiceps,Basic Earnings per Share,=,,usdpershare,1.98
CA Inc,CA,Y7ET3D9SDOFUZ515FE28,0000356028,2013.0,Q2TTM,2011-10-01,2012-09-30,,dilutedeps,weightedavedilutedsharesos,Weighted Average Diluted Shares Outstanding,/,,shares,459000000.0
CA Inc,CA,Y7ET3D9SDOFUZ515FE28,0000356028,2013.0,Q2TTM,2011-10-01,2012-09-30,,,dilutedeps,Diluted Earnings per Share,=,,usdpershare,1.98
CA Inc,CA,Y7ET3D9SDOFUZ515FE28,0000356028,2013.0,Q2TTM,2011-10-01,2012-09-30,,basicdilutedeps,weightedavebasicdilutedsharesos,Weighted Average Basic & Diluted Shares Outstanding,/,,shares,462500000.0
CA Inc,CA,Y7ET3D9SDOFUZ515FE28,0000356028,2013.0,Q2TTM,2011-10-01,2012-09-30,,,basicdilutedeps,Basic & Diluted Earnings per Share,=,,usdpershare,1.98
CA Inc,CA,Y7ET3D9SDOFUZ515FE28,0000356028,2013.0,Q2TTM,2011-10-01,2012-09-30,,,cashdividendspershare,Cash Dividends to Common per Share,=,,usdpershare,0.4
CA Inc,CA,Y7ET3D9SDOFUZ515FE28,0000356028,2013.0,Q1,2012-04-01,2012-06-30,2013-07-25 16:07:38+00:00,totalrevenue,operatingrevenue,Operating Revenue,+,credit,usd,1068000000.0
CA Inc,CA,Y7ET3D9SDOFUZ515FE28,0000356028,2013.0,Q1,2012-04-01,2012-06-30,2013-07-25 16:07:38+00:00,totalrevenue,otherrevenue,Other Revenue,+,credit,usd,77000000.0
CA Inc,CA,Y7ET3D9SDOFUZ515FE28,0000356028,2013.0,Q1,2012-04-01,2012-06-30,2013-07-25 16:07:38+00:00,totalgrossprofit,totalrevenue,Total Revenue,+,credit,usd,1145000000.0
CA Inc,CA,Y7ET3D9SDOFUZ515FE28,0000356028,2013.0,Q1,2012-04-01,2012-06-30,2013-07-25 16:07:38+00:00,totalcostofrevenue,operatingcostofrevenue,Operating Cost of Revenue,+,debit,usd,155000000.0
CA Inc,CA,Y7ET3D9SDOFUZ515FE28,0000356028,2013.0,Q1,2012-04-01,2012-06-30,2013-07-25 16:07:38+00:00,totalgrossprofit,totalcostofrevenue,Total Cost of Revenue,-,debit,usd,155000000.0
CA Inc,CA,Y7ET3D9SDOFUZ515FE28,0000356028,2013.0,Q1,2012-04-01,2012-06-30,2013-07-25 16:07:38+00:00,totaloperatingincome,totalgrossprofit,Total Gross Profit,+,credit,usd,990000000.0
CA Inc,CA,Y7ET3D9SDOFUZ515FE28,0000356028,2013.0,Q1,2012-04-01,2012-06-30,2013-07-25 16:07:38+00:00,totaloperatingexpenses,sgaexpense,"Selling, General & Admin Expense",+,debit,usd,110000000.0
CA Inc,CA,Y7ET3D9SDOFUZ515FE28,0000356028,2013.0,Q1,2012-04-01,2012-06-30,2013-07-25 16:07:38+00:00,totaloperatingexpenses,marketingexpense,Marketing Expense,+,debit,usd,305000000.0
CA Inc,CA,Y7ET3D9SDOFUZ515FE28,0000356028,2013.0,Q1,2012-04-01,2012-06-30,2013-07-25 16:07:38+00:00,totaloperatingexpenses,rdexpense,Research & Development Expense,+,debit,usd,125000000.0
CA Inc,CA,Y7ET3D9SDOFUZ515FE28,0000356028,2013.0,Q1,2012-04-01,2012-06-30,2013-07-25 16:07:38+00:00,totaloperatingexpenses,depreciationexpense,Depreciation Expense,+,debit,usd,41000000.0
CA Inc,CA,Y7ET3D9SDOFUZ515FE28,0000356028,2013.0,Q1,2012-04-01,2012-06-30,2013-07-25 16:07:38+00:00,totaloperatingexpenses,amortizationexpense,Amortization Expense,+,debit,usd,64000000.0
CA Inc,CA,Y7ET3D9SDOFUZ515FE28,0000356028,2013.0,Q1,2012-04-01,2012-06-30,2013-07-25 16:07:38+00:00,totaloperatingexpenses,otherspecialcharges,Other Special Charges / (Income),+,debit,usd,-36000000.0
CA Inc,CA,Y7ET3D9SDOFUZ515FE28,0000356028,2013.0,Q1,2012-04-01,2012-06-30,2013-07-25 16:07:38+00:00,totaloperatingincome,totaloperatingexpenses,Total Operating Expenses,-,debit,usd,609000000.0
CA Inc,CA,Y7ET3D9SDOFUZ515FE28,0000356028,2013.0,Q1,2012-04-01,2012-06-30,2013-07-25 16:07:38+00:00,totalpretaxincome,totaloperatingincome,Total Operating Income,+,credit,usd,381000000.0
CA Inc,CA,Y7ET3D9SDOFUZ515FE28,0000356028,2013.0,Q1,2012-04-01,2012-06-30,2013-07-25 16:07:38+00:00,totalotherincome,totalinterestexpense,Interest Expense,-,debit,usd,11000000.0
CA Inc,CA,Y7ET3D9SDOFUZ515FE28,0000356028,2013.0,Q1,2012-04-01,2012-06-30,2013-07-25 16:07:38+00:00,totalpretaxincome,totalotherincome,"Total Other Income / (Expense), net",+,credit,usd,-11000000.0
CA Inc,CA,Y7ET3D9SDOFUZ515FE28,0000356028,2013.0,Q1,2012-04-01,2012-06-30,2013-07-25 16:07:38+00:00,netincomecontinuing,totalpretaxincome,Total Pre-Tax Income ,+,credit,usd,370000000.0
CA Inc,CA,Y7ET3D9SDOFUZ515FE28,0000356028,2013.0,Q1,2012-04-01,2012-06-30,2013-07-25 16:07:38+00:00,netincomecontinuing,incometaxexpense,Income Tax Expense,-,debit,usd,130000000.0
CA Inc,CA,Y7ET3D9SDOFUZ515FE28,0000356028,2013.0,Q1,2012-04-01,2012-06-30,2013-07-25 16:07:38+00:00,netincome,netincomecontinuing,Net Income / (Loss) Continuing Operations,+,credit,usd,240000000.0
CA Inc,CA,Y7ET3D9SDOFUZ515FE28,0000356028,2013.0,Q1,2012-04-01,2012-06-30,2013-07-25 16:07:38+00:00,netincometocommon,netincome,Consolidated Net Income / (Loss),+,credit,usd,240000000.0
CA Inc,CA,Y7ET3D9SDOFUZ515FE28,0000356028,2013.0,Q1,2012-04-01,2012-06-30,2013-07-25 16:07:38+00:00,,netincometocommon,Net Income / (Loss) Attributable to Common Shareholders,=,credit,usd,240000000.0
CA Inc,CA,Y7ET3D9SDOFUZ515FE28,0000356028,2013.0,Q1,2012-04-01,2012-06-30,2013-07-25 16:07:38+00:00,basiceps,weightedavebasicsharesos,Weighted Average Basic Shares Outstanding,/,,shares,465000000.0
CA Inc,CA,Y7ET3D9SDOFUZ515FE28,0000356028,2013.0,Q1,2012-04-01,2012-06-30,2013-07-25 16:07:38+00:00,,basiceps,Basic Earnings per Share,=,,usdpershare,0.51
CA Inc,CA,Y7ET3D9SDOFUZ515FE28,0000356028,2013.0,Q1,2012-04-01,2012-06-30,2013-07-25 16:07:38+00:00,dilutedeps,weightedavedilutedsharesos,Weighted Average Diluted Shares Outstanding,/,,shares,467000000.0
CA Inc,CA,Y7ET3D9SDOFUZ515FE28,0000356028,2013.0,Q1,2012-04-01,2012-06-30,2013-07-25 16:07:38+00:00,,dilutedeps,Diluted Earnings per Share,=,,usdpershare,0.51
CA Inc,CA,Y7ET3D9SDOFUZ515FE28,0000356028,2013.0,Q1,2012-04-01,2012-06-30,2013-07-25 16:07:38+00:00,basicdilutedeps,weightedavebasicdilutedsharesos,Weighted Average Basic & Diluted Shares Outstanding,/,,shares,470600000.0
CA Inc,CA,Y7ET3D9SDOFUZ515FE28,0000356028,2013.0,Q1,2012-04-01,2012-06-30,2013-07-25 16:07:38+00:00,,basicdilutedeps,Basic & Diluted Earnings per Share,=,,usdpershare,0.51
CA Inc,CA,Y7ET3D9SDOFUZ515FE28,0000356028,2013.0,Q1,2012-04-01,2012-06-30,2013-07-25 16:07:38+00:00,,cashdividendspershare,Cash Dividends to Common per Share,=,,usdpershare,0.25
CA Inc,CA,Y7ET3D9SDOFUZ515FE28,0000356028,2013.0,Q1TTM,2011-07-01,2012-06-30,,totalrevenue,operatingrevenue,Operating Revenue,+,credit,usd,4347000000.0
CA Inc,CA,Y7ET3D9SDOFUZ515FE28,0000356028,2013.0,Q1TTM,2011-07-01,2012-06-30,,totalrevenue,otherrevenue,Other Revenue,+,credit,usd,414000000.0
CA Inc,CA,Y7ET3D9SDOFUZ515FE28,0000356028,2013.0,Q1TTM,2011-07-01,2012-06-30,,totalgrossprofit,totalrevenue,Total Revenue,+,credit,usd,4761000000.0
CA Inc,CA,Y7ET3D9SDOFUZ515FE28,0000356028,2013.0,Q1TTM,2011-07-01,2012-06-30,,totalcostofrevenue,operatingcostofrevenue,Operating Cost of Revenue,+,debit,usd,641000000.0
CA Inc,CA,Y7ET3D9SDOFUZ515FE28,0000356028,2013.0,Q1TTM,2011-07-01,2012-06-30,,totalgrossprofit,totalcostofrevenue,Total Cost of Revenue,-,debit,usd,641000000.0
CA Inc,CA,Y7ET3D9SDOFUZ515FE28,0000356028,2013.0,Q1TTM,2011-07-01,2012-06-30,,totaloperatingincome,totalgrossprofit,Total Gross Profit,+,credit,usd,4120000000.0
CA Inc,CA,Y7ET3D9SDOFUZ515FE28,0000356028,2013.0,Q1TTM,2011-07-01,2012-06-30,,totaloperatingexpenses,sgaexpense,"Selling, General & Admin Expense",+,debit,usd,458000000.0
CA Inc,CA,Y7ET3D9SDOFUZ515FE28,0000356028,2013.0,Q1TTM,2011-07-01,2012-06-30,,totaloperatingexpenses,marketingexpense,Marketing Expense,+,debit,usd,1367000000.0
CA Inc,CA,Y7ET3D9SDOFUZ515FE28,0000356028,2013.0,Q1TTM,2011-07-01,2012-06-30,,totaloperatingexpenses,rdexpense,Research & Development Expense,+,debit,usd,516000000.0
CA Inc,CA,Y7ET3D9SDOFUZ515FE28,0000356028,2013.0,Q1TTM,2011-07-01,2012-06-30,,totaloperatingexpenses,depreciationexpense,Depreciation Expense,+,debit,usd,170000000.0
CA Inc,CA,Y7ET3D9SDOFUZ515FE28,0000356028,2013.0,Q1TTM,2011-07-01,2012-06-30,,totaloperatingexpenses,amortizationexpense,Amortization Expense,+,debit,usd,237000000.0
CA Inc,CA,Y7ET3D9SDOFUZ515FE28,0000356028,2013.0,Q1TTM,2011-07-01,2012-06-30,,totaloperatingexpenses,otheroperatingexpenses,Other Operating Expenses / (Income),+,debit,usd,-10000000.0
CA Inc,CA,Y7ET3D9SDOFUZ515FE28,0000356028,2013.0,Q1TTM,2011-07-01,2012-06-30,,totaloperatingexpenses,restructuringcharge,Restructuring Charge,+,debit,usd,-1000000.0
CA Inc,CA,Y7ET3D9SDOFUZ515FE28,0000356028,2013.0,Q1TTM,2011-07-01,2012-06-30,,totaloperatingexpenses,otherspecialcharges,Other Special Charges / (Income),+,debit,usd,-21000000.0
CA Inc,CA,Y7ET3D9SDOFUZ515FE28,0000356028,2013.0,Q1TTM,2011-07-01,2012-06-30,,totaloperatingincome,totaloperatingexpenses,Total Operating Expenses,-,debit,usd,2716000000.0
CA Inc,CA,Y7ET3D9SDOFUZ515FE28,0000356028,2013.0,Q1TTM,2011-07-01,2012-06-30,,totalpretaxincome,totaloperatingincome,Total Operating Income,+,credit,usd,1404000000.0
CA Inc,CA,Y7ET3D9SDOFUZ515FE28,0000356028,2013.0,Q1TTM,2011-07-01,2012-06-30,,totalotherincome,totalinterestexpense,Interest Expense,-,debit,usd,37000000.0
CA Inc,CA,Y7ET3D9SDOFUZ515FE28,0000356028,2013.0,Q1TTM,2011-07-01,2012-06-30,,totalpretaxincome,totalotherincome,"Total Other Income / (Expense), net",+,credit,usd,-37000000.0
CA Inc,CA,Y7ET3D9SDOFUZ515FE28,0000356028,2013.0,Q1TTM,2011-07-01,2012-06-30,,netincomecontinuing,totalpretaxincome,Total Pre-Tax Income ,+,credit,usd,1367000000.0
CA Inc,CA,Y7ET3D9SDOFUZ515FE28,0000356028,2013.0,Q1TTM,2011-07-01,2012-06-30,,netincomecontinuing,incometaxexpense,Income Tax Expense,-,debit,usd,432000000.0
CA Inc,CA,Y7ET3D9SDOFUZ515FE28,0000356028,2013.0,Q1TTM,2011-07-01,2012-06-30,,netincome,netincomecontinuing,Net Income / (Loss) Continuing Operations,+,credit,usd,935000000.0
CA Inc,CA,Y7ET3D9SDOFUZ515FE28,0000356028,2013.0,Q1TTM,2011-07-01,2012-06-30,,netincome,netincomediscontinued,Net Income / (Loss) Discontinued Operations,+,credit,usd,15000000.0
CA Inc,CA,Y7ET3D9SDOFUZ515FE28,0000356028,2013.0,Q1TTM,2011-07-01,2012-06-30,,netincometocommon,netincome,Consolidated Net Income / (Loss),+,credit,usd,950000000.0
CA Inc,CA,Y7ET3D9SDOFUZ515FE28,0000356028,2013.0,Q1TTM,2011-07-01,2012-06-30,,,netincometocommon,Net Income / (Loss) Attributable to Common Shareholders,=,credit,usd,950000000.0
CA Inc,CA,Y7ET3D9SDOFUZ515FE28,0000356028,2013.0,Q1TTM,2011-07-01,2012-06-30,,basiceps,weightedavebasicsharesos,Weighted Average Basic Shares Outstanding,/,,shares,465000000.0
CA Inc,CA,Y7ET3D9SDOFUZ515FE28,0000356028,2013.0,Q1TTM,2011-07-01,2012-06-30,,,basiceps,Basic Earnings per Share,=,,usdpershare,1.97
CA Inc,CA,Y7ET3D9SDOFUZ515FE28,0000356028,2013.0,Q1TTM,2011-07-01,2012-06-30,,dilutedeps,weightedavedilutedsharesos,Weighted Average Diluted Shares Outstanding,/,,shares,467000000.0
CA Inc,CA,Y7ET3D9SDOFUZ515FE28,0000356028,2013.0,Q1TTM,2011-07-01,2012-06-30,,,dilutedeps,Diluted Earnings per Share,=,,usdpershare,1.97
CA Inc,CA,Y7ET3D9SDOFUZ515FE28,0000356028,2013.0,Q1TTM,2011-07-01,2012-06-30,,basicdilutedeps,weightedavebasicdilutedsharesos,Weighted Average Basic & Diluted Shares Outstanding,/,,shares,470600000.0
CA Inc,CA,Y7ET3D9SDOFUZ515FE28,0000356028,2013.0,Q1TTM,2011-07-01,2012-06-30,,,basicdilutedeps,Basic & Diluted Earnings per Share,=,,usdpershare,1.97
CA Inc,CA,Y7ET3D9SDOFUZ515FE28,0000356028,2013.0,Q1TTM,2011-07-01,2012-06-30,,,cashdividendspershare,Cash Dividends to Common per Share,=,,usdpershare,0.2
CA Inc,CA,Y7ET3D9SDOFUZ515FE28,0000356028,2014.0,FY,2013-04-01,2014-03-31,2015-05-08 16:04:38+00:00,totalrevenue,operatingrevenue,Operating Revenue,+,credit,usd,4062000000.0
CA Inc,CA,Y7ET3D9SDOFUZ515FE28,0000356028,2014.0,FY,2013-04-01,2014-03-31,2015-05-08 16:04:38+00:00,totalrevenue,otherrevenue,Other Revenue,+,credit,usd,350000000.0
CA Inc,CA,Y7ET3D9SDOFUZ515FE28,0000356028,2014.0,FY,2013-04-01,2014-03-31,2015-05-08 16:04:38+00:00,totalgrossprofit,totalrevenue,Total Revenue,+,credit,usd,4412000000.0
CA Inc,CA,Y7ET3D9SDOFUZ515FE28,0000356028,2014.0,FY,2013-04-01,2014-03-31,2015-05-08 16:04:38+00:00,totalcostofrevenue,operatingcostofrevenue,Operating Cost of Revenue,+,debit,usd,649000000.0
CA Inc,CA,Y7ET3D9SDOFUZ515FE28,0000356028,2014.0,FY,2013-04-01,2014-03-31,2015-05-08 16:04:38+00:00,totalgrossprofit,totalcostofrevenue,Total Cost of Revenue,-,debit,usd,649000000.0
CA Inc,CA,Y7ET3D9SDOFUZ515FE28,0000356028,2014.0,FY,2013-04-01,2014-03-31,2015-05-08 16:04:38+00:00,totaloperatingincome,totalgrossprofit,Total Gross Profit,+,credit,usd,3763000000.0
CA Inc,CA,Y7ET3D9SDOFUZ515FE28,0000356028,2014.0,FY,2013-04-01,2014-03-31,2015-05-08 16:04:38+00:00,totaloperatingexpenses,sgaexpense,"Selling, General & Admin Expense",+,debit,usd,395000000.0
CA Inc,CA,Y7ET3D9SDOFUZ515FE28,0000356028,2014.0,FY,2013-04-01,2014-03-31,2015-05-08 16:04:38+00:00,totaloperatingexpenses,marketingexpense,Marketing Expense,+,debit,usd,1104000000.0
CA Inc,CA,Y7ET3D9SDOFUZ515FE28,0000356028,2014.0,FY,2013-04-01,2014-03-31,2015-05-08 16:04:38+00:00,totaloperatingexpenses,rdexpense,Research & Development Expense,+,debit,usd,574000000.0
CA Inc,CA,Y7ET3D9SDOFUZ515FE28,0000356028,2014.0,FY,2013-04-01,2014-03-31,2015-05-08 16:04:38+00:00,totaloperatingexpenses,depreciationexpense,Depreciation Expense,+,debit,usd,144000000.0
CA Inc,CA,Y7ET3D9SDOFUZ515FE28,0000356028,2014.0,FY,2013-04-01,2014-03-31,2015-05-08 16:04:38+00:00,totaloperatingexpenses,amortizationexpense,Amortization Expense,+,debit,usd,271000000.0
CA Inc,CA,Y7ET3D9SDOFUZ515FE28,0000356028,2014.0,FY,2013-04-01,2014-03-31,2015-05-08 16:04:38+00:00,totaloperatingexpenses,otheroperatingexpenses,Other Operating Expenses / (Income),+,debit,usd,205000000.0
CA Inc,CA,Y7ET3D9SDOFUZ515FE28,0000356028,2014.0,FY,2013-04-01,2014-03-31,2015-05-08 16:04:38+00:00,totaloperatingincome,totaloperatingexpenses,Total Operating Expenses,-,debit,usd,2693000000.0
CA Inc,CA,Y7ET3D9SDOFUZ515FE28,0000356028,2014.0,FY,2013-04-01,2014-03-31,2015-05-08 16:04:38+00:00,totalpretaxincome,totaloperatingincome,Total Operating Income,+,credit,usd,1070000000.0
CA Inc,CA,Y7ET3D9SDOFUZ515FE28,0000356028,2014.0,FY,2013-04-01,2014-03-31,2015-05-08 16:04:38+00:00,totalotherincome,totalinterestexpense,Interest Expense,-,debit,usd,54000000.0
CA Inc,CA,Y7ET3D9SDOFUZ515FE28,0000356028,2014.0,FY,2013-04-01,2014-03-31,2015-05-08 16:04:38+00:00,totalpretaxincome,totalotherincome,"Total Other Income / (Expense), net",+,credit,usd,-54000000.0
CA Inc,CA,Y7ET3D9SDOFUZ515FE28,0000356028,2014.0,FY,2013-04-01,2014-03-31,2015-05-08 16:04:38+00:00,netincomecontinuing,totalpretaxincome,Total Pre-Tax Income ,+,credit,usd,1016000000.0
CA Inc,CA,Y7ET3D9SDOFUZ515FE28,0000356028,2014.0,FY,2013-04-01,2014-03-31,2015-05-08 16:04:38+00:00,netincomecontinuing,incometaxexpense,Income Tax Expense,-,debit,usd,129000000.0
CA Inc,CA,Y7ET3D9SDOFUZ515FE28,0000356028,2014.0,FY,2013-04-01,2014-03-31,2015-05-08 16:04:38+00:00,netincome,netincomecontinuing,Net Income / (Loss) Continuing Operations,+,credit,usd,887000000.0
CA Inc,CA,Y7ET3D9SDOFUZ515FE28,0000356028,2014.0,FY,2013-04-01,2014-03-31,2015-05-08 16:04:38+00:00,netincome,netincomediscontinued,Net Income / (Loss) Discontinued Operations,+,credit,usd,27000000.0
CA Inc,CA,Y7ET3D9SDOFUZ515FE28,0000356028,2014.0,FY,2013-04-01,2014-03-31,2015-05-08 16:04:38+00:00,netincometocommon,netincome,Consolidated Net Income / (Loss),+,credit,usd,914000000.0
CA Inc,CA,Y7ET3D9SDOFUZ515FE28,0000356028,2014.0,FY,2013-04-01,2014-03-31,2015-05-08 16:04:38+00:00,,netincometocommon,Net Income / (Loss) Attributable to Common Shareholders,=,credit,usd,914000000.0
CA Inc,CA,Y7ET3D9SDOFUZ515FE28,0000356028,2014.0,FY,2013-04-01,2014-03-31,2015-05-08 16:04:38+00:00,basiceps,weightedavebasicsharesos,Weighted Average Basic Shares Outstanding,/,,shares,446000000.0
CA Inc,CA,Y7ET3D9SDOFUZ515FE28,0000356028,2014.0,FY,2013-04-01,2014-03-31,2015-05-08 16:04:38+00:00,,basiceps,Basic Earnings per Share,=,,usdpershare,2.03
CA Inc,CA,Y7ET3D9SDOFUZ515FE28,0000356028,2014.0,FY,2013-04-01,2014-03-31,2015-05-08 16:04:38+00:00,dilutedeps,weightedavedilutedsharesos,Weighted Average Diluted Shares Outstanding,/,,shares,448000000.0
CA Inc,CA,Y7ET3D9SDOFUZ515FE28,0000356028,2014.0,FY,2013-04-01,2014-03-31,2015-05-08 16:04:38+00:00,,dilutedeps,Diluted Earnings per Share,=,,usdpershare,2.02
CA Inc,CA,Y7ET3D9SDOFUZ515FE28,0000356028,2014.0,FY,2013-04-01,2014-03-31,2015-05-08 16:04:38+00:00,basicdilutedeps,weightedavebasicdilutedsharesos,Weighted Average Basic & Diluted Shares Outstanding,/,,shares,450200000.0
CA Inc,CA,Y7ET3D9SDOFUZ515FE28,0000356028,2014.0,FY,2013-04-01,2014-03-31,2015-05-08 16:04:38+00:00,,basicdilutedeps,Basic & Diluted Earnings per Share,=,,usdpershare,2.03
CA Inc,CA,Y7ET3D9SDOFUZ515FE28,0000356028,2014.0,Q4,2014-01-01,2014-03-31,,totalrevenue,operatingrevenue,Operating Revenue,+,credit,usd,933000000.0
CA Inc,CA,Y7ET3D9SDOFUZ515FE28,0000356028,2014.0,Q4,2014-01-01,2014-03-31,,totalrevenue,otherrevenue,Other Revenue,+,credit,usd,48000000.0
CA Inc,CA,Y7ET3D9SDOFUZ515FE28,0000356028,2014.0,Q4,2014-01-01,2014-03-31,,totalgrossprofit,totalrevenue,Total Revenue,+,credit,usd,981000000.0
CA Inc,CA,Y7ET3D9SDOFUZ515FE28,0000356028,2014.0,Q4,2014-01-01,2014-03-31,,totalcostofrevenue,operatingcostofrevenue,Operating Cost of Revenue,+,debit,usd,162000000.0
CA Inc,CA,Y7ET3D9SDOFUZ515FE28,0000356028,2014.0,Q4,2014-01-01,2014-03-31,,totalgrossprofit,totalcostofrevenue,Total Cost of Revenue,-,debit,usd,162000000.0
CA Inc,CA,Y7ET3D9SDOFUZ515FE28,0000356028,2014.0,Q4,2014-01-01,2014-03-31,,totaloperatingincome,totalgrossprofit,Total Gross Profit,+,credit,usd,819000000.0
CA Inc,CA,Y7ET3D9SDOFUZ515FE28,0000356028,2014.0,Q4,2014-01-01,2014-03-31,,totaloperatingexpenses,sgaexpense,"Selling, General & Admin Expense",+,debit,usd,118000000.0
CA Inc,CA,Y7ET3D9SDOFUZ515FE28,0000356028,2014.0,Q4,2014-01-01,2014-03-31,,totaloperatingexpenses,marketingexpense,Marketing Expense,+,debit,usd,270000000.0
CA Inc,CA,Y7ET3D9SDOFUZ515FE28,0000356028,2014.0,Q4,2014-01-01,2014-03-31,,totaloperatingexpenses,rdexpense,Research & Development Expense,+,debit,usd,145000000.0
CA Inc,CA,Y7ET3D9SDOFUZ515FE28,0000356028,2014.0,Q4,2014-01-01,2014-03-31,,totaloperatingexpenses,depreciationexpense,Depreciation Expense,+,debit,usd,31000000.0
CA Inc,CA,Y7ET3D9SDOFUZ515FE28,0000356028,2014.0,Q4,2014-01-01,2014-03-31,,totaloperatingexpenses,amortizationexpense,Amortization Expense,+,debit,usd,57000000.0
CA Inc,CA,Y7ET3D9SDOFUZ515FE28,0000356028,2014.0,Q4,2014-01-01,2014-03-31,,totaloperatingexpenses,otheroperatingexpenses,Other Operating Expenses / (Income),+,debit,usd,205000000.0
CA Inc,CA,Y7ET3D9SDOFUZ515FE28,0000356028,2014.0,Q4,2014-01-01,2014-03-31,,totaloperatingexpenses,otherspecialcharges,Other Special Charges / (Income),+,debit,usd,-156000000.0
CA Inc,CA,Y7ET3D9SDOFUZ515FE28,0000356028,2014.0,Q4,2014-01-01,2014-03-31,,totaloperatingincome,totaloperatingexpenses,Total Operating Expenses,-,debit,usd,670000000.0
CA Inc,CA,Y7ET3D9SDOFUZ515FE28,0000356028,2014.0,Q4,2014-01-01,2014-03-31,,totalpretaxincome,totaloperatingincome,Total Operating Income,+,credit,usd,149000000.0
CA Inc,CA,Y7ET3D9SDOFUZ515FE28,0000356028,2014.0,Q4,2014-01-01,2014-03-31,,totalotherincome,totalinterestexpense,Interest Expense,-,debit,usd,15000000.0
CA Inc,CA,Y7ET3D9SDOFUZ515FE28,0000356028,2014.0,Q4,2014-01-01,2014-03-31,,totalpretaxincome,totalotherincome,"Total Other Income / (Expense), net",+,credit,usd,-15000000.0
CA Inc,CA,Y7ET3D9SDOFUZ515FE28,0000356028,2014.0,Q4,2014-01-01,2014-03-31,,netincomecontinuing,totalpretaxincome,Total Pre-Tax Income ,+,credit,usd,134000000.0
CA Inc,CA,Y7ET3D9SDOFUZ515FE28,0000356028,2014.0,Q4,2014-01-01,2014-03-31,,netincomecontinuing,incometaxexpense,Income Tax Expense,-,debit,usd,54000000.0
CA Inc,CA,Y7ET3D9SDOFUZ515FE28,0000356028,2014.0,Q4,2014-01-01,2014-03-31,,netincome,netincomecontinuing,Net Income / (Loss) Continuing Operations,+,credit,usd,80000000.0
CA Inc,CA,Y7ET3D9SDOFUZ515FE28,0000356028,2014.0,Q4,2014-01-01,2014-03-31,,netincome,netincomediscontinued,Net Income / (Loss) Discontinued Operations,+,credit,usd,27000000.0
CA Inc,CA,Y7ET3D9SDOFUZ515FE28,0000356028,2014.0,Q4,2014-01-01,2014-03-31,,netincometocommon,netincome,Consolidated Net Income / (Loss),+,credit,usd,107000000.0
CA Inc,CA,Y7ET3D9SDOFUZ515FE28,0000356028,2014.0,Q4,2014-01-01,2014-03-31,,,netincometocommon,Net Income / (Loss) Attributable to Common Shareholders,=,credit,usd,107000000.0
CA Inc,CA,Y7ET3D9SDOFUZ515FE28,0000356028,2014.0,Q4,2014-01-01,2014-03-31,,basiceps,weightedavebasicsharesos,Weighted Average Basic Shares Outstanding,/,,shares,446000000.0
CA Inc,CA,Y7ET3D9SDOFUZ515FE28,0000356028,2014.0,Q4,2014-01-01,2014-03-31,,,basiceps,Basic Earnings per Share,=,,usdpershare,0.24
CA Inc,CA,Y7ET3D9SDOFUZ515FE28,0000356028,2014.0,Q4,2014-01-01,2014-03-31,,dilutedeps,weightedavedilutedsharesos,Weighted Average Diluted Shares Outstanding,/,,shares,448000000.0
CA Inc,CA,Y7ET3D9SDOFUZ515FE28,0000356028,2014.0,Q4,2014-01-01,2014-03-31,,,dilutedeps,Diluted Earnings per Share,=,,usdpershare,0.25
CA Inc,CA,Y7ET3D9SDOFUZ515FE28,0000356028,2014.0,Q4,2014-01-01,2014-03-31,,basicdilutedeps,weightedavebasicdilutedsharesos,Weighted Average Basic & Diluted Shares Outstanding,/,,shares,450200000.0
CA Inc,CA,Y7ET3D9SDOFUZ515FE28,0000356028,2014.0,Q4,2014-01-01,2014-03-31,,,basicdilutedeps,Basic & Diluted Earnings per Share,=,,usdpershare,0.24
CA Inc,CA,Y7ET3D9SDOFUZ515FE28,0000356028,2014.0,Q4,2014-01-01,2014-03-31,,,cashdividendspershare,Cash Dividends to Common per Share,=,,usdpershare,-0.75
CA Inc,CA,Y7ET3D9SDOFUZ515FE28,0000356028,2014.0,Q3,2013-10-01,2013-12-31,2014-01-22 16:06:06+00:00,totalrevenue,operatingrevenue,Operating Revenue,+,credit,usd,1045000000.0
CA Inc,CA,Y7ET3D9SDOFUZ515FE28,0000356028,2014.0,Q3,2013-10-01,2013-12-31,2014-01-22 16:06:06+00:00,totalrevenue,otherrevenue,Other Revenue,+,credit,usd,118000000.0
CA Inc,CA,Y7ET3D9SDOFUZ515FE28,0000356028,2014.0,Q3,2013-10-01,2013-12-31,2014-01-22 16:06:06+00:00,totalgrossprofit,totalrevenue,Total Revenue,+,credit,usd,1163000000.0
CA Inc,CA,Y7ET3D9SDOFUZ515FE28,0000356028,2014.0,Q3,2013-10-01,2013-12-31,2014-01-22 16:06:06+00:00,totalcostofrevenue,operatingcostofrevenue,Operating Cost of Revenue,+,debit,usd,167000000.0
CA Inc,CA,Y7ET3D9SDOFUZ515FE28,0000356028,2014.0,Q3,2013-10-01,2013-12-31,2014-01-22 16:06:06+00:00,totalgrossprofit,totalcostofrevenue,Total Cost of Revenue,-,debit,usd,167000000.0
CA Inc,CA,Y7ET3D9SDOFUZ515FE28,0000356028,2014.0,Q3,2013-10-01,2013-12-31,2014-01-22 16:06:06+00:00,totaloperatingincome,totalgrossprofit,Total Gross Profit,+,credit,usd,996000000.0
CA Inc,CA,Y7ET3D9SDOFUZ515FE28,0000356028,2014.0,Q3,2013-10-01,2013-12-31,2014-01-22 16:06:06+00:00,totaloperatingexpenses,sgaexpense,"Selling, General & Admin Expense",+,debit,usd,95000000.0
CA Inc,CA,Y7ET3D9SDOFUZ515FE28,0000356028,2014.0,Q3,2013-10-01,2013-12-31,2014-01-22 16:06:06+00:00,totaloperatingexpenses,marketingexpense,Marketing Expense,+,debit,usd,293000000.0
CA Inc,CA,Y7ET3D9SDOFUZ515FE28,0000356028,2014.0,Q3,2013-10-01,2013-12-31,2014-01-22 16:06:06+00:00,totaloperatingexpenses,rdexpense,Research & Development Expense,+,debit,usd,149000000.0
CA Inc,CA,Y7ET3D9SDOFUZ515FE28,0000356028,2014.0,Q3,2013-10-01,2013-12-31,2014-01-22 16:06:06+00:00,totaloperatingexpenses,depreciationexpense,Depreciation Expense,+,debit,usd,40000000.0
CA Inc,CA,Y7ET3D9SDOFUZ515FE28,0000356028,2014.0,Q3,2013-10-01,2013-12-31,2014-01-22 16:06:06+00:00,totaloperatingexpenses,amortizationexpense,Amortization Expense,+,debit,usd,72000000.0
CA Inc,CA,Y7ET3D9SDOFUZ515FE28,0000356028,2014.0,Q3,2013-10-01,2013-12-31,2014-01-22 16:06:06+00:00,totaloperatingexpenses,otherspecialcharges,Other Special Charges / (Income),+,debit,usd,13000000.0
CA Inc,CA,Y7ET3D9SDOFUZ515FE28,0000356028,2014.0,Q3,2013-10-01,2013-12-31,2014-01-22 16:06:06+00:00,totaloperatingincome,totaloperatingexpenses,Total Operating Expenses,-,debit,usd,662000000.0
CA Inc,CA,Y7ET3D9SDOFUZ515FE28,0000356028,2014.0,Q3,2013-10-01,2013-12-31,2014-01-22 16:06:06+00:00,totalpretaxincome,totaloperatingincome,Total Operating Income,+,credit,usd,334000000.0
CA Inc,CA,Y7ET3D9SDOFUZ515FE28,0000356028,2014.0,Q3,2013-10-01,2013-12-31,2014-01-22 16:06:06+00:00,totalotherincome,totalinterestexpense,Interest Expense,-,debit,usd,15000000.0
CA Inc,CA,Y7ET3D9SDOFUZ515FE28,0000356028,2014.0,Q3,2013-10-01,2013-12-31,2014-01-22 16:06:06+00:00,totalpretaxincome,totalotherincome,"Total Other Income / (Expense), net",+,credit,usd,-15000000.0
CA Inc,CA,Y7ET3D9SDOFUZ515FE28,0000356028,2014.0,Q3,2013-10-01,2013-12-31,2014-01-22 16:06:06+00:00,netincomecontinuing,totalpretaxincome,Total Pre-Tax Income ,+,credit,usd,319000000.0
CA Inc,CA,Y7ET3D9SDOFUZ515FE28,0000356028,2014.0,Q3,2013-10-01,2013-12-31,2014-01-22 16:06:06+00:00,netincomecontinuing,incometaxexpense,Income Tax Expense,-,debit,usd,87000000.0
CA Inc,CA,Y7ET3D9SDOFUZ515FE28,0000356028,2014.0,Q3,2013-10-01,2013-12-31,2014-01-22 16:06:06+00:00,netincome,netincomecontinuing,Net Income / (Loss) Continuing Operations,+,credit,usd,232000000.0
CA Inc,CA,Y7ET3D9SDOFUZ515FE28,0000356028,2014.0,Q3,2013-10-01,2013-12-31,2014-01-22 16:06:06+00:00,netincometocommon,netincome,Consolidated Net Income / (Loss),+,credit,usd,232000000.0
CA Inc,CA,Y7ET3D9SDOFUZ515FE28,0000356028,2014.0,Q3,2013-10-01,2013-12-31,2014-01-22 16:06:06+00:00,,netincometocommon,Net Income / (Loss) Attributable to Common Shareholders,=,credit,usd,232000000.0
CA Inc,CA,Y7ET3D9SDOFUZ515FE28,0000356028,2014.0,Q3,2013-10-01,2013-12-31,2014-01-22 16:06:06+00:00,basiceps,weightedavebasicsharesos,Weighted Average Basic Shares Outstanding,/,,shares,446000000.0
CA Inc,CA,Y7ET3D9SDOFUZ515FE28,0000356028,2014.0,Q3,2013-10-01,2013-12-31,2014-01-22 16:06:06+00:00,,basiceps,Basic Earnings per Share,=,,usdpershare,0.52
CA Inc,CA,Y7ET3D9SDOFUZ515FE28,0000356028,2014.0,Q3,2013-10-01,2013-12-31,2014-01-22 16:06:06+00:00,dilutedeps,weightedavedilutedsharesos,Weighted Average Diluted Shares Outstanding,/,,shares,448000000.0
CA Inc,CA,Y7ET3D9SDOFUZ515FE28,0000356028,2014.0,Q3,2013-10-01,2013-12-31,2014-01-22 16:06:06+00:00,,dilutedeps,Diluted Earnings per Share,=,,usdpershare,0.51
CA Inc,CA,Y7ET3D9SDOFUZ515FE28,0000356028,2014.0,Q3,2013-10-01,2013-12-31,2014-01-22 16:06:06+00:00,basicdilutedeps,weightedavebasicdilutedsharesos,Weighted Average Basic & Diluted Shares Outstanding,/,,shares,446200000.0
CA Inc,CA,Y7ET3D9SDOFUZ515FE28,0000356028,2014.0,Q3,2013-10-01,2013-12-31,2014-01-22 16:06:06+00:00,,basicdilutedeps,Basic & Diluted Earnings per Share,=,,usdpershare,0.52
CA Inc,CA,Y7ET3D9SDOFUZ515FE28,0000356028,2014.0,Q3,2013-10-01,2013-12-31,2014-01-22 16:06:06+00:00,,cashdividendspershare,Cash Dividends to Common per Share,=,,usdpershare,0.25
CA Inc,CA,Y7ET3D9SDOFUZ515FE28,0000356028,2014.0,Q3YTD,2013-04-01,2013-12-31,,totalrevenue,operatingrevenue,Operating Revenue,+,credit,usd,3129000000.0
CA Inc,CA,Y7ET3D9SDOFUZ515FE28,0000356028,2014.0,Q3YTD,2013-04-01,2013-12-31,,totalrevenue,otherrevenue,Other Revenue,+,credit,usd,302000000.0
CA Inc,CA,Y7ET3D9SDOFUZ515FE28,0000356028,2014.0,Q3YTD,2013-04-01,2013-12-31,,totalgrossprofit,totalrevenue,Total Revenue,+,credit,usd,3431000000.0
CA Inc,CA,Y7ET3D9SDOFUZ515FE28,0000356028,2014.0,Q3YTD,2013-04-01,2013-12-31,,totalcostofrevenue,operatingcostofrevenue,Operating Cost of Revenue,+,debit,usd,487000000.0
CA Inc,CA,Y7ET3D9SDOFUZ515FE28,0000356028,2014.0,Q3YTD,2013-04-01,2013-12-31,,totalgrossprofit,totalcostofrevenue,Total Cost of Revenue,-,debit,usd,487000000.0
CA Inc,CA,Y7ET3D9SDOFUZ515FE28,0000356028,2014.0,Q3YTD,2013-04-01,2013-12-31,,totaloperatingincome,totalgrossprofit,Total Gross Profit,+,credit,usd,2944000000.0
CA Inc,CA,Y7ET3D9SDOFUZ515FE28,0000356028,2014.0,Q3YTD,2013-04-01,2013-12-31,,totaloperatingexpenses,sgaexpense,"Selling, General & Admin Expense",+,debit,usd,277000000.0
CA Inc,CA,Y7ET3D9SDOFUZ515FE28,0000356028,2014.0,Q3YTD,2013-04-01,2013-12-31,,totaloperatingexpenses,marketingexpense,Marketing Expense,+,debit,usd,834000000.0
CA Inc,CA,Y7ET3D9SDOFUZ515FE28,0000356028,2014.0,Q3YTD,2013-04-01,2013-12-31,,totaloperatingexpenses,rdexpense,Research & Development Expense,+,debit,usd,429000000.0
CA Inc,CA,Y7ET3D9SDOFUZ515FE28,0000356028,2014.0,Q3YTD,2013-04-01,2013-12-31,,totaloperatingexpenses,depreciationexpense,Depreciation Expense,+,debit,usd,113000000.0
CA Inc,CA,Y7ET3D9SDOFUZ515FE28,0000356028,2014.0,Q3YTD,2013-04-01,2013-12-31,,totaloperatingexpenses,amortizationexpense,Amortization Expense,+,debit,usd,214000000.0
CA Inc,CA,Y7ET3D9SDOFUZ515FE28,0000356028,2014.0,Q3YTD,2013-04-01,2013-12-31,,totaloperatingexpenses,otherspecialcharges,Other Special Charges / (Income),+,debit,usd,156000000.0
CA Inc,CA,Y7ET3D9SDOFUZ515FE28,0000356028,2014.0,Q3YTD,2013-04-01,2013-12-31,,totaloperatingincome,totaloperatingexpenses,Total Operating Expenses,-,debit,usd,2023000000.0
CA Inc,CA,Y7ET3D9SDOFUZ515FE28,0000356028,2014.0,Q3YTD,2013-04-01,2013-12-31,,totalpretaxincome,totaloperatingincome,Total Operating Income,+,credit,usd,921000000.0
CA Inc,CA,Y7ET3D9SDOFUZ515FE28,0000356028,2014.0,Q3YTD,2013-04-01,2013-12-31,,totalotherincome,totalinterestexpense,Interest Expense,-,debit,usd,39000000.0
CA Inc,CA,Y7ET3D9SDOFUZ515FE28,0000356028,2014.0,Q3YTD,2013-04-01,2013-12-31,,totalpretaxincome,totalotherincome,"Total Other Income / (Expense), net",+,credit,usd,-39000000.0
CA Inc,CA,Y7ET3D9SDOFUZ515FE28,0000356028,2014.0,Q3YTD,2013-04-01,2013-12-31,,netincomecontinuing,totalpretaxincome,Total Pre-Tax Income ,+,credit,usd,882000000.0
CA Inc,CA,Y7ET3D9SDOFUZ515FE28,0000356028,2014.0,Q3YTD,2013-04-01,2013-12-31,,netincomecontinuing,incometaxexpense,Income Tax Expense,-,debit,usd,75000000.0
CA Inc,CA,Y7ET3D9SDOFUZ515FE28,0000356028,2014.0,Q3YTD,2013-04-01,2013-12-31,,netincome,netincomecontinuing,Net Income / (Loss) Continuing Operations,+,credit,usd,807000000.0
CA Inc,CA,Y7ET3D9SDOFUZ515FE28,0000356028,2014.0,Q3YTD,2013-04-01,2013-12-31,,netincometocommon,netincome,Consolidated Net Income / (Loss),+,credit,usd,807000000.0
CA Inc,CA,Y7ET3D9SDOFUZ515FE28,0000356028,2014.0,Q3YTD,2013-04-01,2013-12-31,,,netincometocommon,Net Income / (Loss) Attributable to Common Shareholders,=,credit,usd,807000000.0
CA Inc,CA,Y7ET3D9SDOFUZ515FE28,0000356028,2014.0,Q3YTD,2013-04-01,2013-12-31,,basiceps,weightedavebasicsharesos,Weighted Average Basic Shares Outstanding,/,,shares,446000000.0
CA Inc,CA,Y7ET3D9SDOFUZ515FE28,0000356028,2014.0,Q3YTD,2013-04-01,2013-12-31,,,basiceps,Basic Earnings per Share,=,,usdpershare,1.79
CA Inc,CA,Y7ET3D9SDOFUZ515FE28,0000356028,2014.0,Q3YTD,2013-04-01,2013-12-31,,dilutedeps,weightedavedilutedsharesos,Weighted Average Diluted Shares Outstanding,/,,shares,448000000.0
CA Inc,CA,Y7ET3D9SDOFUZ515FE28,0000356028,2014.0,Q3YTD,2013-04-01,2013-12-31,,,dilutedeps,Diluted Earnings per Share,=,,usdpershare,1.77
CA Inc,CA,Y7ET3D9SDOFUZ515FE28,0000356028,2014.0,Q3YTD,2013-04-01,2013-12-31,,basicdilutedeps,weightedavebasicdilutedsharesos,Weighted Average Basic & Diluted Shares Outstanding,/,,shares,446200000.0
CA Inc,CA,Y7ET3D9SDOFUZ515FE28,0000356028,2014.0,Q3YTD,2013-04-01,2013-12-31,,,basicdilutedeps,Basic & Diluted Earnings per Share,=,,usdpershare,1.79
CA Inc,CA,Y7ET3D9SDOFUZ515FE28,0000356028,2014.0,Q3YTD,2013-04-01,2013-12-31,,,cashdividendspershare,Cash Dividends to Common per Share,=,,usdpershare,0.75
CA Inc,CA,Y7ET3D9SDOFUZ515FE28,0000356028,2014.0,Q3TTM,2013-01-01,2013-12-31,,totalrevenue,operatingrevenue,Operating Revenue,+,credit,usd,4086000000.0
CA Inc,CA,Y7ET3D9SDOFUZ515FE28,0000356028,2014.0,Q3TTM,2013-01-01,2013-12-31,,totalrevenue,otherrevenue,Other Revenue,+,credit,usd,357000000.0
CA Inc,CA,Y7ET3D9SDOFUZ515FE28,0000356028,2014.0,Q3TTM,2013-01-01,2013-12-31,,totalgrossprofit,totalrevenue,Total Revenue,+,credit,usd,4443000000.0
CA Inc,CA,Y7ET3D9SDOFUZ515FE28,0000356028,2014.0,Q3TTM,2013-01-01,2013-12-31,,totalcostofrevenue,operatingcostofrevenue,Operating Cost of Revenue,+,debit,usd,640000000.0
CA Inc,CA,Y7ET3D9SDOFUZ515FE28,0000356028,2014.0,Q3TTM,2013-01-01,2013-12-31,,totalgrossprofit,totalcostofrevenue,Total Cost of Revenue,-,debit,usd,640000000.0
CA Inc,CA,Y7ET3D9SDOFUZ515FE28,0000356028,2014.0,Q3TTM,2013-01-01,2013-12-31,,totaloperatingincome,totalgrossprofit,Total Gross Profit,+,credit,usd,3803000000.0
CA Inc,CA,Y7ET3D9SDOFUZ515FE28,0000356028,2014.0,Q3TTM,2013-01-01,2013-12-31,,totaloperatingexpenses,sgaexpense,"Selling, General & Admin Expense",+,debit,usd,378000000.0
CA Inc,CA,Y7ET3D9SDOFUZ515FE28,0000356028,2014.0,Q3TTM,2013-01-01,2013-12-31,,totaloperatingexpenses,marketingexpense,Marketing Expense,+,debit,usd,1106000000.0
CA Inc,CA,Y7ET3D9SDOFUZ515FE28,0000356028,2014.0,Q3TTM,2013-01-01,2013-12-31,,totaloperatingexpenses,rdexpense,Research & Development Expense,+,debit,usd,544000000.0
CA Inc,CA,Y7ET3D9SDOFUZ515FE28,0000356028,2014.0,Q3TTM,2013-01-01,2013-12-31,,totaloperatingexpenses,depreciationexpense,Depreciation Expense,+,debit,usd,151000000.0
CA Inc,CA,Y7ET3D9SDOFUZ515FE28,0000356028,2014.0,Q3TTM,2013-01-01,2013-12-31,,totaloperatingexpenses,amortizationexpense,Amortization Expense,+,debit,usd,322000000.0
CA Inc,CA,Y7ET3D9SDOFUZ515FE28,0000356028,2014.0,Q3TTM,2013-01-01,2013-12-31,,totaloperatingexpenses,otheroperatingexpenses,Other Operating Expenses / (Income),+,debit,usd,-5000000.0
CA Inc,CA,Y7ET3D9SDOFUZ515FE28,0000356028,2014.0,Q3TTM,2013-01-01,2013-12-31,,totaloperatingexpenses,otherspecialcharges,Other Special Charges / (Income),+,debit,usd,170000000.0
CA Inc,CA,Y7ET3D9SDOFUZ515FE28,0000356028,2014.0,Q3TTM,2013-01-01,2013-12-31,,totaloperatingincome,totaloperatingexpenses,Total Operating Expenses,-,debit,usd,2666000000.0
CA Inc,CA,Y7ET3D9SDOFUZ515FE28,0000356028,2014.0,Q3TTM,2013-01-01,2013-12-31,,totalpretaxincome,totaloperatingincome,Total Operating Income,+,credit,usd,1137000000.0
CA Inc,CA,Y7ET3D9SDOFUZ515FE28,0000356028,2014.0,Q3TTM,2013-01-01,2013-12-31,,totalotherincome,totalinterestexpense,Interest Expense,-,debit,usd,50000000.0
CA Inc,CA,Y7ET3D9SDOFUZ515FE28,0000356028,2014.0,Q3TTM,2013-01-01,2013-12-31,,totalpretaxincome,totalotherincome,"Total Other Income / (Expense), net",+,credit,usd,-50000000.0
CA Inc,CA,Y7ET3D9SDOFUZ515FE28,0000356028,2014.0,Q3TTM,2013-01-01,2013-12-31,,netincomecontinuing,totalpretaxincome,Total Pre-Tax Income ,+,credit,usd,1087000000.0
CA Inc,CA,Y7ET3D9SDOFUZ515FE28,0000356028,2014.0,Q3TTM,2013-01-01,2013-12-31,,netincomecontinuing,incometaxexpense,Income Tax Expense,-,debit,usd,72000000.0
CA Inc,CA,Y7ET3D9SDOFUZ515FE28,0000356028,2014.0,Q3TTM,2013-01-01,2013-12-31,,netincome,netincomecontinuing,Net Income / (Loss) Continuing Operations,+,credit,usd,1015000000.0
CA Inc,CA,Y7ET3D9SDOFUZ515FE28,0000356028,2014.0,Q3TTM,2013-01-01,2013-12-31,,netincome,netincomediscontinued,Net Income / (Loss) Discontinued Operations,+,credit,usd,34000000.0
CA Inc,CA,Y7ET3D9SDOFUZ515FE28,0000356028,2014.0,Q3TTM,2013-01-01,2013-12-31,,netincometocommon,netincome,Consolidated Net Income / (Loss),+,credit,usd,1049000000.0
CA Inc,CA,Y7ET3D9SDOFUZ515FE28,0000356028,2014.0,Q3TTM,2013-01-01,2013-12-31,,,netincometocommon,Net Income / (Loss) Attributable to Common Shareholders,=,credit,usd,1049000000.0
CA Inc,CA,Y7ET3D9SDOFUZ515FE28,0000356028,2014.0,Q3TTM,2013-01-01,2013-12-31,,basiceps,weightedavebasicsharesos,Weighted Average Basic Shares Outstanding,/,,shares,446000000.0
CA Inc,CA,Y7ET3D9SDOFUZ515FE28,0000356028,2014.0,Q3TTM,2013-01-01,2013-12-31,,,basiceps,Basic Earnings per Share,=,,usdpershare,2.32
CA Inc,CA,Y7ET3D9SDOFUZ515FE28,0000356028,2014.0,Q3TTM,2013-01-01,2013-12-31,,dilutedeps,weightedavedilutedsharesos,Weighted Average Diluted Shares Outstanding,/,,shares,448000000.0
CA Inc,CA,Y7ET3D9SDOFUZ515FE28,0000356028,2014.0,Q3TTM,2013-01-01,2013-12-31,,,dilutedeps,Diluted Earnings per Share,=,,usdpershare,2.29
CA Inc,CA,Y7ET3D9SDOFUZ515FE28,0000356028,2014.0,Q3TTM,2013-01-01,2013-12-31,,basicdilutedeps,weightedavebasicdilutedsharesos,Weighted Average Basic & Diluted Shares Outstanding,/,,shares,446200000.0
CA Inc,CA,Y7ET3D9SDOFUZ515FE28,0000356028,2014.0,Q3TTM,2013-01-01,2013-12-31,,,basicdilutedeps,Basic & Diluted Earnings per Share,=,,usdpershare,2.32
CA Inc,CA,Y7ET3D9SDOFUZ515FE28,0000356028,2014.0,Q2,2013-07-01,2013-09-30,2013-10-25 16:02:57+00:00,totalrevenue,operatingrevenue,Operating Revenue,+,credit,usd,1042000000.0
CA Inc,CA,Y7ET3D9SDOFUZ515FE28,0000356028,2014.0,Q2,2013-07-01,2013-09-30,2013-10-25 16:02:57+00:00,totalrevenue,otherrevenue,Other Revenue,+,credit,usd,98000000.0
CA Inc,CA,Y7ET3D9SDOFUZ515FE28,0000356028,2014.0,Q2,2013-07-01,2013-09-30,2013-10-25 16:02:57+00:00,totalgrossprofit,totalrevenue,Total Revenue,+,credit,usd,1140000000.0
CA Inc,CA,Y7ET3D9SDOFUZ515FE28,0000356028,2014.0,Q2,2013-07-01,2013-09-30,2013-10-25 16:02:57+00:00,totalcostofrevenue,operatingcostofrevenue,Operating Cost of Revenue,+,debit,usd,161000000.0
CA Inc,CA,Y7ET3D9SDOFUZ515FE28,0000356028,2014.0,Q2,2013-07-01,2013-09-30,2013-10-25 16:02:57+00:00,totalgrossprofit,totalcostofrevenue,Total Cost of Revenue,-,debit,usd,161000000.0
CA Inc,CA,Y7ET3D9SDOFUZ515FE28,0000356028,2014.0,Q2,2013-07-01,2013-09-30,2013-10-25 16:02:57+00:00,totaloperatingincome,totalgrossprofit,Total Gross Profit,+,credit,usd,979000000.0
CA Inc,CA,Y7ET3D9SDOFUZ515FE28,0000356028,2014.0,Q2,2013-07-01,2013-09-30,2013-10-25 16:02:57+00:00,totaloperatingexpenses,sgaexpense,"Selling, General & Admin Expense",+,debit,usd,91000000.0
CA Inc,CA,Y7ET3D9SDOFUZ515FE28,0000356028,2014.0,Q2,2013-07-01,2013-09-30,2013-10-25 16:02:57+00:00,totaloperatingexpenses,marketingexpense,Marketing Expense,+,debit,usd,260000000.0
CA Inc,CA,Y7ET3D9SDOFUZ515FE28,0000356028,2014.0,Q2,2013-07-01,2013-09-30,2013-10-25 16:02:57+00:00,totaloperatingexpenses,rdexpense,Research & Development Expense,+,debit,usd,145000000.0
CA Inc,CA,Y7ET3D9SDOFUZ515FE28,0000356028,2014.0,Q2,2013-07-01,2013-09-30,2013-10-25 16:02:57+00:00,totaloperatingexpenses,depreciationexpense,Depreciation Expense,+,debit,usd,37000000.0
CA Inc,CA,Y7ET3D9SDOFUZ515FE28,0000356028,2014.0,Q2,2013-07-01,2013-09-30,2013-10-25 16:02:57+00:00,totaloperatingexpenses,amortizationexpense,Amortization Expense,+,debit,usd,73000000.0
CA Inc,CA,Y7ET3D9SDOFUZ515FE28,0000356028,2014.0,Q2,2013-07-01,2013-09-30,2013-10-25 16:02:57+00:00,totaloperatingexpenses,otherspecialcharges,Other Special Charges / (Income),+,debit,usd,14000000.0
CA Inc,CA,Y7ET3D9SDOFUZ515FE28,0000356028,2014.0,Q2,2013-07-01,2013-09-30,2013-10-25 16:02:57+00:00,totaloperatingincome,totaloperatingexpenses,Total Operating Expenses,-,debit,usd,620000000.0
CA Inc,CA,Y7ET3D9SDOFUZ515FE28,0000356028,2014.0,Q2,2013-07-01,2013-09-30,2013-10-25 16:02:57+00:00,totalpretaxincome,totaloperatingincome,Total Operating Income,+,credit,usd,359000000.0
CA Inc,CA,Y7ET3D9SDOFUZ515FE28,0000356028,2014.0,Q2,2013-07-01,2013-09-30,2013-10-25 16:02:57+00:00,totalotherincome,totalinterestexpense,Interest Expense,-,debit,usd,13000000.0
CA Inc,CA,Y7ET3D9SDOFUZ515FE28,0000356028,2014.0,Q2,2013-07-01,2013-09-30,2013-10-25 16:02:57+00:00,totalpretaxincome,totalotherincome,"Total Other Income / (Expense), net",+,credit,usd,-13000000.0
CA Inc,CA,Y7ET3D9SDOFUZ515FE28,0000356028,2014.0,Q2,2013-07-01,2013-09-30,2013-10-25 16:02:57+00:00,netincomecontinuing,totalpretaxincome,Total Pre-Tax Income ,+,credit,usd,346000000.0
CA Inc,CA,Y7ET3D9SDOFUZ515FE28,0000356028,2014.0,Q2,2013-07-01,2013-09-30,2013-10-25 16:02:57+00:00,netincomecontinuing,incometaxexpense,Income Tax Expense,-,debit,usd,106000000.0
CA Inc,CA,Y7ET3D9SDOFUZ515FE28,0000356028,2014.0,Q2,2013-07-01,2013-09-30,2013-10-25 16:02:57+00:00,netincome,netincomecontinuing,Net Income / (Loss) Continuing Operations,+,credit,usd,240000000.0
CA Inc,CA,Y7ET3D9SDOFUZ515FE28,0000356028,2014.0,Q2,2013-07-01,2013-09-30,2013-10-25 16:02:57+00:00,netincometocommon,netincome,Consolidated Net Income / (Loss),+,credit,usd,240000000.0
CA Inc,CA,Y7ET3D9SDOFUZ515FE28,0000356028,2014.0,Q2,2013-07-01,2013-09-30,2013-10-25 16:02:57+00:00,,netincometocommon,Net Income / (Loss) Attributable to Common Shareholders,=,credit,usd,240000000.0
CA Inc,CA,Y7ET3D9SDOFUZ515FE28,0000356028,2014.0,Q2,2013-07-01,2013-09-30,2013-10-25 16:02:57+00:00,basiceps,weightedavebasicsharesos,Weighted Average Basic Shares Outstanding,/,,shares,448000000.0
CA Inc,CA,Y7ET3D9SDOFUZ515FE28,0000356028,2014.0,Q2,2013-07-01,2013-09-30,2013-10-25 16:02:57+00:00,,basiceps,Basic Earnings per Share,=,,usdpershare,0.53
CA Inc,CA,Y7ET3D9SDOFUZ515FE28,0000356028,2014.0,Q2,2013-07-01,2013-09-30,2013-10-25 16:02:57+00:00,dilutedeps,weightedavedilutedsharesos,Weighted Average Diluted Shares Outstanding,/,,shares,450000000.0
CA Inc,CA,Y7ET3D9SDOFUZ515FE28,0000356028,2014.0,Q2,2013-07-01,2013-09-30,2013-10-25 16:02:57+00:00,,dilutedeps,Diluted Earnings per Share,=,,usdpershare,0.53
CA Inc,CA,Y7ET3D9SDOFUZ515FE28,0000356028,2014.0,Q2,2013-07-01,2013-09-30,2013-10-25 16:02:57+00:00,basicdilutedeps,weightedavebasicdilutedsharesos,Weighted Average Basic & Diluted Shares Outstanding,/,,shares,452800000.0
CA Inc,CA,Y7ET3D9SDOFUZ515FE28,0000356028,2014.0,Q2,2013-07-01,2013-09-30,2013-10-25 16:02:57+00:00,,basicdilutedeps,Basic & Diluted Earnings per Share,=,,usdpershare,0.53
CA Inc,CA,Y7ET3D9SDOFUZ515FE28,0000356028,2014.0,Q2,2013-07-01,2013-09-30,2013-10-25 16:02:57+00:00,,cashdividendspershare,Cash Dividends to Common per Share,=,,usdpershare,0.25
CA Inc,CA,Y7ET3D9SDOFUZ515FE28,0000356028,2014.0,Q2YTD,2013-04-01,2013-09-30,,totalrevenue,operatingrevenue,Operating Revenue,+,credit,usd,2084000000.0
CA Inc,CA,Y7ET3D9SDOFUZ515FE28,0000356028,2014.0,Q2YTD,2013-04-01,2013-09-30,,totalrevenue,otherrevenue,Other Revenue,+,credit,usd,184000000.0
CA Inc,CA,Y7ET3D9SDOFUZ515FE28,0000356028,2014.0,Q2YTD,2013-04-01,2013-09-30,,totalgrossprofit,totalrevenue,Total Revenue,+,credit,usd,2268000000.0
CA Inc,CA,Y7ET3D9SDOFUZ515FE28,0000356028,2014.0,Q2YTD,2013-04-01,2013-09-30,,totalcostofrevenue,operatingcostofrevenue,Operating Cost of Revenue,+,debit,usd,320000000.0
CA Inc,CA,Y7ET3D9SDOFUZ515FE28,0000356028,2014.0,Q2YTD,2013-04-01,2013-09-30,,totalgrossprofit,totalcostofrevenue,Total Cost of Revenue,-,debit,usd,320000000.0
CA Inc,CA,Y7ET3D9SDOFUZ515FE28,0000356028,2014.0,Q2YTD,2013-04-01,2013-09-30,,totaloperatingincome,totalgrossprofit,Total Gross Profit,+,credit,usd,1948000000.0
CA Inc,CA,Y7ET3D9SDOFUZ515FE28,0000356028,2014.0,Q2YTD,2013-04-01,2013-09-30,,totaloperatingexpenses,sgaexpense,"Selling, General & Admin Expense",+,debit,usd,182000000.0
CA Inc,CA,Y7ET3D9SDOFUZ515FE28,0000356028,2014.0,Q2YTD,2013-04-01,2013-09-30,,totaloperatingexpenses,marketingexpense,Marketing Expense,+,debit,usd,541000000.0
CA Inc,CA,Y7ET3D9SDOFUZ515FE28,0000356028,2014.0,Q2YTD,2013-04-01,2013-09-30,,totaloperatingexpenses,rdexpense,Research & Development Expense,+,debit,usd,280000000.0
CA Inc,CA,Y7ET3D9SDOFUZ515FE28,0000356028,2014.0,Q2YTD,2013-04-01,2013-09-30,,totaloperatingexpenses,depreciationexpense,Depreciation Expense,+,debit,usd,73000000.0
CA Inc,CA,Y7ET3D9SDOFUZ515FE28,0000356028,2014.0,Q2YTD,2013-04-01,2013-09-30,,totaloperatingexpenses,amortizationexpense,Amortization Expense,+,debit,usd,142000000.0
CA Inc,CA,Y7ET3D9SDOFUZ515FE28,0000356028,2014.0,Q2YTD,2013-04-01,2013-09-30,,totaloperatingexpenses,otherspecialcharges,Other Special Charges / (Income),+,debit,usd,143000000.0
CA Inc,CA,Y7ET3D9SDOFUZ515FE28,0000356028,2014.0,Q2YTD,2013-04-01,2013-09-30,,totaloperatingincome,totaloperatingexpenses,Total Operating Expenses,-,debit,usd,1361000000.0
CA Inc,CA,Y7ET3D9SDOFUZ515FE28,0000356028,2014.0,Q2YTD,2013-04-01,2013-09-30,,totalpretaxincome,totaloperatingincome,Total Operating Income,+,credit,usd,587000000.0
CA Inc,CA,Y7ET3D9SDOFUZ515FE28,0000356028,2014.0,Q2YTD,2013-04-01,2013-09-30,,totalotherincome,totalinterestexpense,Interest Expense,-,debit,usd,24000000.0
CA Inc,CA,Y7ET3D9SDOFUZ515FE28,0000356028,2014.0,Q2YTD,2013-04-01,2013-09-30,,totalpretaxincome,totalotherincome,"Total Other Income / (Expense), net",+,credit,usd,-24000000.0
CA Inc,CA,Y7ET3D9SDOFUZ515FE28,0000356028,2014.0,Q2YTD,2013-04-01,2013-09-30,,netincomecontinuing,totalpretaxincome,Total Pre-Tax Income ,+,credit,usd,563000000.0
CA Inc,CA,Y7ET3D9SDOFUZ515FE28,0000356028,2014.0,Q2YTD,2013-04-01,2013-09-30,,netincomecontinuing,incometaxexpense,Income Tax Expense,-,debit,usd,-12000000.0
CA Inc,CA,Y7ET3D9SDOFUZ515FE28,0000356028,2014.0,Q2YTD,2013-04-01,2013-09-30,,netincome,netincomecontinuing,Net Income / (Loss) Continuing Operations,+,credit,usd,575000000.0
CA Inc,CA,Y7ET3D9SDOFUZ515FE28,0000356028,2014.0,Q2YTD,2013-04-01,2013-09-30,,netincometocommon,netincome,Consolidated Net Income / (Loss),+,credit,usd,575000000.0
CA Inc,CA,Y7ET3D9SDOFUZ515FE28,0000356028,2014.0,Q2YTD,2013-04-01,2013-09-30,,,netincometocommon,Net Income / (Loss) Attributable to Common Shareholders,=,credit,usd,575000000.0
CA Inc,CA,Y7ET3D9SDOFUZ515FE28,0000356028,2014.0,Q2YTD,2013-04-01,2013-09-30,,basiceps,weightedavebasicsharesos,Weighted Average Basic Shares Outstanding,/,,shares,448000000.0
CA Inc,CA,Y7ET3D9SDOFUZ515FE28,0000356028,2014.0,Q2YTD,2013-04-01,2013-09-30,,,basiceps,Basic Earnings per Share,=,,usdpershare,1.27
CA Inc,CA,Y7ET3D9SDOFUZ515FE28,0000356028,2014.0,Q2YTD,2013-04-01,2013-09-30,,dilutedeps,weightedavedilutedsharesos,Weighted Average Diluted Shares Outstanding,/,,shares,450000000.0
CA Inc,CA,Y7ET3D9SDOFUZ515FE28,0000356028,2014.0,Q2YTD,2013-04-01,2013-09-30,,,dilutedeps,Diluted Earnings per Share,=,,usdpershare,1.26
CA Inc,CA,Y7ET3D9SDOFUZ515FE28,0000356028,2014.0,Q2YTD,2013-04-01,2013-09-30,,basicdilutedeps,weightedavebasicdilutedsharesos,Weighted Average Basic & Diluted Shares Outstanding,/,,shares,452800000.0
CA Inc,CA,Y7ET3D9SDOFUZ515FE28,0000356028,2014.0,Q2YTD,2013-04-01,2013-09-30,,,basicdilutedeps,Basic & Diluted Earnings per Share,=,,usdpershare,1.27
CA Inc,CA,Y7ET3D9SDOFUZ515FE28,0000356028,2014.0,Q2YTD,2013-04-01,2013-09-30,,,cashdividendspershare,Cash Dividends to Common per Share,=,,usdpershare,0.5
CA Inc,CA,Y7ET3D9SDOFUZ515FE28,0000356028,2014.0,Q2TTM,2012-10-01,2013-09-30,,totalrevenue,operatingrevenue,Operating Revenue,+,credit,usd,4104000000.0
CA Inc,CA,Y7ET3D9SDOFUZ515FE28,0000356028,2014.0,Q2TTM,2012-10-01,2013-09-30,,totalrevenue,otherrevenue,Other Revenue,+,credit,usd,371000000.0
CA Inc,CA,Y7ET3D9SDOFUZ515FE28,0000356028,2014.0,Q2TTM,2012-10-01,2013-09-30,,totalgrossprofit,totalrevenue,Total Revenue,+,credit,usd,4475000000.0
CA Inc,CA,Y7ET3D9SDOFUZ515FE28,0000356028,2014.0,Q2TTM,2012-10-01,2013-09-30,,totalcostofrevenue,operatingcostofrevenue,Operating Cost of Revenue,+,debit,usd,637000000.0
CA Inc,CA,Y7ET3D9SDOFUZ515FE28,0000356028,2014.0,Q2TTM,2012-10-01,2013-09-30,,totalgrossprofit,totalcostofrevenue,Total Cost of Revenue,-,debit,usd,637000000.0
CA Inc,CA,Y7ET3D9SDOFUZ515FE28,0000356028,2014.0,Q2TTM,2012-10-01,2013-09-30,,totaloperatingincome,totalgrossprofit,Total Gross Profit,+,credit,usd,3838000000.0
CA Inc,CA,Y7ET3D9SDOFUZ515FE28,0000356028,2014.0,Q2TTM,2012-10-01,2013-09-30,,totaloperatingexpenses,sgaexpense,"Selling, General & Admin Expense",+,debit,usd,379000000.0
CA Inc,CA,Y7ET3D9SDOFUZ515FE28,0000356028,2014.0,Q2TTM,2012-10-01,2013-09-30,,totaloperatingexpenses,marketingexpense,Marketing Expense,+,debit,usd,1144000000.0
CA Inc,CA,Y7ET3D9SDOFUZ515FE28,0000356028,2014.0,Q2TTM,2012-10-01,2013-09-30,,totaloperatingexpenses,rdexpense,Research & Development Expense,+,debit,usd,515000000.0
CA Inc,CA,Y7ET3D9SDOFUZ515FE28,0000356028,2014.0,Q2TTM,2012-10-01,2013-09-30,,totaloperatingexpenses,depreciationexpense,Depreciation Expense,+,debit,usd,150000000.0
CA Inc,CA,Y7ET3D9SDOFUZ515FE28,0000356028,2014.0,Q2TTM,2012-10-01,2013-09-30,,totaloperatingexpenses,amortizationexpense,Amortization Expense,+,debit,usd,316000000.0
CA Inc,CA,Y7ET3D9SDOFUZ515FE28,0000356028,2014.0,Q2TTM,2012-10-01,2013-09-30,,totaloperatingexpenses,otheroperatingexpenses,Other Operating Expenses / (Income),+,debit,usd,-5000000.0
CA Inc,CA,Y7ET3D9SDOFUZ515FE28,0000356028,2014.0,Q2TTM,2012-10-01,2013-09-30,,totaloperatingexpenses,otherspecialcharges,Other Special Charges / (Income),+,debit,usd,166000000.0
CA Inc,CA,Y7ET3D9SDOFUZ515FE28,0000356028,2014.0,Q2TTM,2012-10-01,2013-09-30,,totaloperatingincome,totaloperatingexpenses,Total Operating Expenses,-,debit,usd,2665000000.0
CA Inc,CA,Y7ET3D9SDOFUZ515FE28,0000356028,2014.0,Q2TTM,2012-10-01,2013-09-30,,totalpretaxincome,totaloperatingincome,Total Operating Income,+,credit,usd,1173000000.0
CA Inc,CA,Y7ET3D9SDOFUZ515FE28,0000356028,2014.0,Q2TTM,2012-10-01,2013-09-30,,totalotherincome,totalinterestexpense,Interest Expense,-,debit,usd,47000000.0
CA Inc,CA,Y7ET3D9SDOFUZ515FE28,0000356028,2014.0,Q2TTM,2012-10-01,2013-09-30,,totalpretaxincome,totalotherincome,"Total Other Income / (Expense), net",+,credit,usd,-47000000.0
CA Inc,CA,Y7ET3D9SDOFUZ515FE28,0000356028,2014.0,Q2TTM,2012-10-01,2013-09-30,,netincomecontinuing,totalpretaxincome,Total Pre-Tax Income ,+,credit,usd,1126000000.0
CA Inc,CA,Y7ET3D9SDOFUZ515FE28,0000356028,2014.0,Q2TTM,2012-10-01,2013-09-30,,netincomecontinuing,incometaxexpense,Income Tax Expense,-,debit,usd,92000000.0
CA Inc,CA,Y7ET3D9SDOFUZ515FE28,0000356028,2014.0,Q2TTM,2012-10-01,2013-09-30,,netincome,netincomecontinuing,Net Income / (Loss) Continuing Operations,+,credit,usd,1034000000.0
CA Inc,CA,Y7ET3D9SDOFUZ515FE28,0000356028,2014.0,Q2TTM,2012-10-01,2013-09-30,,netincome,netincomediscontinued,Net Income / (Loss) Discontinued Operations,+,credit,usd,34000000.0
CA Inc,CA,Y7ET3D9SDOFUZ515FE28,0000356028,2014.0,Q2TTM,2012-10-01,2013-09-30,,netincometocommon,netincome,Consolidated Net Income / (Loss),+,credit,usd,1068000000.0
CA Inc,CA,Y7ET3D9SDOFUZ515FE28,0000356028,2014.0,Q2TTM,2012-10-01,2013-09-30,,,netincometocommon,Net Income / (Loss) Attributable to Common Shareholders,=,credit,usd,1068000000.0
CA Inc,CA,Y7ET3D9SDOFUZ515FE28,0000356028,2014.0,Q2TTM,2012-10-01,2013-09-30,,basiceps,weightedavebasicsharesos,Weighted Average Basic Shares Outstanding,/,,shares,448000000.0
CA Inc,CA,Y7ET3D9SDOFUZ515FE28,0000356028,2014.0,Q2TTM,2012-10-01,2013-09-30,,,basiceps,Basic Earnings per Share,=,,usdpershare,2.35
CA Inc,CA,Y7ET3D9SDOFUZ515FE28,0000356028,2014.0,Q2TTM,2012-10-01,2013-09-30,,dilutedeps,weightedavedilutedsharesos,Weighted Average Diluted Shares Outstanding,/,,shares,450000000.0
CA Inc,CA,Y7ET3D9SDOFUZ515FE28,0000356028,2014.0,Q2TTM,2012-10-01,2013-09-30,,,dilutedeps,Diluted Earnings per Share,=,,usdpershare,2.33
CA Inc,CA,Y7ET3D9SDOFUZ515FE28,0000356028,2014.0,Q2TTM,2012-10-01,2013-09-30,,basicdilutedeps,weightedavebasicdilutedsharesos,Weighted Average Basic & Diluted Shares Outstanding,/,,shares,452800000.0
CA Inc,CA,Y7ET3D9SDOFUZ515FE28,0000356028,2014.0,Q2TTM,2012-10-01,2013-09-30,,,basicdilutedeps,Basic & Diluted Earnings per Share,=,,usdpershare,2.35
CA Inc,CA,Y7ET3D9SDOFUZ515FE28,0000356028,2014.0,Q1,2013-04-01,2013-06-30,2013-07-25 16:07:38+00:00,totalrevenue,operatingrevenue,Operating Revenue,+,credit,usd,1042000000.0
CA Inc,CA,Y7ET3D9SDOFUZ515FE28,0000356028,2014.0,Q1,2013-04-01,2013-06-30,2013-07-25 16:07:38+00:00,totalrevenue,otherrevenue,Other Revenue,+,credit,usd,86000000.0
CA Inc,CA,Y7ET3D9SDOFUZ515FE28,0000356028,2014.0,Q1,2013-04-01,2013-06-30,2013-07-25 16:07:38+00:00,totalgrossprofit,totalrevenue,Total Revenue,+,credit,usd,1128000000.0
CA Inc,CA,Y7ET3D9SDOFUZ515FE28,0000356028,2014.0,Q1,2013-04-01,2013-06-30,2013-07-25 16:07:38+00:00,totalcostofrevenue,operatingcostofrevenue,Operating Cost of Revenue,+,debit,usd,159000000.0
CA Inc,CA,Y7ET3D9SDOFUZ515FE28,0000356028,2014.0,Q1,2013-04-01,2013-06-30,2013-07-25 16:07:38+00:00,totalgrossprofit,totalcostofrevenue,Total Cost of Revenue,-,debit,usd,159000000.0
CA Inc,CA,Y7ET3D9SDOFUZ515FE28,0000356028,2014.0,Q1,2013-04-01,2013-06-30,2013-07-25 16:07:38+00:00,totaloperatingincome,totalgrossprofit,Total Gross Profit,+,credit,usd,969000000.0
CA Inc,CA,Y7ET3D9SDOFUZ515FE28,0000356028,2014.0,Q1,2013-04-01,2013-06-30,2013-07-25 16:07:38+00:00,totaloperatingexpenses,sgaexpense,"Selling, General & Admin Expense",+,debit,usd,91000000.0
CA Inc,CA,Y7ET3D9SDOFUZ515FE28,0000356028,2014.0,Q1,2013-04-01,2013-06-30,2013-07-25 16:07:38+00:00,totaloperatingexpenses,marketingexpense,Marketing Expense,+,debit,usd,281000000.0
CA Inc,CA,Y7ET3D9SDOFUZ515FE28,0000356028,2014.0,Q1,2013-04-01,2013-06-30,2013-07-25 16:07:38+00:00,totaloperatingexpenses,rdexpense,Research & Development Expense,+,debit,usd,135000000.0
CA Inc,CA,Y7ET3D9SDOFUZ515FE28,0000356028,2014.0,Q1,2013-04-01,2013-06-30,2013-07-25 16:07:38+00:00,totaloperatingexpenses,depreciationexpense,Depreciation Expense,+,debit,usd,36000000.0
CA Inc,CA,Y7ET3D9SDOFUZ515FE28,0000356028,2014.0,Q1,2013-04-01,2013-06-30,2013-07-25 16:07:38+00:00,totaloperatingexpenses,amortizationexpense,Amortization Expense,+,debit,usd,69000000.0
CA Inc,CA,Y7ET3D9SDOFUZ515FE28,0000356028,2014.0,Q1,2013-04-01,2013-06-30,2013-07-25 16:07:38+00:00,totaloperatingexpenses,otherspecialcharges,Other Special Charges / (Income),+,debit,usd,129000000.0
CA Inc,CA,Y7ET3D9SDOFUZ515FE28,0000356028,2014.0,Q1,2013-04-01,2013-06-30,2013-07-25 16:07:38+00:00,totaloperatingincome,totaloperatingexpenses,Total Operating Expenses,-,debit,usd,741000000.0
CA Inc,CA,Y7ET3D9SDOFUZ515FE28,0000356028,2014.0,Q1,2013-04-01,2013-06-30,2013-07-25 16:07:38+00:00,totalpretaxincome,totaloperatingincome,Total Operating Income,+,credit,usd,228000000.0
CA Inc,CA,Y7ET3D9SDOFUZ515FE28,0000356028,2014.0,Q1,2013-04-01,2013-06-30,2013-07-25 16:07:38+00:00,totalotherincome,totalinterestexpense,Interest Expense,-,debit,usd,11000000.0
CA Inc,CA,Y7ET3D9SDOFUZ515FE28,0000356028,2014.0,Q1,2013-04-01,2013-06-30,2013-07-25 16:07:38+00:00,totalpretaxincome,totalotherincome,"Total Other Income / (Expense), net",+,credit,usd,-11000000.0
CA Inc,CA,Y7ET3D9SDOFUZ515FE28,0000356028,2014.0,Q1,2013-04-01,2013-06-30,2013-07-25 16:07:38+00:00,netincomecontinuing,totalpretaxincome,Total Pre-Tax Income ,+,credit,usd,217000000.0
CA Inc,CA,Y7ET3D9SDOFUZ515FE28,0000356028,2014.0,Q1,2013-04-01,2013-06-30,2013-07-25 16:07:38+00:00,netincomecontinuing,incometaxexpense,Income Tax Expense,-,debit,usd,-118000000.0
CA Inc,CA,Y7ET3D9SDOFUZ515FE28,0000356028,2014.0,Q1,2013-04-01,2013-06-30,2013-07-25 16:07:38+00:00,netincome,netincomecontinuing,Net Income / (Loss) Continuing Operations,+,credit,usd,335000000.0
CA Inc,CA,Y7ET3D9SDOFUZ515FE28,0000356028,2014.0,Q1,2013-04-01,2013-06-30,2013-07-25 16:07:38+00:00,netincometocommon,netincome,Consolidated Net Income / (Loss),+,credit,usd,335000000.0
CA Inc,CA,Y7ET3D9SDOFUZ515FE28,0000356028,2014.0,Q1,2013-04-01,2013-06-30,2013-07-25 16:07:38+00:00,,netincometocommon,Net Income / (Loss) Attributable to Common Shareholders,=,credit,usd,335000000.0
CA Inc,CA,Y7ET3D9SDOFUZ515FE28,0000356028,2014.0,Q1,2013-04-01,2013-06-30,2013-07-25 16:07:38+00:00,basiceps,weightedavebasicsharesos,Weighted Average Basic Shares Outstanding,/,,shares,450000000.0
CA Inc,CA,Y7ET3D9SDOFUZ515FE28,0000356028,2014.0,Q1,2013-04-01,2013-06-30,2013-07-25 16:07:38+00:00,,basiceps,Basic Earnings per Share,=,,usdpershare,0.74
CA Inc,CA,Y7ET3D9SDOFUZ515FE28,0000356028,2014.0,Q1,2013-04-01,2013-06-30,2013-07-25 16:07:38+00:00,dilutedeps,weightedavedilutedsharesos,Weighted Average Diluted Shares Outstanding,/,,shares,451000000.0
CA Inc,CA,Y7ET3D9SDOFUZ515FE28,0000356028,2014.0,Q1,2013-04-01,2013-06-30,2013-07-25 16:07:38+00:00,,dilutedeps,Diluted Earnings per Share,=,,usdpershare,0.73
CA Inc,CA,Y7ET3D9SDOFUZ515FE28,0000356028,2014.0,Q1,2013-04-01,2013-06-30,2013-07-25 16:07:38+00:00,basicdilutedeps,weightedavebasicdilutedsharesos,Weighted Average Basic & Diluted Shares Outstanding,/,,shares,452700000.0
CA Inc,CA,Y7ET3D9SDOFUZ515FE28,0000356028,2014.0,Q1,2013-04-01,2013-06-30,2013-07-25 16:07:38+00:00,,basicdilutedeps,Basic & Diluted Earnings per Share,=,,usdpershare,0.74
CA Inc,CA,Y7ET3D9SDOFUZ515FE28,0000356028,2014.0,Q1,2013-04-01,2013-06-30,2013-07-25 16:07:38+00:00,,cashdividendspershare,Cash Dividends to Common per Share,=,,usdpershare,0.25
CA Inc,CA,Y7ET3D9SDOFUZ515FE28,0000356028,2014.0,Q1TTM,2012-07-01,2013-06-30,,totalrevenue,operatingrevenue,Operating Revenue,+,credit,usd,4120000000.0
CA Inc,CA,Y7ET3D9SDOFUZ515FE28,0000356028,2014.0,Q1TTM,2012-07-01,2013-06-30,,totalrevenue,otherrevenue,Other Revenue,+,credit,usd,367000000.0
CA Inc,CA,Y7ET3D9SDOFUZ515FE28,0000356028,2014.0,Q1TTM,2012-07-01,2013-06-30,,totalgrossprofit,totalrevenue,Total Revenue,+,credit,usd,4487000000.0
CA Inc,CA,Y7ET3D9SDOFUZ515FE28,0000356028,2014.0,Q1TTM,2012-07-01,2013-06-30,,totalcostofrevenue,operatingcostofrevenue,Operating Cost of Revenue,+,debit,usd,633000000.0
CA Inc,CA,Y7ET3D9SDOFUZ515FE28,0000356028,2014.0,Q1TTM,2012-07-01,2013-06-30,,totalgrossprofit,totalcostofrevenue,Total Cost of Revenue,-,debit,usd,633000000.0
CA Inc,CA,Y7ET3D9SDOFUZ515FE28,0000356028,2014.0,Q1TTM,2012-07-01,2013-06-30,,totaloperatingincome,totalgrossprofit,Total Gross Profit,+,credit,usd,3854000000.0
CA Inc,CA,Y7ET3D9SDOFUZ515FE28,0000356028,2014.0,Q1TTM,2012-07-01,2013-06-30,,totaloperatingexpenses,sgaexpense,"Selling, General & Admin Expense",+,debit,usd,386000000.0
CA Inc,CA,Y7ET3D9SDOFUZ515FE28,0000356028,2014.0,Q1TTM,2012-07-01,2013-06-30,,totaloperatingexpenses,marketingexpense,Marketing Expense,+,debit,usd,1201000000.0
CA Inc,CA,Y7ET3D9SDOFUZ515FE28,0000356028,2014.0,Q1TTM,2012-07-01,2013-06-30,,totaloperatingexpenses,rdexpense,Research & Development Expense,+,debit,usd,493000000.0
CA Inc,CA,Y7ET3D9SDOFUZ515FE28,0000356028,2014.0,Q1TTM,2012-07-01,2013-06-30,,totaloperatingexpenses,depreciationexpense,Depreciation Expense,+,debit,usd,153000000.0
CA Inc,CA,Y7ET3D9SDOFUZ515FE28,0000356028,2014.0,Q1TTM,2012-07-01,2013-06-30,,totaloperatingexpenses,amortizationexpense,Amortization Expense,+,debit,usd,310000000.0
CA Inc,CA,Y7ET3D9SDOFUZ515FE28,0000356028,2014.0,Q1TTM,2012-07-01,2013-06-30,,totaloperatingexpenses,otheroperatingexpenses,Other Operating Expenses / (Income),+,debit,usd,-5000000.0
CA Inc,CA,Y7ET3D9SDOFUZ515FE28,0000356028,2014.0,Q1TTM,2012-07-01,2013-06-30,,totaloperatingexpenses,otherspecialcharges,Other Special Charges / (Income),+,debit,usd,165000000.0
CA Inc,CA,Y7ET3D9SDOFUZ515FE28,0000356028,2014.0,Q1TTM,2012-07-01,2013-06-30,,totaloperatingincome,totaloperatingexpenses,Total Operating Expenses,-,debit,usd,2703000000.0
CA Inc,CA,Y7ET3D9SDOFUZ515FE28,0000356028,2014.0,Q1TTM,2012-07-01,2013-06-30,,totalpretaxincome,totaloperatingincome,Total Operating Income,+,credit,usd,1151000000.0
CA Inc,CA,Y7ET3D9SDOFUZ515FE28,0000356028,2014.0,Q1TTM,2012-07-01,2013-06-30,,totalotherincome,totalinterestexpense,Interest Expense,-,debit,usd,44000000.0
CA Inc,CA,Y7ET3D9SDOFUZ515FE28,0000356028,2014.0,Q1TTM,2012-07-01,2013-06-30,,totalpretaxincome,totalotherincome,"Total Other Income / (Expense), net",+,credit,usd,-44000000.0
CA Inc,CA,Y7ET3D9SDOFUZ515FE28,0000356028,2014.0,Q1TTM,2012-07-01,2013-06-30,,netincomecontinuing,totalpretaxincome,Total Pre-Tax Income ,+,credit,usd,1107000000.0
CA Inc,CA,Y7ET3D9SDOFUZ515FE28,0000356028,2014.0,Q1TTM,2012-07-01,2013-06-30,,netincomecontinuing,incometaxexpense,Income Tax Expense,-,debit,usd,91000000.0
CA Inc,CA,Y7ET3D9SDOFUZ515FE28,0000356028,2014.0,Q1TTM,2012-07-01,2013-06-30,,netincome,netincomecontinuing,Net Income / (Loss) Continuing Operations,+,credit,usd,1016000000.0
CA Inc,CA,Y7ET3D9SDOFUZ515FE28,0000356028,2014.0,Q1TTM,2012-07-01,2013-06-30,,netincome,netincomediscontinued,Net Income / (Loss) Discontinued Operations,+,credit,usd,34000000.0
CA Inc,CA,Y7ET3D9SDOFUZ515FE28,0000356028,2014.0,Q1TTM,2012-07-01,2013-06-30,,netincometocommon,netincome,Consolidated Net Income / (Loss),+,credit,usd,1050000000.0
CA Inc,CA,Y7ET3D9SDOFUZ515FE28,0000356028,2014.0,Q1TTM,2012-07-01,2013-06-30,,,netincometocommon,Net Income / (Loss) Attributable to Common Shareholders,=,credit,usd,1050000000.0
CA Inc,CA,Y7ET3D9SDOFUZ515FE28,0000356028,2014.0,Q1TTM,2012-07-01,2013-06-30,,basiceps,weightedavebasicsharesos,Weighted Average Basic Shares Outstanding,/,,shares,450000000.0
CA Inc,CA,Y7ET3D9SDOFUZ515FE28,0000356028,2014.0,Q1TTM,2012-07-01,2013-06-30,,,basiceps,Basic Earnings per Share,=,,usdpershare,2.3
CA Inc,CA,Y7ET3D9SDOFUZ515FE28,0000356028,2014.0,Q1TTM,2012-07-01,2013-06-30,,dilutedeps,weightedavedilutedsharesos,Weighted Average Diluted Shares Outstanding,/,,shares,451000000.0
CA Inc,CA,Y7ET3D9SDOFUZ515FE28,0000356028,2014.0,Q1TTM,2012-07-01,2013-06-30,,,dilutedeps,Diluted Earnings per Share,=,,usdpershare,2.28
CA Inc,CA,Y7ET3D9SDOFUZ515FE28,0000356028,2014.0,Q1TTM,2012-07-01,2013-06-30,,basicdilutedeps,weightedavebasicdilutedsharesos,Weighted Average Basic & Diluted Shares Outstanding,/,,shares,452700000.0
CA Inc,CA,Y7ET3D9SDOFUZ515FE28,0000356028,2014.0,Q1TTM,2012-07-01,2013-06-30,,,basicdilutedeps,Basic & Diluted Earnings per Share,=,,usdpershare,2.3
CA Inc,CA,Y7ET3D9SDOFUZ515FE28,0000356028,2015.0,FY,2014-04-01,2015-03-31,2017-05-12 16:07:51+00:00,totalrevenue,operatingrevenue,Operating Revenue,+,credit,usd,3911000000.0
CA Inc,CA,Y7ET3D9SDOFUZ515FE28,0000356028,2015.0,FY,2014-04-01,2015-03-31,2017-05-12 16:07:51+00:00,totalrevenue,otherrevenue,Other Revenue,+,credit,usd,351000000.0
CA Inc,CA,Y7ET3D9SDOFUZ515FE28,0000356028,2015.0,FY,2014-04-01,2015-03-31,2017-05-12 16:07:51+00:00,totalgrossprofit,totalrevenue,Total Revenue,+,credit,usd,4262000000.0
CA Inc,CA,Y7ET3D9SDOFUZ515FE28,0000356028,2015.0,FY,2014-04-01,2015-03-31,2017-05-12 16:07:51+00:00,totalcostofrevenue,operatingcostofrevenue,Operating Cost of Revenue,+,debit,usd,635000000.0
CA Inc,CA,Y7ET3D9SDOFUZ515FE28,0000356028,2015.0,FY,2014-04-01,2015-03-31,2017-05-12 16:07:51+00:00,totalgrossprofit,totalcostofrevenue,Total Cost of Revenue,-,debit,usd,635000000.0
CA Inc,CA,Y7ET3D9SDOFUZ515FE28,0000356028,2015.0,FY,2014-04-01,2015-03-31,2017-05-12 16:07:51+00:00,totaloperatingincome,totalgrossprofit,Total Gross Profit,+,credit,usd,3627000000.0
CA Inc,CA,Y7ET3D9SDOFUZ515FE28,0000356028,2015.0,FY,2014-04-01,2015-03-31,2017-05-12 16:07:51+00:00,totaloperatingexpenses,sgaexpense,"Selling, General & Admin Expense",+,debit,usd,377000000.0
CA Inc,CA,Y7ET3D9SDOFUZ515FE28,0000356028,2015.0,FY,2014-04-01,2015-03-31,2017-05-12 16:07:51+00:00,totaloperatingexpenses,marketingexpense,Marketing Expense,+,debit,usd,1060000000.0
CA Inc,CA,Y7ET3D9SDOFUZ515FE28,0000356028,2015.0,FY,2014-04-01,2015-03-31,2017-05-12 16:07:51+00:00,totaloperatingexpenses,rdexpense,Research & Development Expense,+,debit,usd,603000000.0
CA Inc,CA,Y7ET3D9SDOFUZ515FE28,0000356028,2015.0,FY,2014-04-01,2015-03-31,2017-05-12 16:07:51+00:00,totaloperatingexpenses,depreciationexpense,Depreciation Expense,+,debit,usd,129000000.0
CA Inc,CA,Y7ET3D9SDOFUZ515FE28,0000356028,2015.0,FY,2014-04-01,2015-03-31,2017-05-12 16:07:51+00:00,totaloperatingexpenses,amortizationexpense,Amortization Expense,+,debit,usd,273000000.0
CA Inc,CA,Y7ET3D9SDOFUZ515FE28,0000356028,2015.0,FY,2014-04-01,2015-03-31,2017-05-12 16:07:51+00:00,totaloperatingexpenses,otheroperatingexpenses,Other Operating Expenses / (Income),+,debit,usd,23000000.0
CA Inc,CA,Y7ET3D9SDOFUZ515FE28,0000356028,2015.0,FY,2014-04-01,2015-03-31,2017-05-12 16:07:51+00:00,totaloperatingincome,totaloperatingexpenses,Total Operating Expenses,-,debit,usd,2465000000.0
CA Inc,CA,Y7ET3D9SDOFUZ515FE28,0000356028,2015.0,FY,2014-04-01,2015-03-31,2017-05-12 16:07:51+00:00,totalpretaxincome,totaloperatingincome,Total Operating Income,+,credit,usd,1162000000.0
CA Inc,CA,Y7ET3D9SDOFUZ515FE28,0000356028,2015.0,FY,2014-04-01,2015-03-31,2017-05-12 16:07:51+00:00,totalotherincome,totalinterestexpense,Interest Expense,-,debit,usd,47000000.0
CA Inc,CA,Y7ET3D9SDOFUZ515FE28,0000356028,2015.0,FY,2014-04-01,2015-03-31,2017-05-12 16:07:51+00:00,totalpretaxincome,totalotherincome,"Total Other Income / (Expense), net",+,credit,usd,-47000000.0
CA Inc,CA,Y7ET3D9SDOFUZ515FE28,0000356028,2015.0,FY,2014-04-01,2015-03-31,2017-05-12 16:07:51+00:00,netincomecontinuing,totalpretaxincome,Total Pre-Tax Income ,+,credit,usd,1115000000.0
CA Inc,CA,Y7ET3D9SDOFUZ515FE28,0000356028,2015.0,FY,2014-04-01,2015-03-31,2017-05-12 16:07:51+00:00,netincomecontinuing,incometaxexpense,Income Tax Expense,-,debit,usd,305000000.0
CA Inc,CA,Y7ET3D9SDOFUZ515FE28,0000356028,2015.0,FY,2014-04-01,2015-03-31,2017-05-12 16:07:51+00:00,netincome,netincomecontinuing,Net Income / (Loss) Continuing Operations,+,credit,usd,810000000.0
CA Inc,CA,Y7ET3D9SDOFUZ515FE28,0000356028,2015.0,FY,2014-04-01,2015-03-31,2017-05-12 16:07:51+00:00,netincome,netincomediscontinued,Net Income / (Loss) Discontinued Operations,+,credit,usd,36000000.0
CA Inc,CA,Y7ET3D9SDOFUZ515FE28,0000356028,2015.0,FY,2014-04-01,2015-03-31,2017-05-12 16:07:51+00:00,netincometocommon,netincome,Consolidated Net Income / (Loss),+,credit,usd,846000000.0
CA Inc,CA,Y7ET3D9SDOFUZ515FE28,0000356028,2015.0,FY,2014-04-01,2015-03-31,2017-05-12 16:07:51+00:00,,netincometocommon,Net Income / (Loss) Attributable to Common Shareholders,=,credit,usd,846000000.0
CA Inc,CA,Y7ET3D9SDOFUZ515FE28,0000356028,2015.0,FY,2014-04-01,2015-03-31,2017-05-12 16:07:51+00:00,basiceps,weightedavebasicsharesos,Weighted Average Basic Shares Outstanding,/,,shares,439000000.0
CA Inc,CA,Y7ET3D9SDOFUZ515FE28,0000356028,2015.0,FY,2014-04-01,2015-03-31,2017-05-12 16:07:51+00:00,,basiceps,Basic Earnings per Share,=,,usdpershare,1.91
CA Inc,CA,Y7ET3D9SDOFUZ515FE28,0000356028,2015.0,FY,2014-04-01,2015-03-31,2017-05-12 16:07:51+00:00,dilutedeps,weightedavedilutedsharesos,Weighted Average Diluted Shares Outstanding,/,,shares,441000000.0
CA Inc,CA,Y7ET3D9SDOFUZ515FE28,0000356028,2015.0,FY,2014-04-01,2015-03-31,2017-05-12 16:07:51+00:00,,dilutedeps,Diluted Earnings per Share,=,,usdpershare,1.9
CA Inc,CA,Y7ET3D9SDOFUZ515FE28,0000356028,2015.0,FY,2014-04-01,2015-03-31,2017-05-12 16:07:51+00:00,basicdilutedeps,weightedavebasicdilutedsharesos,Weighted Average Basic & Diluted Shares Outstanding,/,,shares,442900000.0
CA Inc,CA,Y7ET3D9SDOFUZ515FE28,0000356028,2015.0,FY,2014-04-01,2015-03-31,2017-05-12 16:07:51+00:00,,basicdilutedeps,Basic & Diluted Earnings per Share,=,,usdpershare,1.91
CA Inc,CA,Y7ET3D9SDOFUZ515FE28,0000356028,2015.0,Q4,2015-01-01,2015-03-31,,totalrevenue,operatingrevenue,Operating Revenue,+,credit,usd,934000000.0
CA Inc,CA,Y7ET3D9SDOFUZ515FE28,0000356028,2015.0,Q4,2015-01-01,2015-03-31,,totalrevenue,otherrevenue,Other Revenue,+,credit,usd,89000000.0
CA Inc,CA,Y7ET3D9SDOFUZ515FE28,0000356028,2015.0,Q4,2015-01-01,2015-03-31,,totalgrossprofit,totalrevenue,Total Revenue,+,credit,usd,1023000000.0
CA Inc,CA,Y7ET3D9SDOFUZ515FE28,0000356028,2015.0,Q4,2015-01-01,2015-03-31,,totalcostofrevenue,operatingcostofrevenue,Operating Cost of Revenue,+,debit,usd,165000000.0
CA Inc,CA,Y7ET3D9SDOFUZ515FE28,0000356028,2015.0,Q4,2015-01-01,2015-03-31,,totalgrossprofit,totalcostofrevenue,Total Cost of Revenue,-,debit,usd,165000000.0
CA Inc,CA,Y7ET3D9SDOFUZ515FE28,0000356028,2015.0,Q4,2015-01-01,2015-03-31,,totaloperatingincome,totalgrossprofit,Total Gross Profit,+,credit,usd,858000000.0
CA Inc,CA,Y7ET3D9SDOFUZ515FE28,0000356028,2015.0,Q4,2015-01-01,2015-03-31,,totaloperatingexpenses,sgaexpense,"Selling, General & Admin Expense",+,debit,usd,108000000.0
CA Inc,CA,Y7ET3D9SDOFUZ515FE28,0000356028,2015.0,Q4,2015-01-01,2015-03-31,,totaloperatingexpenses,marketingexpense,Marketing Expense,+,debit,usd,278000000.0
CA Inc,CA,Y7ET3D9SDOFUZ515FE28,0000356028,2015.0,Q4,2015-01-01,2015-03-31,,totaloperatingexpenses,rdexpense,Research & Development Expense,+,debit,usd,160000000.0
CA Inc,CA,Y7ET3D9SDOFUZ515FE28,0000356028,2015.0,Q4,2015-01-01,2015-03-31,,totaloperatingexpenses,depreciationexpense,Depreciation Expense,+,debit,usd,30000000.0
CA Inc,CA,Y7ET3D9SDOFUZ515FE28,0000356028,2015.0,Q4,2015-01-01,2015-03-31,,totaloperatingexpenses,amortizationexpense,Amortization Expense,+,debit,usd,69000000.0
CA Inc,CA,Y7ET3D9SDOFUZ515FE28,0000356028,2015.0,Q4,2015-01-01,2015-03-31,,totaloperatingexpenses,otheroperatingexpenses,Other Operating Expenses / (Income),+,debit,usd,2000000.0
CA Inc,CA,Y7ET3D9SDOFUZ515FE28,0000356028,2015.0,Q4,2015-01-01,2015-03-31,,totaloperatingincome,totaloperatingexpenses,Total Operating Expenses,-,debit,usd,647000000.0
CA Inc,CA,Y7ET3D9SDOFUZ515FE28,0000356028,2015.0,Q4,2015-01-01,2015-03-31,,totalpretaxincome,totaloperatingincome,Total Operating Income,+,credit,usd,211000000.0
CA Inc,CA,Y7ET3D9SDOFUZ515FE28,0000356028,2015.0,Q4,2015-01-01,2015-03-31,,totalotherincome,totalinterestexpense,Interest Expense,-,debit,usd,9000000.0
CA Inc,CA,Y7ET3D9SDOFUZ515FE28,0000356028,2015.0,Q4,2015-01-01,2015-03-31,,totalpretaxincome,totalotherincome,"Total Other Income / (Expense), net",+,credit,usd,-9000000.0
CA Inc,CA,Y7ET3D9SDOFUZ515FE28,0000356028,2015.0,Q4,2015-01-01,2015-03-31,,netincomecontinuing,totalpretaxincome,Total Pre-Tax Income ,+,credit,usd,202000000.0
CA Inc,CA,Y7ET3D9SDOFUZ515FE28,0000356028,2015.0,Q4,2015-01-01,2015-03-31,,netincomecontinuing,incometaxexpense,Income Tax Expense,-,debit,usd,57000000.0
CA Inc,CA,Y7ET3D9SDOFUZ515FE28,0000356028,2015.0,Q4,2015-01-01,2015-03-31,,netincome,netincomecontinuing,Net Income / (Loss) Continuing Operations,+,credit,usd,145000000.0
CA Inc,CA,Y7ET3D9SDOFUZ515FE28,0000356028,2015.0,Q4,2015-01-01,2015-03-31,,netincome,netincomediscontinued,Net Income / (Loss) Discontinued Operations,+,credit,usd,6000000.0
CA Inc,CA,Y7ET3D9SDOFUZ515FE28,0000356028,2015.0,Q4,2015-01-01,2015-03-31,,netincometocommon,netincome,Consolidated Net Income / (Loss),+,credit,usd,151000000.0
CA Inc,CA,Y7ET3D9SDOFUZ515FE28,0000356028,2015.0,Q4,2015-01-01,2015-03-31,,,netincometocommon,Net Income / (Loss) Attributable to Common Shareholders,=,credit,usd,151000000.0
CA Inc,CA,Y7ET3D9SDOFUZ515FE28,0000356028,2015.0,Q4,2015-01-01,2015-03-31,,basiceps,weightedavebasicsharesos,Weighted Average Basic Shares Outstanding,/,,shares,439000000.0
CA Inc,CA,Y7ET3D9SDOFUZ515FE28,0000356028,2015.0,Q4,2015-01-01,2015-03-31,,,basiceps,Basic Earnings per Share,=,,usdpershare,0.34
CA Inc,CA,Y7ET3D9SDOFUZ515FE28,0000356028,2015.0,Q4,2015-01-01,2015-03-31,,dilutedeps,weightedavedilutedsharesos,Weighted Average Diluted Shares Outstanding,/,,shares,441000000.0
CA Inc,CA,Y7ET3D9SDOFUZ515FE28,0000356028,2015.0,Q4,2015-01-01,2015-03-31,,,dilutedeps,Diluted Earnings per Share,=,,usdpershare,0.33
CA Inc,CA,Y7ET3D9SDOFUZ515FE28,0000356028,2015.0,Q4,2015-01-01,2015-03-31,,basicdilutedeps,weightedavebasicdilutedsharesos,Weighted Average Basic & Diluted Shares Outstanding,/,,shares,442900000.0
CA Inc,CA,Y7ET3D9SDOFUZ515FE28,0000356028,2015.0,Q4,2015-01-01,2015-03-31,,,basicdilutedeps,Basic & Diluted Earnings per Share,=,,usdpershare,0.34
CA Inc,CA,Y7ET3D9SDOFUZ515FE28,0000356028,2015.0,Q4,2015-01-01,2015-03-31,,,cashdividendspershare,Cash Dividends to Common per Share,=,,usdpershare,-0.75
CA Inc,CA,Y7ET3D9SDOFUZ515FE28,0000356028,2015.0,Q3,2014-10-01,2014-12-31,2016-01-27 16:04:59+00:00,totalrevenue,operatingrevenue,Operating Revenue,+,credit,usd,982000000.0
CA Inc,CA,Y7ET3D9SDOFUZ515FE28,0000356028,2015.0,Q3,2014-10-01,2014-12-31,2016-01-27 16:04:59+00:00,totalrevenue,otherrevenue,Other Revenue,+,credit,usd,109000000.0
CA Inc,CA,Y7ET3D9SDOFUZ515FE28,0000356028,2015.0,Q3,2014-10-01,2014-12-31,2016-01-27 16:04:59+00:00,totalgrossprofit,totalrevenue,Total Revenue,+,credit,usd,1091000000.0
CA Inc,CA,Y7ET3D9SDOFUZ515FE28,0000356028,2015.0,Q3,2014-10-01,2014-12-31,2016-01-27 16:04:59+00:00,totalcostofrevenue,operatingcostofrevenue,Operating Cost of Revenue,+,debit,usd,158000000.0
CA Inc,CA,Y7ET3D9SDOFUZ515FE28,0000356028,2015.0,Q3,2014-10-01,2014-12-31,2016-01-27 16:04:59+00:00,totalgrossprofit,totalcostofrevenue,Total Cost of Revenue,-,debit,usd,158000000.0
CA Inc,CA,Y7ET3D9SDOFUZ515FE28,0000356028,2015.0,Q3,2014-10-01,2014-12-31,2016-01-27 16:04:59+00:00,totaloperatingincome,totalgrossprofit,Total Gross Profit,+,credit,usd,933000000.0
CA Inc,CA,Y7ET3D9SDOFUZ515FE28,0000356028,2015.0,Q3,2014-10-01,2014-12-31,2016-01-27 16:04:59+00:00,totaloperatingexpenses,sgaexpense,"Selling, General & Admin Expense",+,debit,usd,90000000.0
CA Inc,CA,Y7ET3D9SDOFUZ515FE28,0000356028,2015.0,Q3,2014-10-01,2014-12-31,2016-01-27 16:04:59+00:00,totaloperatingexpenses,marketingexpense,Marketing Expense,+,debit,usd,283000000.0
CA Inc,CA,Y7ET3D9SDOFUZ515FE28,0000356028,2015.0,Q3,2014-10-01,2014-12-31,2016-01-27 16:04:59+00:00,totaloperatingexpenses,rdexpense,Research & Development Expense,+,debit,usd,143000000.0
CA Inc,CA,Y7ET3D9SDOFUZ515FE28,0000356028,2015.0,Q3,2014-10-01,2014-12-31,2016-01-27 16:04:59+00:00,totaloperatingexpenses,depreciationexpense,Depreciation Expense,+,debit,usd,31000000.0
CA Inc,CA,Y7ET3D9SDOFUZ515FE28,0000356028,2015.0,Q3,2014-10-01,2014-12-31,2016-01-27 16:04:59+00:00,totaloperatingexpenses,amortizationexpense,Amortization Expense,+,debit,usd,62000000.0
CA Inc,CA,Y7ET3D9SDOFUZ515FE28,0000356028,2015.0,Q3,2014-10-01,2014-12-31,2016-01-27 16:04:59+00:00,totaloperatingexpenses,otheroperatingexpenses,Other Operating Expenses / (Income),+,debit,usd,6000000.0
CA Inc,CA,Y7ET3D9SDOFUZ515FE28,0000356028,2015.0,Q3,2014-10-01,2014-12-31,2016-01-27 16:04:59+00:00,totaloperatingincome,totaloperatingexpenses,Total Operating Expenses,-,debit,usd,615000000.0
CA Inc,CA,Y7ET3D9SDOFUZ515FE28,0000356028,2015.0,Q3,2014-10-01,2014-12-31,2016-01-27 16:04:59+00:00,totalpretaxincome,totaloperatingincome,Total Operating Income,+,credit,usd,318000000.0
CA Inc,CA,Y7ET3D9SDOFUZ515FE28,0000356028,2015.0,Q3,2014-10-01,2014-12-31,2016-01-27 16:04:59+00:00,totalotherincome,totalinterestexpense,Interest Expense,-,debit,usd,12000000.0
CA Inc,CA,Y7ET3D9SDOFUZ515FE28,0000356028,2015.0,Q3,2014-10-01,2014-12-31,2016-01-27 16:04:59+00:00,totalpretaxincome,totalotherincome,"Total Other Income / (Expense), net",+,credit,usd,-12000000.0
CA Inc,CA,Y7ET3D9SDOFUZ515FE28,0000356028,2015.0,Q3,2014-10-01,2014-12-31,2016-01-27 16:04:59+00:00,netincomecontinuing,totalpretaxincome,Total Pre-Tax Income ,+,credit,usd,306000000.0
CA Inc,CA,Y7ET3D9SDOFUZ515FE28,0000356028,2015.0,Q3,2014-10-01,2014-12-31,2016-01-27 16:04:59+00:00,netincomecontinuing,incometaxexpense,Income Tax Expense,-,debit,usd,88000000.0
CA Inc,CA,Y7ET3D9SDOFUZ515FE28,0000356028,2015.0,Q3,2014-10-01,2014-12-31,2016-01-27 16:04:59+00:00,netincome,netincomecontinuing,Net Income / (Loss) Continuing Operations,+,credit,usd,218000000.0
CA Inc,CA,Y7ET3D9SDOFUZ515FE28,0000356028,2015.0,Q3,2014-10-01,2014-12-31,2016-01-27 16:04:59+00:00,netincome,netincomediscontinued,Net Income / (Loss) Discontinued Operations,+,credit,usd,4000000.0
CA Inc,CA,Y7ET3D9SDOFUZ515FE28,0000356028,2015.0,Q3,2014-10-01,2014-12-31,2016-01-27 16:04:59+00:00,netincometocommon,netincome,Consolidated Net Income / (Loss),+,credit,usd,222000000.0
CA Inc,CA,Y7ET3D9SDOFUZ515FE28,0000356028,2015.0,Q3,2014-10-01,2014-12-31,2016-01-27 16:04:59+00:00,,netincometocommon,Net Income / (Loss) Attributable to Common Shareholders,=,credit,usd,222000000.0
CA Inc,CA,Y7ET3D9SDOFUZ515FE28,0000356028,2015.0,Q3,2014-10-01,2014-12-31,2016-01-27 16:04:59+00:00,basiceps,weightedavebasicsharesos,Weighted Average Basic Shares Outstanding,/,,shares,440000000.0
CA Inc,CA,Y7ET3D9SDOFUZ515FE28,0000356028,2015.0,Q3,2014-10-01,2014-12-31,2016-01-27 16:04:59+00:00,,basiceps,Basic Earnings per Share,=,,usdpershare,0.5
CA Inc,CA,Y7ET3D9SDOFUZ515FE28,0000356028,2015.0,Q3,2014-10-01,2014-12-31,2016-01-27 16:04:59+00:00,dilutedeps,weightedavedilutedsharesos,Weighted Average Diluted Shares Outstanding,/,,shares,441000000.0
CA Inc,CA,Y7ET3D9SDOFUZ515FE28,0000356028,2015.0,Q3,2014-10-01,2014-12-31,2016-01-27 16:04:59+00:00,,dilutedeps,Diluted Earnings per Share,=,,usdpershare,0.5
CA Inc,CA,Y7ET3D9SDOFUZ515FE28,0000356028,2015.0,Q3,2014-10-01,2014-12-31,2016-01-27 16:04:59+00:00,basicdilutedeps,weightedavebasicdilutedsharesos,Weighted Average Basic & Diluted Shares Outstanding,/,,shares,444000000.0
CA Inc,CA,Y7ET3D9SDOFUZ515FE28,0000356028,2015.0,Q3,2014-10-01,2014-12-31,2016-01-27 16:04:59+00:00,,basicdilutedeps,Basic & Diluted Earnings per Share,=,,usdpershare,0.5
CA Inc,CA,Y7ET3D9SDOFUZ515FE28,0000356028,2015.0,Q3,2014-10-01,2014-12-31,2016-01-27 16:04:59+00:00,,cashdividendspershare,Cash Dividends to Common per Share,=,,usdpershare,0.25
CA Inc,CA,Y7ET3D9SDOFUZ515FE28,0000356028,2015.0,Q3YTD,2014-04-01,2014-12-31,,totalrevenue,operatingrevenue,Operating Revenue,+,credit,usd,2977000000.0
CA Inc,CA,Y7ET3D9SDOFUZ515FE28,0000356028,2015.0,Q3YTD,2014-04-01,2014-12-31,,totalrevenue,otherrevenue,Other Revenue,+,credit,usd,262000000.0
CA Inc,CA,Y7ET3D9SDOFUZ515FE28,0000356028,2015.0,Q3YTD,2014-04-01,2014-12-31,,totalgrossprofit,totalrevenue,Total Revenue,+,credit,usd,3239000000.0
CA Inc,CA,Y7ET3D9SDOFUZ515FE28,0000356028,2015.0,Q3YTD,2014-04-01,2014-12-31,,totalcostofrevenue,operatingcostofrevenue,Operating Cost of Revenue,+,debit,usd,470000000.0
CA Inc,CA,Y7ET3D9SDOFUZ515FE28,0000356028,2015.0,Q3YTD,2014-04-01,2014-12-31,,totalgrossprofit,totalcostofrevenue,Total Cost of Revenue,-,debit,usd,470000000.0
CA Inc,CA,Y7ET3D9SDOFUZ515FE28,0000356028,2015.0,Q3YTD,2014-04-01,2014-12-31,,totaloperatingincome,totalgrossprofit,Total Gross Profit,+,credit,usd,2769000000.0
CA Inc,CA,Y7ET3D9SDOFUZ515FE28,0000356028,2015.0,Q3YTD,2014-04-01,2014-12-31,,totaloperatingexpenses,sgaexpense,"Selling, General & Admin Expense",+,debit,usd,269000000.0
CA Inc,CA,Y7ET3D9SDOFUZ515FE28,0000356028,2015.0,Q3YTD,2014-04-01,2014-12-31,,totaloperatingexpenses,marketingexpense,Marketing Expense,+,debit,usd,782000000.0
CA Inc,CA,Y7ET3D9SDOFUZ515FE28,0000356028,2015.0,Q3YTD,2014-04-01,2014-12-31,,totaloperatingexpenses,rdexpense,Research & Development Expense,+,debit,usd,443000000.0
CA Inc,CA,Y7ET3D9SDOFUZ515FE28,0000356028,2015.0,Q3YTD,2014-04-01,2014-12-31,,totaloperatingexpenses,depreciationexpense,Depreciation Expense,+,debit,usd,99000000.0
CA Inc,CA,Y7ET3D9SDOFUZ515FE28,0000356028,2015.0,Q3YTD,2014-04-01,2014-12-31,,totaloperatingexpenses,amortizationexpense,Amortization Expense,+,debit,usd,204000000.0
CA Inc,CA,Y7ET3D9SDOFUZ515FE28,0000356028,2015.0,Q3YTD,2014-04-01,2014-12-31,,totaloperatingexpenses,otheroperatingexpenses,Other Operating Expenses / (Income),+,debit,usd,21000000.0
CA Inc,CA,Y7ET3D9SDOFUZ515FE28,0000356028,2015.0,Q3YTD,2014-04-01,2014-12-31,,totaloperatingincome,totaloperatingexpenses,Total Operating Expenses,-,debit,usd,1818000000.0
CA Inc,CA,Y7ET3D9SDOFUZ515FE28,0000356028,2015.0,Q3YTD,2014-04-01,2014-12-31,,totalpretaxincome,totaloperatingincome,Total Operating Income,+,credit,usd,951000000.0
CA Inc,CA,Y7ET3D9SDOFUZ515FE28,0000356028,2015.0,Q3YTD,2014-04-01,2014-12-31,,totalotherincome,totalinterestexpense,Interest Expense,-,debit,usd,38000000.0
CA Inc,CA,Y7ET3D9SDOFUZ515FE28,0000356028,2015.0,Q3YTD,2014-04-01,2014-12-31,,totalpretaxincome,totalotherincome,"Total Other Income / (Expense), net",+,credit,usd,-38000000.0
CA Inc,CA,Y7ET3D9SDOFUZ515FE28,0000356028,2015.0,Q3YTD,2014-04-01,2014-12-31,,netincomecontinuing,totalpretaxincome,Total Pre-Tax Income ,+,credit,usd,913000000.0
CA Inc,CA,Y7ET3D9SDOFUZ515FE28,0000356028,2015.0,Q3YTD,2014-04-01,2014-12-31,,netincomecontinuing,incometaxexpense,Income Tax Expense,-,debit,usd,248000000.0
CA Inc,CA,Y7ET3D9SDOFUZ515FE28,0000356028,2015.0,Q3YTD,2014-04-01,2014-12-31,,netincome,netincomecontinuing,Net Income / (Loss) Continuing Operations,+,credit,usd,665000000.0
CA Inc,CA,Y7ET3D9SDOFUZ515FE28,0000356028,2015.0,Q3YTD,2014-04-01,2014-12-31,,netincome,netincomediscontinued,Net Income / (Loss) Discontinued Operations,+,credit,usd,30000000.0
CA Inc,CA,Y7ET3D9SDOFUZ515FE28,0000356028,2015.0,Q3YTD,2014-04-01,2014-12-31,,netincometocommon,netincome,Consolidated Net Income / (Loss),+,credit,usd,695000000.0
CA Inc,CA,Y7ET3D9SDOFUZ515FE28,0000356028,2015.0,Q3YTD,2014-04-01,2014-12-31,,,netincometocommon,Net Income / (Loss) Attributable to Common Shareholders,=,credit,usd,695000000.0
CA Inc,CA,Y7ET3D9SDOFUZ515FE28,0000356028,2015.0,Q3YTD,2014-04-01,2014-12-31,,basiceps,weightedavebasicsharesos,Weighted Average Basic Shares Outstanding,/,,shares,440000000.0
CA Inc,CA,Y7ET3D9SDOFUZ515FE28,0000356028,2015.0,Q3YTD,2014-04-01,2014-12-31,,,basiceps,Basic Earnings per Share,=,,usdpershare,1.57
CA Inc,CA,Y7ET3D9SDOFUZ515FE28,0000356028,2015.0,Q3YTD,2014-04-01,2014-12-31,,dilutedeps,weightedavedilutedsharesos,Weighted Average Diluted Shares Outstanding,/,,shares,441000000.0
CA Inc,CA,Y7ET3D9SDOFUZ515FE28,0000356028,2015.0,Q3YTD,2014-04-01,2014-12-31,,,dilutedeps,Diluted Earnings per Share,=,,usdpershare,1.57
CA Inc,CA,Y7ET3D9SDOFUZ515FE28,0000356028,2015.0,Q3YTD,2014-04-01,2014-12-31,,basicdilutedeps,weightedavebasicdilutedsharesos,Weighted Average Basic & Diluted Shares Outstanding,/,,shares,444000000.0
CA Inc,CA,Y7ET3D9SDOFUZ515FE28,0000356028,2015.0,Q3YTD,2014-04-01,2014-12-31,,,basicdilutedeps,Basic & Diluted Earnings per Share,=,,usdpershare,1.57
CA Inc,CA,Y7ET3D9SDOFUZ515FE28,0000356028,2015.0,Q3YTD,2014-04-01,2014-12-31,,,cashdividendspershare,Cash Dividends to Common per Share,=,,usdpershare,0.75
CA Inc,CA,Y7ET3D9SDOFUZ515FE28,0000356028,2015.0,Q3TTM,2014-01-01,2014-12-31,,totalrevenue,operatingrevenue,Operating Revenue,+,credit,usd,3910000000.0
CA Inc,CA,Y7ET3D9SDOFUZ515FE28,0000356028,2015.0,Q3TTM,2014-01-01,2014-12-31,,totalrevenue,otherrevenue,Other Revenue,+,credit,usd,310000000.0
CA Inc,CA,Y7ET3D9SDOFUZ515FE28,0000356028,2015.0,Q3TTM,2014-01-01,2014-12-31,,totalgrossprofit,totalrevenue,Total Revenue,+,credit,usd,4220000000.0
CA Inc,CA,Y7ET3D9SDOFUZ515FE28,0000356028,2015.0,Q3TTM,2014-01-01,2014-12-31,,totalcostofrevenue,operatingcostofrevenue,Operating Cost of Revenue,+,debit,usd,632000000.0
CA Inc,CA,Y7ET3D9SDOFUZ515FE28,0000356028,2015.0,Q3TTM,2014-01-01,2014-12-31,,totalgrossprofit,totalcostofrevenue,Total Cost of Revenue,-,debit,usd,632000000.0
CA Inc,CA,Y7ET3D9SDOFUZ515FE28,0000356028,2015.0,Q3TTM,2014-01-01,2014-12-31,,totaloperatingincome,totalgrossprofit,Total Gross Profit,+,credit,usd,3588000000.0
CA Inc,CA,Y7ET3D9SDOFUZ515FE28,0000356028,2015.0,Q3TTM,2014-01-01,2014-12-31,,totaloperatingexpenses,sgaexpense,"Selling, General & Admin Expense",+,debit,usd,387000000.0
CA Inc,CA,Y7ET3D9SDOFUZ515FE28,0000356028,2015.0,Q3TTM,2014-01-01,2014-12-31,,totaloperatingexpenses,marketingexpense,Marketing Expense,+,debit,usd,1052000000.0
CA Inc,CA,Y7ET3D9SDOFUZ515FE28,0000356028,2015.0,Q3TTM,2014-01-01,2014-12-31,,totaloperatingexpenses,rdexpense,Research & Development Expense,+,debit,usd,588000000.0
CA Inc,CA,Y7ET3D9SDOFUZ515FE28,0000356028,2015.0,Q3TTM,2014-01-01,2014-12-31,,totaloperatingexpenses,depreciationexpense,Depreciation Expense,+,debit,usd,130000000.0
CA Inc,CA,Y7ET3D9SDOFUZ515FE28,0000356028,2015.0,Q3TTM,2014-01-01,2014-12-31,,totaloperatingexpenses,amortizationexpense,Amortization Expense,+,debit,usd,261000000.0
CA Inc,CA,Y7ET3D9SDOFUZ515FE28,0000356028,2015.0,Q3TTM,2014-01-01,2014-12-31,,totaloperatingexpenses,otheroperatingexpenses,Other Operating Expenses / (Income),+,debit,usd,226000000.0
CA Inc,CA,Y7ET3D9SDOFUZ515FE28,0000356028,2015.0,Q3TTM,2014-01-01,2014-12-31,,totaloperatingexpenses,otherspecialcharges,Other Special Charges / (Income),+,debit,usd,-156000000.0
CA Inc,CA,Y7ET3D9SDOFUZ515FE28,0000356028,2015.0,Q3TTM,2014-01-01,2014-12-31,,totaloperatingincome,totaloperatingexpenses,Total Operating Expenses,-,debit,usd,2488000000.0
CA Inc,CA,Y7ET3D9SDOFUZ515FE28,0000356028,2015.0,Q3TTM,2014-01-01,2014-12-31,,totalpretaxincome,totaloperatingincome,Total Operating Income,+,credit,usd,1100000000.0
CA Inc,CA,Y7ET3D9SDOFUZ515FE28,0000356028,2015.0,Q3TTM,2014-01-01,2014-12-31,,totalotherincome,totalinterestexpense,Interest Expense,-,debit,usd,53000000.0
CA Inc,CA,Y7ET3D9SDOFUZ515FE28,0000356028,2015.0,Q3TTM,2014-01-01,2014-12-31,,totalpretaxincome,totalotherincome,"Total Other Income / (Expense), net",+,credit,usd,-53000000.0
CA Inc,CA,Y7ET3D9SDOFUZ515FE28,0000356028,2015.0,Q3TTM,2014-01-01,2014-12-31,,netincomecontinuing,totalpretaxincome,Total Pre-Tax Income ,+,credit,usd,1047000000.0
CA Inc,CA,Y7ET3D9SDOFUZ515FE28,0000356028,2015.0,Q3TTM,2014-01-01,2014-12-31,,netincomecontinuing,incometaxexpense,Income Tax Expense,-,debit,usd,302000000.0
CA Inc,CA,Y7ET3D9SDOFUZ515FE28,0000356028,2015.0,Q3TTM,2014-01-01,2014-12-31,,netincome,netincomecontinuing,Net Income / (Loss) Continuing Operations,+,credit,usd,745000000.0
CA Inc,CA,Y7ET3D9SDOFUZ515FE28,0000356028,2015.0,Q3TTM,2014-01-01,2014-12-31,,netincome,netincomediscontinued,Net Income / (Loss) Discontinued Operations,+,credit,usd,57000000.0
CA Inc,CA,Y7ET3D9SDOFUZ515FE28,0000356028,2015.0,Q3TTM,2014-01-01,2014-12-31,,netincometocommon,netincome,Consolidated Net Income / (Loss),+,credit,usd,802000000.0
CA Inc,CA,Y7ET3D9SDOFUZ515FE28,0000356028,2015.0,Q3TTM,2014-01-01,2014-12-31,,,netincometocommon,Net Income / (Loss) Attributable to Common Shareholders,=,credit,usd,802000000.0
CA Inc,CA,Y7ET3D9SDOFUZ515FE28,0000356028,2015.0,Q3TTM,2014-01-01,2014-12-31,,basiceps,weightedavebasicsharesos,Weighted Average Basic Shares Outstanding,/,,shares,440000000.0
CA Inc,CA,Y7ET3D9SDOFUZ515FE28,0000356028,2015.0,Q3TTM,2014-01-01,2014-12-31,,,basiceps,Basic Earnings per Share,=,,usdpershare,1.81
CA Inc,CA,Y7ET3D9SDOFUZ515FE28,0000356028,2015.0,Q3TTM,2014-01-01,2014-12-31,,dilutedeps,weightedavedilutedsharesos,Weighted Average Diluted Shares Outstanding,/,,shares,441000000.0
CA Inc,CA,Y7ET3D9SDOFUZ515FE28,0000356028,2015.0,Q3TTM,2014-01-01,2014-12-31,,,dilutedeps,Diluted Earnings per Share,=,,usdpershare,1.82
CA Inc,CA,Y7ET3D9SDOFUZ515FE28,0000356028,2015.0,Q3TTM,2014-01-01,2014-12-31,,basicdilutedeps,weightedavebasicdilutedsharesos,Weighted Average Basic & Diluted Shares Outstanding,/,,shares,444000000.0
CA Inc,CA,Y7ET3D9SDOFUZ515FE28,0000356028,2015.0,Q3TTM,2014-01-01,2014-12-31,,,basicdilutedeps,Basic & Diluted Earnings per Share,=,,usdpershare,1.81
CA Inc,CA,Y7ET3D9SDOFUZ515FE28,0000356028,2015.0,Q2,2014-07-01,2014-09-30,2015-10-22 16:29:30+00:00,totalrevenue,operatingrevenue,Operating Revenue,+,credit,usd,999000000.0
CA Inc,CA,Y7ET3D9SDOFUZ515FE28,0000356028,2015.0,Q2,2014-07-01,2014-09-30,2015-10-22 16:29:30+00:00,totalrevenue,otherrevenue,Other Revenue,+,credit,usd,80000000.0
CA Inc,CA,Y7ET3D9SDOFUZ515FE28,0000356028,2015.0,Q2,2014-07-01,2014-09-30,2015-10-22 16:29:30+00:00,totalgrossprofit,totalrevenue,Total Revenue,+,credit,usd,1079000000.0
CA Inc,CA,Y7ET3D9SDOFUZ515FE28,0000356028,2015.0,Q2,2014-07-01,2014-09-30,2015-10-22 16:29:30+00:00,totalcostofrevenue,operatingcostofrevenue,Operating Cost of Revenue,+,debit,usd,159000000.0
CA Inc,CA,Y7ET3D9SDOFUZ515FE28,0000356028,2015.0,Q2,2014-07-01,2014-09-30,2015-10-22 16:29:30+00:00,totalgrossprofit,totalcostofrevenue,Total Cost of Revenue,-,debit,usd,159000000.0
CA Inc,CA,Y7ET3D9SDOFUZ515FE28,0000356028,2015.0,Q2,2014-07-01,2014-09-30,2015-10-22 16:29:30+00:00,totaloperatingincome,totalgrossprofit,Total Gross Profit,+,credit,usd,920000000.0
CA Inc,CA,Y7ET3D9SDOFUZ515FE28,0000356028,2015.0,Q2,2014-07-01,2014-09-30,2015-10-22 16:29:30+00:00,totaloperatingexpenses,sgaexpense,"Selling, General & Admin Expense",+,debit,usd,87000000.0
CA Inc,CA,Y7ET3D9SDOFUZ515FE28,0000356028,2015.0,Q2,2014-07-01,2014-09-30,2015-10-22 16:29:30+00:00,totaloperatingexpenses,marketingexpense,Marketing Expense,+,debit,usd,253000000.0
CA Inc,CA,Y7ET3D9SDOFUZ515FE28,0000356028,2015.0,Q2,2014-07-01,2014-09-30,2015-10-22 16:29:30+00:00,totaloperatingexpenses,rdexpense,Research & Development Expense,+,debit,usd,150000000.0
CA Inc,CA,Y7ET3D9SDOFUZ515FE28,0000356028,2015.0,Q2,2014-07-01,2014-09-30,2015-10-22 16:29:30+00:00,totaloperatingexpenses,depreciationexpense,Depreciation Expense,+,debit,usd,34000000.0
CA Inc,CA,Y7ET3D9SDOFUZ515FE28,0000356028,2015.0,Q2,2014-07-01,2014-09-30,2015-10-22 16:29:30+00:00,totaloperatingexpenses,amortizationexpense,Amortization Expense,+,debit,usd,75000000.0
CA Inc,CA,Y7ET3D9SDOFUZ515FE28,0000356028,2015.0,Q2,2014-07-01,2014-09-30,2015-10-22 16:29:30+00:00,totaloperatingexpenses,otheroperatingexpenses,Other Operating Expenses / (Income),+,debit,usd,1000000.0
CA Inc,CA,Y7ET3D9SDOFUZ515FE28,0000356028,2015.0,Q2,2014-07-01,2014-09-30,2015-10-22 16:29:30+00:00,totaloperatingincome,totaloperatingexpenses,Total Operating Expenses,-,debit,usd,600000000.0
CA Inc,CA,Y7ET3D9SDOFUZ515FE28,0000356028,2015.0,Q2,2014-07-01,2014-09-30,2015-10-22 16:29:30+00:00,totalpretaxincome,totaloperatingincome,Total Operating Income,+,credit,usd,320000000.0
CA Inc,CA,Y7ET3D9SDOFUZ515FE28,0000356028,2015.0,Q2,2014-07-01,2014-09-30,2015-10-22 16:29:30+00:00,totalotherincome,totalinterestexpense,Interest Expense,-,debit,usd,12000000.0
CA Inc,CA,Y7ET3D9SDOFUZ515FE28,0000356028,2015.0,Q2,2014-07-01,2014-09-30,2015-10-22 16:29:30+00:00,totalpretaxincome,totalotherincome,"Total Other Income / (Expense), net",+,credit,usd,-12000000.0
CA Inc,CA,Y7ET3D9SDOFUZ515FE28,0000356028,2015.0,Q2,2014-07-01,2014-09-30,2015-10-22 16:29:30+00:00,netincomecontinuing,totalpretaxincome,Total Pre-Tax Income ,+,credit,usd,308000000.0
CA Inc,CA,Y7ET3D9SDOFUZ515FE28,0000356028,2015.0,Q2,2014-07-01,2014-09-30,2015-10-22 16:29:30+00:00,netincomecontinuing,incometaxexpense,Income Tax Expense,-,debit,usd,73000000.0
CA Inc,CA,Y7ET3D9SDOFUZ515FE28,0000356028,2015.0,Q2,2014-07-01,2014-09-30,2015-10-22 16:29:30+00:00,netincome,netincomecontinuing,Net Income / (Loss) Continuing Operations,+,credit,usd,235000000.0
CA Inc,CA,Y7ET3D9SDOFUZ515FE28,0000356028,2015.0,Q2,2014-07-01,2014-09-30,2015-10-22 16:29:30+00:00,netincome,netincomediscontinued,Net Income / (Loss) Discontinued Operations,+,credit,usd,21000000.0
CA Inc,CA,Y7ET3D9SDOFUZ515FE28,0000356028,2015.0,Q2,2014-07-01,2014-09-30,2015-10-22 16:29:30+00:00,netincometocommon,netincome,Consolidated Net Income / (Loss),+,credit,usd,256000000.0
CA Inc,CA,Y7ET3D9SDOFUZ515FE28,0000356028,2015.0,Q2,2014-07-01,2014-09-30,2015-10-22 16:29:30+00:00,,netincometocommon,Net Income / (Loss) Attributable to Common Shareholders,=,credit,usd,256000000.0
CA Inc,CA,Y7ET3D9SDOFUZ515FE28,0000356028,2015.0,Q2,2014-07-01,2014-09-30,2015-10-22 16:29:30+00:00,basiceps,weightedavebasicsharesos,Weighted Average Basic Shares Outstanding,/,,shares,440000000.0
CA Inc,CA,Y7ET3D9SDOFUZ515FE28,0000356028,2015.0,Q2,2014-07-01,2014-09-30,2015-10-22 16:29:30+00:00,,basiceps,Basic Earnings per Share,=,,usdpershare,0.58
CA Inc,CA,Y7ET3D9SDOFUZ515FE28,0000356028,2015.0,Q2,2014-07-01,2014-09-30,2015-10-22 16:29:30+00:00,dilutedeps,weightedavedilutedsharesos,Weighted Average Diluted Shares Outstanding,/,,shares,441000000.0
CA Inc,CA,Y7ET3D9SDOFUZ515FE28,0000356028,2015.0,Q2,2014-07-01,2014-09-30,2015-10-22 16:29:30+00:00,,dilutedeps,Diluted Earnings per Share,=,,usdpershare,0.58
CA Inc,CA,Y7ET3D9SDOFUZ515FE28,0000356028,2015.0,Q2,2014-07-01,2014-09-30,2015-10-22 16:29:30+00:00,basicdilutedeps,weightedavebasicdilutedsharesos,Weighted Average Basic & Diluted Shares Outstanding,/,,shares,441400000.0
CA Inc,CA,Y7ET3D9SDOFUZ515FE28,0000356028,2015.0,Q2,2014-07-01,2014-09-30,2015-10-22 16:29:30+00:00,,basicdilutedeps,Basic & Diluted Earnings per Share,=,,usdpershare,0.58
CA Inc,CA,Y7ET3D9SDOFUZ515FE28,0000356028,2015.0,Q2,2014-07-01,2014-09-30,2015-10-22 16:29:30+00:00,,cashdividendspershare,Cash Dividends to Common per Share,=,,usdpershare,0.25
CA Inc,CA,Y7ET3D9SDOFUZ515FE28,0000356028,2015.0,Q2YTD,2014-04-01,2014-09-30,,totalrevenue,operatingrevenue,Operating Revenue,+,credit,usd,1995000000.0
CA Inc,CA,Y7ET3D9SDOFUZ515FE28,0000356028,2015.0,Q2YTD,2014-04-01,2014-09-30,,totalrevenue,otherrevenue,Other Revenue,+,credit,usd,153000000.0
CA Inc,CA,Y7ET3D9SDOFUZ515FE28,0000356028,2015.0,Q2YTD,2014-04-01,2014-09-30,,totalgrossprofit,totalrevenue,Total Revenue,+,credit,usd,2148000000.0
CA Inc,CA,Y7ET3D9SDOFUZ515FE28,0000356028,2015.0,Q2YTD,2014-04-01,2014-09-30,,totalcostofrevenue,operatingcostofrevenue,Operating Cost of Revenue,+,debit,usd,312000000.0
CA Inc,CA,Y7ET3D9SDOFUZ515FE28,0000356028,2015.0,Q2YTD,2014-04-01,2014-09-30,,totalgrossprofit,totalcostofrevenue,Total Cost of Revenue,-,debit,usd,312000000.0
CA Inc,CA,Y7ET3D9SDOFUZ515FE28,0000356028,2015.0,Q2YTD,2014-04-01,2014-09-30,,totaloperatingincome,totalgrossprofit,Total Gross Profit,+,credit,usd,1836000000.0
CA Inc,CA,Y7ET3D9SDOFUZ515FE28,0000356028,2015.0,Q2YTD,2014-04-01,2014-09-30,,totaloperatingexpenses,sgaexpense,"Selling, General & Admin Expense",+,debit,usd,179000000.0
CA Inc,CA,Y7ET3D9SDOFUZ515FE28,0000356028,2015.0,Q2YTD,2014-04-01,2014-09-30,,totaloperatingexpenses,marketingexpense,Marketing Expense,+,debit,usd,499000000.0
CA Inc,CA,Y7ET3D9SDOFUZ515FE28,0000356028,2015.0,Q2YTD,2014-04-01,2014-09-30,,totaloperatingexpenses,rdexpense,Research & Development Expense,+,debit,usd,300000000.0
CA Inc,CA,Y7ET3D9SDOFUZ515FE28,0000356028,2015.0,Q2YTD,2014-04-01,2014-09-30,,totaloperatingexpenses,depreciationexpense,Depreciation Expense,+,debit,usd,68000000.0
CA Inc,CA,Y7ET3D9SDOFUZ515FE28,0000356028,2015.0,Q2YTD,2014-04-01,2014-09-30,,totaloperatingexpenses,amortizationexpense,Amortization Expense,+,debit,usd,142000000.0
CA Inc,CA,Y7ET3D9SDOFUZ515FE28,0000356028,2015.0,Q2YTD,2014-04-01,2014-09-30,,totaloperatingexpenses,otheroperatingexpenses,Other Operating Expenses / (Income),+,debit,usd,15000000.0
CA Inc,CA,Y7ET3D9SDOFUZ515FE28,0000356028,2015.0,Q2YTD,2014-04-01,2014-09-30,,totaloperatingincome,totaloperatingexpenses,Total Operating Expenses,-,debit,usd,1203000000.0
CA Inc,CA,Y7ET3D9SDOFUZ515FE28,0000356028,2015.0,Q2YTD,2014-04-01,2014-09-30,,totalpretaxincome,totaloperatingincome,Total Operating Income,+,credit,usd,633000000.0
CA Inc,CA,Y7ET3D9SDOFUZ515FE28,0000356028,2015.0,Q2YTD,2014-04-01,2014-09-30,,totalotherincome,totalinterestexpense,Interest Expense,-,debit,usd,26000000.0
CA Inc,CA,Y7ET3D9SDOFUZ515FE28,0000356028,2015.0,Q2YTD,2014-04-01,2014-09-30,,totalpretaxincome,totalotherincome,"Total Other Income / (Expense), net",+,credit,usd,-26000000.0
CA Inc,CA,Y7ET3D9SDOFUZ515FE28,0000356028,2015.0,Q2YTD,2014-04-01,2014-09-30,,netincomecontinuing,totalpretaxincome,Total Pre-Tax Income ,+,credit,usd,607000000.0
CA Inc,CA,Y7ET3D9SDOFUZ515FE28,0000356028,2015.0,Q2YTD,2014-04-01,2014-09-30,,netincomecontinuing,incometaxexpense,Income Tax Expense,-,debit,usd,160000000.0
CA Inc,CA,Y7ET3D9SDOFUZ515FE28,0000356028,2015.0,Q2YTD,2014-04-01,2014-09-30,,netincome,netincomecontinuing,Net Income / (Loss) Continuing Operations,+,credit,usd,447000000.0
CA Inc,CA,Y7ET3D9SDOFUZ515FE28,0000356028,2015.0,Q2YTD,2014-04-01,2014-09-30,,netincome,netincomediscontinued,Net Income / (Loss) Discontinued Operations,+,credit,usd,26000000.0
CA Inc,CA,Y7ET3D9SDOFUZ515FE28,0000356028,2015.0,Q2YTD,2014-04-01,2014-09-30,,netincometocommon,netincome,Consolidated Net Income / (Loss),+,credit,usd,473000000.0
CA Inc,CA,Y7ET3D9SDOFUZ515FE28,0000356028,2015.0,Q2YTD,2014-04-01,2014-09-30,,,netincometocommon,Net Income / (Loss) Attributable to Common Shareholders,=,credit,usd,473000000.0
CA Inc,CA,Y7ET3D9SDOFUZ515FE28,0000356028,2015.0,Q2YTD,2014-04-01,2014-09-30,,basiceps,weightedavebasicsharesos,Weighted Average Basic Shares Outstanding,/,,shares,440000000.0
CA Inc,CA,Y7ET3D9SDOFUZ515FE28,0000356028,2015.0,Q2YTD,2014-04-01,2014-09-30,,,basiceps,Basic Earnings per Share,=,,usdpershare,1.07
CA Inc,CA,Y7ET3D9SDOFUZ515FE28,0000356028,2015.0,Q2YTD,2014-04-01,2014-09-30,,dilutedeps,weightedavedilutedsharesos,Weighted Average Diluted Shares Outstanding,/,,shares,441000000.0
CA Inc,CA,Y7ET3D9SDOFUZ515FE28,0000356028,2015.0,Q2YTD,2014-04-01,2014-09-30,,,dilutedeps,Diluted Earnings per Share,=,,usdpershare,1.07
CA Inc,CA,Y7ET3D9SDOFUZ515FE28,0000356028,2015.0,Q2YTD,2014-04-01,2014-09-30,,basicdilutedeps,weightedavebasicdilutedsharesos,Weighted Average Basic & Diluted Shares Outstanding,/,,shares,441400000.0
CA Inc,CA,Y7ET3D9SDOFUZ515FE28,0000356028,2015.0,Q2YTD,2014-04-01,2014-09-30,,,basicdilutedeps,Basic & Diluted Earnings per Share,=,,usdpershare,1.07
CA Inc,CA,Y7ET3D9SDOFUZ515FE28,0000356028,2015.0,Q2YTD,2014-04-01,2014-09-30,,,cashdividendspershare,Cash Dividends to Common per Share,=,,usdpershare,0.5
CA Inc,CA,Y7ET3D9SDOFUZ515FE28,0000356028,2015.0,Q2TTM,2013-10-01,2014-09-30,,totalrevenue,operatingrevenue,Operating Revenue,+,credit,usd,3973000000.0
CA Inc,CA,Y7ET3D9SDOFUZ515FE28,0000356028,2015.0,Q2TTM,2013-10-01,2014-09-30,,totalrevenue,otherrevenue,Other Revenue,+,credit,usd,319000000.0
CA Inc,CA,Y7ET3D9SDOFUZ515FE28,0000356028,2015.0,Q2TTM,2013-10-01,2014-09-30,,totalgrossprofit,totalrevenue,Total Revenue,+,credit,usd,4292000000.0
CA Inc,CA,Y7ET3D9SDOFUZ515FE28,0000356028,2015.0,Q2TTM,2013-10-01,2014-09-30,,totalcostofrevenue,operatingcostofrevenue,Operating Cost of Revenue,+,debit,usd,641000000.0
CA Inc,CA,Y7ET3D9SDOFUZ515FE28,0000356028,2015.0,Q2TTM,2013-10-01,2014-09-30,,totalgrossprofit,totalcostofrevenue,Total Cost of Revenue,-,debit,usd,641000000.0
CA Inc,CA,Y7ET3D9SDOFUZ515FE28,0000356028,2015.0,Q2TTM,2013-10-01,2014-09-30,,totaloperatingincome,totalgrossprofit,Total Gross Profit,+,credit,usd,3651000000.0
CA Inc,CA,Y7ET3D9SDOFUZ515FE28,0000356028,2015.0,Q2TTM,2013-10-01,2014-09-30,,totaloperatingexpenses,sgaexpense,"Selling, General & Admin Expense",+,debit,usd,392000000.0
CA Inc,CA,Y7ET3D9SDOFUZ515FE28,0000356028,2015.0,Q2TTM,2013-10-01,2014-09-30,,totaloperatingexpenses,marketingexpense,Marketing Expense,+,debit,usd,1062000000.0
CA Inc,CA,Y7ET3D9SDOFUZ515FE28,0000356028,2015.0,Q2TTM,2013-10-01,2014-09-30,,totaloperatingexpenses,rdexpense,Research & Development Expense,+,debit,usd,594000000.0
CA Inc,CA,Y7ET3D9SDOFUZ515FE28,0000356028,2015.0,Q2TTM,2013-10-01,2014-09-30,,totaloperatingexpenses,depreciationexpense,Depreciation Expense,+,debit,usd,139000000.0
CA Inc,CA,Y7ET3D9SDOFUZ515FE28,0000356028,2015.0,Q2TTM,2013-10-01,2014-09-30,,totaloperatingexpenses,amortizationexpense,Amortization Expense,+,debit,usd,271000000.0
CA Inc,CA,Y7ET3D9SDOFUZ515FE28,0000356028,2015.0,Q2TTM,2013-10-01,2014-09-30,,totaloperatingexpenses,otheroperatingexpenses,Other Operating Expenses / (Income),+,debit,usd,220000000.0
CA Inc,CA,Y7ET3D9SDOFUZ515FE28,0000356028,2015.0,Q2TTM,2013-10-01,2014-09-30,,totaloperatingexpenses,otherspecialcharges,Other Special Charges / (Income),+,debit,usd,-143000000.0
CA Inc,CA,Y7ET3D9SDOFUZ515FE28,0000356028,2015.0,Q2TTM,2013-10-01,2014-09-30,,totaloperatingincome,totaloperatingexpenses,Total Operating Expenses,-,debit,usd,2535000000.0
CA Inc,CA,Y7ET3D9SDOFUZ515FE28,0000356028,2015.0,Q2TTM,2013-10-01,2014-09-30,,totalpretaxincome,totaloperatingincome,Total Operating Income,+,credit,usd,1116000000.0
CA Inc,CA,Y7ET3D9SDOFUZ515FE28,0000356028,2015.0,Q2TTM,2013-10-01,2014-09-30,,totalotherincome,totalinterestexpense,Interest Expense,-,debit,usd,56000000.0
CA Inc,CA,Y7ET3D9SDOFUZ515FE28,0000356028,2015.0,Q2TTM,2013-10-01,2014-09-30,,totalpretaxincome,totalotherincome,"Total Other Income / (Expense), net",+,credit,usd,-56000000.0
CA Inc,CA,Y7ET3D9SDOFUZ515FE28,0000356028,2015.0,Q2TTM,2013-10-01,2014-09-30,,netincomecontinuing,totalpretaxincome,Total Pre-Tax Income ,+,credit,usd,1060000000.0
CA Inc,CA,Y7ET3D9SDOFUZ515FE28,0000356028,2015.0,Q2TTM,2013-10-01,2014-09-30,,netincomecontinuing,incometaxexpense,Income Tax Expense,-,debit,usd,301000000.0
CA Inc,CA,Y7ET3D9SDOFUZ515FE28,0000356028,2015.0,Q2TTM,2013-10-01,2014-09-30,,netincome,netincomecontinuing,Net Income / (Loss) Continuing Operations,+,credit,usd,759000000.0
CA Inc,CA,Y7ET3D9SDOFUZ515FE28,0000356028,2015.0,Q2TTM,2013-10-01,2014-09-30,,netincome,netincomediscontinued,Net Income / (Loss) Discontinued Operations,+,credit,usd,53000000.0
CA Inc,CA,Y7ET3D9SDOFUZ515FE28,0000356028,2015.0,Q2TTM,2013-10-01,2014-09-30,,netincometocommon,netincome,Consolidated Net Income / (Loss),+,credit,usd,812000000.0
CA Inc,CA,Y7ET3D9SDOFUZ515FE28,0000356028,2015.0,Q2TTM,2013-10-01,2014-09-30,,,netincometocommon,Net Income / (Loss) Attributable to Common Shareholders,=,credit,usd,812000000.0
CA Inc,CA,Y7ET3D9SDOFUZ515FE28,0000356028,2015.0,Q2TTM,2013-10-01,2014-09-30,,basiceps,weightedavebasicsharesos,Weighted Average Basic Shares Outstanding,/,,shares,440000000.0
CA Inc,CA,Y7ET3D9SDOFUZ515FE28,0000356028,2015.0,Q2TTM,2013-10-01,2014-09-30,,,basiceps,Basic Earnings per Share,=,,usdpershare,1.83
CA Inc,CA,Y7ET3D9SDOFUZ515FE28,0000356028,2015.0,Q2TTM,2013-10-01,2014-09-30,,dilutedeps,weightedavedilutedsharesos,Weighted Average Diluted Shares Outstanding,/,,shares,441000000.0
CA Inc,CA,Y7ET3D9SDOFUZ515FE28,0000356028,2015.0,Q2TTM,2013-10-01,2014-09-30,,,dilutedeps,Diluted Earnings per Share,=,,usdpershare,1.83
CA Inc,CA,Y7ET3D9SDOFUZ515FE28,0000356028,2015.0,Q2TTM,2013-10-01,2014-09-30,,basicdilutedeps,weightedavebasicdilutedsharesos,Weighted Average Basic & Diluted Shares Outstanding,/,,shares,441400000.0
CA Inc,CA,Y7ET3D9SDOFUZ515FE28,0000356028,2015.0,Q2TTM,2013-10-01,2014-09-30,,,basicdilutedeps,Basic & Diluted Earnings per Share,=,,usdpershare,1.83
CA Inc,CA,Y7ET3D9SDOFUZ515FE28,0000356028,2015.0,Q1,2014-04-01,2014-06-30,2015-07-24 16:06:55+00:00,totalrevenue,operatingrevenue,Operating Revenue,+,credit,usd,996000000.0
CA Inc,CA,Y7ET3D9SDOFUZ515FE28,0000356028,2015.0,Q1,2014-04-01,2014-06-30,2015-07-24 16:06:55+00:00,totalrevenue,otherrevenue,Other Revenue,+,credit,usd,73000000.0
CA Inc,CA,Y7ET3D9SDOFUZ515FE28,0000356028,2015.0,Q1,2014-04-01,2014-06-30,2015-07-24 16:06:55+00:00,totalgrossprofit,totalrevenue,Total Revenue,+,credit,usd,1069000000.0
CA Inc,CA,Y7ET3D9SDOFUZ515FE28,0000356028,2015.0,Q1,2014-04-01,2014-06-30,2015-07-24 16:06:55+00:00,totalcostofrevenue,operatingcostofrevenue,Operating Cost of Revenue,+,debit,usd,153000000.0
CA Inc,CA,Y7ET3D9SDOFUZ515FE28,0000356028,2015.0,Q1,2014-04-01,2014-06-30,2015-07-24 16:06:55+00:00,totalgrossprofit,totalcostofrevenue,Total Cost of Revenue,-,debit,usd,153000000.0
CA Inc,CA,Y7ET3D9SDOFUZ515FE28,0000356028,2015.0,Q1,2014-04-01,2014-06-30,2015-07-24 16:06:55+00:00,totaloperatingincome,totalgrossprofit,Total Gross Profit,+,credit,usd,916000000.0
CA Inc,CA,Y7ET3D9SDOFUZ515FE28,0000356028,2015.0,Q1,2014-04-01,2014-06-30,2015-07-24 16:06:55+00:00,totaloperatingexpenses,sgaexpense,"Selling, General & Admin Expense",+,debit,usd,92000000.0
CA Inc,CA,Y7ET3D9SDOFUZ515FE28,0000356028,2015.0,Q1,2014-04-01,2014-06-30,2015-07-24 16:06:55+00:00,totaloperatingexpenses,marketingexpense,Marketing Expense,+,debit,usd,246000000.0
CA Inc,CA,Y7ET3D9SDOFUZ515FE28,0000356028,2015.0,Q1,2014-04-01,2014-06-30,2015-07-24 16:06:55+00:00,totaloperatingexpenses,rdexpense,Research & Development Expense,+,debit,usd,150000000.0
CA Inc,CA,Y7ET3D9SDOFUZ515FE28,0000356028,2015.0,Q1,2014-04-01,2014-06-30,2015-07-24 16:06:55+00:00,totaloperatingexpenses,depreciationexpense,Depreciation Expense,+,debit,usd,34000000.0
CA Inc,CA,Y7ET3D9SDOFUZ515FE28,0000356028,2015.0,Q1,2014-04-01,2014-06-30,2015-07-24 16:06:55+00:00,totaloperatingexpenses,amortizationexpense,Amortization Expense,+,debit,usd,67000000.0
CA Inc,CA,Y7ET3D9SDOFUZ515FE28,0000356028,2015.0,Q1,2014-04-01,2014-06-30,2015-07-24 16:06:55+00:00,totaloperatingexpenses,otheroperatingexpenses,Other Operating Expenses / (Income),+,debit,usd,14000000.0
CA Inc,CA,Y7ET3D9SDOFUZ515FE28,0000356028,2015.0,Q1,2014-04-01,2014-06-30,2015-07-24 16:06:55+00:00,totaloperatingincome,totaloperatingexpenses,Total Operating Expenses,-,debit,usd,603000000.0
CA Inc,CA,Y7ET3D9SDOFUZ515FE28,0000356028,2015.0,Q1,2014-04-01,2014-06-30,2015-07-24 16:06:55+00:00,totalpretaxincome,totaloperatingincome,Total Operating Income,+,credit,usd,313000000.0
CA Inc,CA,Y7ET3D9SDOFUZ515FE28,0000356028,2015.0,Q1,2014-04-01,2014-06-30,2015-07-24 16:06:55+00:00,totalotherincome,totalinterestexpense,Interest Expense,-,debit,usd,14000000.0
CA Inc,CA,Y7ET3D9SDOFUZ515FE28,0000356028,2015.0,Q1,2014-04-01,2014-06-30,2015-07-24 16:06:55+00:00,totalpretaxincome,totalotherincome,"Total Other Income / (Expense), net",+,credit,usd,-14000000.0
CA Inc,CA,Y7ET3D9SDOFUZ515FE28,0000356028,2015.0,Q1,2014-04-01,2014-06-30,2015-07-24 16:06:55+00:00,netincomecontinuing,totalpretaxincome,Total Pre-Tax Income ,+,credit,usd,299000000.0
CA Inc,CA,Y7ET3D9SDOFUZ515FE28,0000356028,2015.0,Q1,2014-04-01,2014-06-30,2015-07-24 16:06:55+00:00,netincomecontinuing,incometaxexpense,Income Tax Expense,-,debit,usd,87000000.0
CA Inc,CA,Y7ET3D9SDOFUZ515FE28,0000356028,2015.0,Q1,2014-04-01,2014-06-30,2015-07-24 16:06:55+00:00,netincome,netincomecontinuing,Net Income / (Loss) Continuing Operations,+,credit,usd,212000000.0
CA Inc,CA,Y7ET3D9SDOFUZ515FE28,0000356028,2015.0,Q1,2014-04-01,2014-06-30,2015-07-24 16:06:55+00:00,netincome,netincomediscontinued,Net Income / (Loss) Discontinued Operations,+,credit,usd,5000000.0
CA Inc,CA,Y7ET3D9SDOFUZ515FE28,0000356028,2015.0,Q1,2014-04-01,2014-06-30,2015-07-24 16:06:55+00:00,netincometocommon,netincome,Consolidated Net Income / (Loss),+,credit,usd,217000000.0
CA Inc,CA,Y7ET3D9SDOFUZ515FE28,0000356028,2015.0,Q1,2014-04-01,2014-06-30,2015-07-24 16:06:55+00:00,,netincometocommon,Net Income / (Loss) Attributable to Common Shareholders,=,credit,usd,217000000.0
CA Inc,CA,Y7ET3D9SDOFUZ515FE28,0000356028,2015.0,Q1,2014-04-01,2014-06-30,2015-07-24 16:06:55+00:00,basiceps,weightedavebasicsharesos,Weighted Average Basic Shares Outstanding,/,,shares,440000000.0
CA Inc,CA,Y7ET3D9SDOFUZ515FE28,0000356028,2015.0,Q1,2014-04-01,2014-06-30,2015-07-24 16:06:55+00:00,,basiceps,Basic Earnings per Share,=,,usdpershare,0.49
CA Inc,CA,Y7ET3D9SDOFUZ515FE28,0000356028,2015.0,Q1,2014-04-01,2014-06-30,2015-07-24 16:06:55+00:00,dilutedeps,weightedavedilutedsharesos,Weighted Average Diluted Shares Outstanding,/,,shares,441000000.0
CA Inc,CA,Y7ET3D9SDOFUZ515FE28,0000356028,2015.0,Q1,2014-04-01,2014-06-30,2015-07-24 16:06:55+00:00,,dilutedeps,Diluted Earnings per Share,=,,usdpershare,0.49
CA Inc,CA,Y7ET3D9SDOFUZ515FE28,0000356028,2015.0,Q1,2014-04-01,2014-06-30,2015-07-24 16:06:55+00:00,basicdilutedeps,weightedavebasicdilutedsharesos,Weighted Average Basic & Diluted Shares Outstanding,/,,shares,442900000.0
CA Inc,CA,Y7ET3D9SDOFUZ515FE28,0000356028,2015.0,Q1,2014-04-01,2014-06-30,2015-07-24 16:06:55+00:00,,basicdilutedeps,Basic & Diluted Earnings per Share,=,,usdpershare,0.49
CA Inc,CA,Y7ET3D9SDOFUZ515FE28,0000356028,2015.0,Q1,2014-04-01,2014-06-30,2015-07-24 16:06:55+00:00,,cashdividendspershare,Cash Dividends to Common per Share,=,,usdpershare,0.25
CA Inc,CA,Y7ET3D9SDOFUZ515FE28,0000356028,2015.0,Q1TTM,2013-07-01,2014-06-30,,totalrevenue,operatingrevenue,Operating Revenue,+,credit,usd,4016000000.0
CA Inc,CA,Y7ET3D9SDOFUZ515FE28,0000356028,2015.0,Q1TTM,2013-07-01,2014-06-30,,totalrevenue,otherrevenue,Other Revenue,+,credit,usd,337000000.0
CA Inc,CA,Y7ET3D9SDOFUZ515FE28,0000356028,2015.0,Q1TTM,2013-07-01,2014-06-30,,totalgrossprofit,totalrevenue,Total Revenue,+,credit,usd,4353000000.0
CA Inc,CA,Y7ET3D9SDOFUZ515FE28,0000356028,2015.0,Q1TTM,2013-07-01,2014-06-30,,totalcostofrevenue,operatingcostofrevenue,Operating Cost of Revenue,+,debit,usd,643000000.0
CA Inc,CA,Y7ET3D9SDOFUZ515FE28,0000356028,2015.0,Q1TTM,2013-07-01,2014-06-30,,totalgrossprofit,totalcostofrevenue,Total Cost of Revenue,-,debit,usd,643000000.0
CA Inc,CA,Y7ET3D9SDOFUZ515FE28,0000356028,2015.0,Q1TTM,2013-07-01,2014-06-30,,totaloperatingincome,totalgrossprofit,Total Gross Profit,+,credit,usd,3710000000.0
CA Inc,CA,Y7ET3D9SDOFUZ515FE28,0000356028,2015.0,Q1TTM,2013-07-01,2014-06-30,,totaloperatingexpenses,sgaexpense,"Selling, General & Admin Expense",+,debit,usd,396000000.0
CA Inc,CA,Y7ET3D9SDOFUZ515FE28,0000356028,2015.0,Q1TTM,2013-07-01,2014-06-30,,totaloperatingexpenses,marketingexpense,Marketing Expense,+,debit,usd,1069000000.0
CA Inc,CA,Y7ET3D9SDOFUZ515FE28,0000356028,2015.0,Q1TTM,2013-07-01,2014-06-30,,totaloperatingexpenses,rdexpense,Research & Development Expense,+,debit,usd,589000000.0
CA Inc,CA,Y7ET3D9SDOFUZ515FE28,0000356028,2015.0,Q1TTM,2013-07-01,2014-06-30,,totaloperatingexpenses,depreciationexpense,Depreciation Expense,+,debit,usd,142000000.0
CA Inc,CA,Y7ET3D9SDOFUZ515FE28,0000356028,2015.0,Q1TTM,2013-07-01,2014-06-30,,totaloperatingexpenses,amortizationexpense,Amortization Expense,+,debit,usd,269000000.0
CA Inc,CA,Y7ET3D9SDOFUZ515FE28,0000356028,2015.0,Q1TTM,2013-07-01,2014-06-30,,totaloperatingexpenses,otheroperatingexpenses,Other Operating Expenses / (Income),+,debit,usd,219000000.0
CA Inc,CA,Y7ET3D9SDOFUZ515FE28,0000356028,2015.0,Q1TTM,2013-07-01,2014-06-30,,totaloperatingexpenses,otherspecialcharges,Other Special Charges / (Income),+,debit,usd,-129000000.0
CA Inc,CA,Y7ET3D9SDOFUZ515FE28,0000356028,2015.0,Q1TTM,2013-07-01,2014-06-30,,totaloperatingincome,totaloperatingexpenses,Total Operating Expenses,-,debit,usd,2555000000.0
CA Inc,CA,Y7ET3D9SDOFUZ515FE28,0000356028,2015.0,Q1TTM,2013-07-01,2014-06-30,,totalpretaxincome,totaloperatingincome,Total Operating Income,+,credit,usd,1155000000.0
CA Inc,CA,Y7ET3D9SDOFUZ515FE28,0000356028,2015.0,Q1TTM,2013-07-01,2014-06-30,,totalotherincome,totalinterestexpense,Interest Expense,-,debit,usd,57000000.0
CA Inc,CA,Y7ET3D9SDOFUZ515FE28,0000356028,2015.0,Q1TTM,2013-07-01,2014-06-30,,totalpretaxincome,totalotherincome,"Total Other Income / (Expense), net",+,credit,usd,-57000000.0
CA Inc,CA,Y7ET3D9SDOFUZ515FE28,0000356028,2015.0,Q1TTM,2013-07-01,2014-06-30,,netincomecontinuing,totalpretaxincome,Total Pre-Tax Income ,+,credit,usd,1098000000.0
CA Inc,CA,Y7ET3D9SDOFUZ515FE28,0000356028,2015.0,Q1TTM,2013-07-01,2014-06-30,,netincomecontinuing,incometaxexpense,Income Tax Expense,-,debit,usd,334000000.0
CA Inc,CA,Y7ET3D9SDOFUZ515FE28,0000356028,2015.0,Q1TTM,2013-07-01,2014-06-30,,netincome,netincomecontinuing,Net Income / (Loss) Continuing Operations,+,credit,usd,764000000.0
CA Inc,CA,Y7ET3D9SDOFUZ515FE28,0000356028,2015.0,Q1TTM,2013-07-01,2014-06-30,,netincome,netincomediscontinued,Net Income / (Loss) Discontinued Operations,+,credit,usd,32000000.0
CA Inc,CA,Y7ET3D9SDOFUZ515FE28,0000356028,2015.0,Q1TTM,2013-07-01,2014-06-30,,netincometocommon,netincome,Consolidated Net Income / (Loss),+,credit,usd,796000000.0
CA Inc,CA,Y7ET3D9SDOFUZ515FE28,0000356028,2015.0,Q1TTM,2013-07-01,2014-06-30,,,netincometocommon,Net Income / (Loss) Attributable to Common Shareholders,=,credit,usd,796000000.0
CA Inc,CA,Y7ET3D9SDOFUZ515FE28,0000356028,2015.0,Q1TTM,2013-07-01,2014-06-30,,basiceps,weightedavebasicsharesos,Weighted Average Basic Shares Outstanding,/,,shares,440000000.0
CA Inc,CA,Y7ET3D9SDOFUZ515FE28,0000356028,2015.0,Q1TTM,2013-07-01,2014-06-30,,,basiceps,Basic Earnings per Share,=,,usdpershare,1.78
CA Inc,CA,Y7ET3D9SDOFUZ515FE28,0000356028,2015.0,Q1TTM,2013-07-01,2014-06-30,,dilutedeps,weightedavedilutedsharesos,Weighted Average Diluted Shares Outstanding,/,,shares,441000000.0
CA Inc,CA,Y7ET3D9SDOFUZ515FE28,0000356028,2015.0,Q1TTM,2013-07-01,2014-06-30,,,dilutedeps,Diluted Earnings per Share,=,,usdpershare,1.78
CA Inc,CA,Y7ET3D9SDOFUZ515FE28,0000356028,2015.0,Q1TTM,2013-07-01,2014-06-30,,basicdilutedeps,weightedavebasicdilutedsharesos,Weighted Average Basic & Diluted Shares Outstanding,/,,shares,442900000.0
CA Inc,CA,Y7ET3D9SDOFUZ515FE28,0000356028,2015.0,Q1TTM,2013-07-01,2014-06-30,,,basicdilutedeps,Basic & Diluted Earnings per Share,=,,usdpershare,1.78
CA Inc,CA,Y7ET3D9SDOFUZ515FE28,0000356028,2016.0,FY,2015-04-01,2016-03-31,2018-05-09 16:16:13+00:00,totalrevenue,operatingrevenue,Operating Revenue,+,credit,usd,3643000000.0
CA Inc,CA,Y7ET3D9SDOFUZ515FE28,0000356028,2016.0,FY,2015-04-01,2016-03-31,2018-05-09 16:16:13+00:00,totalrevenue,otherrevenue,Other Revenue,+,credit,usd,382000000.0
CA Inc,CA,Y7ET3D9SDOFUZ515FE28,0000356028,2016.0,FY,2015-04-01,2016-03-31,2018-05-09 16:16:13+00:00,totalgrossprofit,totalrevenue,Total Revenue,+,credit,usd,4025000000.0
CA Inc,CA,Y7ET3D9SDOFUZ515FE28,0000356028,2016.0,FY,2015-04-01,2016-03-31,2018-05-09 16:16:13+00:00,totalcostofrevenue,operatingcostofrevenue,Operating Cost of Revenue,+,debit,usd,583000000.0
CA Inc,CA,Y7ET3D9SDOFUZ515FE28,0000356028,2016.0,FY,2015-04-01,2016-03-31,2018-05-09 16:16:13+00:00,totalgrossprofit,totalcostofrevenue,Total Cost of Revenue,-,debit,usd,583000000.0
CA Inc,CA,Y7ET3D9SDOFUZ515FE28,0000356028,2016.0,FY,2015-04-01,2016-03-31,2018-05-09 16:16:13+00:00,totaloperatingincome,totalgrossprofit,Total Gross Profit,+,credit,usd,3442000000.0
CA Inc,CA,Y7ET3D9SDOFUZ515FE28,0000356028,2016.0,FY,2015-04-01,2016-03-31,2018-05-09 16:16:13+00:00,totaloperatingexpenses,sgaexpense,"Selling, General & Admin Expense",+,debit,usd,367000000.0
CA Inc,CA,Y7ET3D9SDOFUZ515FE28,0000356028,2016.0,FY,2015-04-01,2016-03-31,2018-05-09 16:16:13+00:00,totaloperatingexpenses,marketingexpense,Marketing Expense,+,debit,usd,1006000000.0
CA Inc,CA,Y7ET3D9SDOFUZ515FE28,0000356028,2016.0,FY,2015-04-01,2016-03-31,2018-05-09 16:16:13+00:00,totaloperatingexpenses,rdexpense,Research & Development Expense,+,debit,usd,560000000.0
CA Inc,CA,Y7ET3D9SDOFUZ515FE28,0000356028,2016.0,FY,2015-04-01,2016-03-31,2018-05-09 16:16:13+00:00,totaloperatingexpenses,depreciationexpense,Depreciation Expense,+,debit,usd,106000000.0
CA Inc,CA,Y7ET3D9SDOFUZ515FE28,0000356028,2016.0,FY,2015-04-01,2016-03-31,2018-05-09 16:16:13+00:00,totaloperatingexpenses,amortizationexpense,Amortization Expense,+,debit,usd,256000000.0
CA Inc,CA,Y7ET3D9SDOFUZ515FE28,0000356028,2016.0,FY,2015-04-01,2016-03-31,2018-05-09 16:16:13+00:00,totaloperatingexpenses,otheroperatingexpenses,Other Operating Expenses / (Income),+,debit,usd,12000000.0
CA Inc,CA,Y7ET3D9SDOFUZ515FE28,0000356028,2016.0,FY,2015-04-01,2016-03-31,2018-05-09 16:16:13+00:00,totaloperatingincome,totaloperatingexpenses,Total Operating Expenses,-,debit,usd,2307000000.0
CA Inc,CA,Y7ET3D9SDOFUZ515FE28,0000356028,2016.0,FY,2015-04-01,2016-03-31,2018-05-09 16:16:13+00:00,totalpretaxincome,totaloperatingincome,Total Operating Income,+,credit,usd,1135000000.0
CA Inc,CA,Y7ET3D9SDOFUZ515FE28,0000356028,2016.0,FY,2015-04-01,2016-03-31,2018-05-09 16:16:13+00:00,totalotherincome,totalinterestexpense,Interest Expense,-,debit,usd,51000000.0
CA Inc,CA,Y7ET3D9SDOFUZ515FE28,0000356028,2016.0,FY,2015-04-01,2016-03-31,2018-05-09 16:16:13+00:00,totalpretaxincome,totalotherincome,"Total Other Income / (Expense), net",+,credit,usd,-51000000.0
CA Inc,CA,Y7ET3D9SDOFUZ515FE28,0000356028,2016.0,FY,2015-04-01,2016-03-31,2018-05-09 16:16:13+00:00,netincomecontinuing,totalpretaxincome,Total Pre-Tax Income ,+,credit,usd,1084000000.0
CA Inc,CA,Y7ET3D9SDOFUZ515FE28,0000356028,2016.0,FY,2015-04-01,2016-03-31,2018-05-09 16:16:13+00:00,netincomecontinuing,incometaxexpense,Income Tax Expense,-,debit,usd,315000000.0
CA Inc,CA,Y7ET3D9SDOFUZ515FE28,0000356028,2016.0,FY,2015-04-01,2016-03-31,2018-05-09 16:16:13+00:00,netincome,netincomecontinuing,Net Income / (Loss) Continuing Operations,+,credit,usd,769000000.0
CA Inc,CA,Y7ET3D9SDOFUZ515FE28,0000356028,2016.0,FY,2015-04-01,2016-03-31,2018-05-09 16:16:13+00:00,netincome,netincomediscontinued,Net Income / (Loss) Discontinued Operations,+,credit,usd,14000000.0
CA Inc,CA,Y7ET3D9SDOFUZ515FE28,0000356028,2016.0,FY,2015-04-01,2016-03-31,2018-05-09 16:16:13+00:00,netincometocommon,netincome,Consolidated Net Income / (Loss),+,credit,usd,783000000.0
CA Inc,CA,Y7ET3D9SDOFUZ515FE28,0000356028,2016.0,FY,2015-04-01,2016-03-31,2018-05-09 16:16:13+00:00,,netincometocommon,Net Income / (Loss) Attributable to Common Shareholders,=,credit,usd,783000000.0
CA Inc,CA,Y7ET3D9SDOFUZ515FE28,0000356028,2016.0,FY,2015-04-01,2016-03-31,2018-05-09 16:16:13+00:00,basiceps,weightedavebasicsharesos,Weighted Average Basic Shares Outstanding,/,,shares,426000000.0
CA Inc,CA,Y7ET3D9SDOFUZ515FE28,0000356028,2016.0,FY,2015-04-01,2016-03-31,2018-05-09 16:16:13+00:00,,basiceps,Basic Earnings per Share,=,,usdpershare,1.82
CA Inc,CA,Y7ET3D9SDOFUZ515FE28,0000356028,2016.0,FY,2015-04-01,2016-03-31,2018-05-09 16:16:13+00:00,dilutedeps,weightedavedilutedsharesos,Weighted Average Diluted Shares Outstanding,/,,shares,427000000.0
CA Inc,CA,Y7ET3D9SDOFUZ515FE28,0000356028,2016.0,FY,2015-04-01,2016-03-31,2018-05-09 16:16:13+00:00,,dilutedeps,Diluted Earnings per Share,=,,usdpershare,1.81
CA Inc,CA,Y7ET3D9SDOFUZ515FE28,0000356028,2016.0,FY,2015-04-01,2016-03-31,2018-05-09 16:16:13+00:00,basicdilutedeps,weightedavebasicdilutedsharesos,Weighted Average Basic & Diluted Shares Outstanding,/,,shares,430200000.0
CA Inc,CA,Y7ET3D9SDOFUZ515FE28,0000356028,2016.0,FY,2015-04-01,2016-03-31,2018-05-09 16:16:13+00:00,,basicdilutedeps,Basic & Diluted Earnings per Share,=,,usdpershare,1.82
CA Inc,CA,Y7ET3D9SDOFUZ515FE28,0000356028,2016.0,FY,2015-04-01,2016-03-31,2018-05-09 16:16:13+00:00,,cashdividendspershare,Cash Dividends to Common per Share,=,,usdpershare,1.0
CA Inc,CA,Y7ET3D9SDOFUZ515FE28,0000356028,2016.0,Q4,2016-01-01,2016-03-31,,totalrevenue,operatingrevenue,Operating Revenue,+,credit,usd,903000000.0
CA Inc,CA,Y7ET3D9SDOFUZ515FE28,0000356028,2016.0,Q4,2016-01-01,2016-03-31,,totalrevenue,otherrevenue,Other Revenue,+,credit,usd,106000000.0
CA Inc,CA,Y7ET3D9SDOFUZ515FE28,0000356028,2016.0,Q4,2016-01-01,2016-03-31,,totalgrossprofit,totalrevenue,Total Revenue,+,credit,usd,1009000000.0
CA Inc,CA,Y7ET3D9SDOFUZ515FE28,0000356028,2016.0,Q4,2016-01-01,2016-03-31,,totalcostofrevenue,operatingcostofrevenue,Operating Cost of Revenue,+,debit,usd,150000000.0
CA Inc,CA,Y7ET3D9SDOFUZ515FE28,0000356028,2016.0,Q4,2016-01-01,2016-03-31,,totalgrossprofit,totalcostofrevenue,Total Cost of Revenue,-,debit,usd,150000000.0
CA Inc,CA,Y7ET3D9SDOFUZ515FE28,0000356028,2016.0,Q4,2016-01-01,2016-03-31,,totaloperatingincome,totalgrossprofit,Total Gross Profit,+,credit,usd,859000000.0
CA Inc,CA,Y7ET3D9SDOFUZ515FE28,0000356028,2016.0,Q4,2016-01-01,2016-03-31,,totaloperatingexpenses,sgaexpense,"Selling, General & Admin Expense",+,debit,usd,88000000.0
CA Inc,CA,Y7ET3D9SDOFUZ515FE28,0000356028,2016.0,Q4,2016-01-01,2016-03-31,,totaloperatingexpenses,marketingexpense,Marketing Expense,+,debit,usd,255000000.0
CA Inc,CA,Y7ET3D9SDOFUZ515FE28,0000356028,2016.0,Q4,2016-01-01,2016-03-31,,totaloperatingexpenses,rdexpense,Research & Development Expense,+,debit,usd,140000000.0
CA Inc,CA,Y7ET3D9SDOFUZ515FE28,0000356028,2016.0,Q4,2016-01-01,2016-03-31,,totaloperatingexpenses,depreciationexpense,Depreciation Expense,+,debit,usd,23000000.0
CA Inc,CA,Y7ET3D9SDOFUZ515FE28,0000356028,2016.0,Q4,2016-01-01,2016-03-31,,totaloperatingexpenses,amortizationexpense,Amortization Expense,+,debit,usd,64000000.0
CA Inc,CA,Y7ET3D9SDOFUZ515FE28,0000356028,2016.0,Q4,2016-01-01,2016-03-31,,totaloperatingexpenses,otheroperatingexpenses,Other Operating Expenses / (Income),+,debit,usd,10000000.0
CA Inc,CA,Y7ET3D9SDOFUZ515FE28,0000356028,2016.0,Q4,2016-01-01,2016-03-31,,totaloperatingincome,totaloperatingexpenses,Total Operating Expenses,-,debit,usd,580000000.0
CA Inc,CA,Y7ET3D9SDOFUZ515FE28,0000356028,2016.0,Q4,2016-01-01,2016-03-31,,totalpretaxincome,totaloperatingincome,Total Operating Income,+,credit,usd,279000000.0
CA Inc,CA,Y7ET3D9SDOFUZ515FE28,0000356028,2016.0,Q4,2016-01-01,2016-03-31,,totalotherincome,totalinterestexpense,Interest Expense,-,debit,usd,15000000.0
CA Inc,CA,Y7ET3D9SDOFUZ515FE28,0000356028,2016.0,Q4,2016-01-01,2016-03-31,,totalpretaxincome,totalotherincome,"Total Other Income / (Expense), net",+,credit,usd,-15000000.0
CA Inc,CA,Y7ET3D9SDOFUZ515FE28,0000356028,2016.0,Q4,2016-01-01,2016-03-31,,netincomecontinuing,totalpretaxincome,Total Pre-Tax Income ,+,credit,usd,264000000.0
CA Inc,CA,Y7ET3D9SDOFUZ515FE28,0000356028,2016.0,Q4,2016-01-01,2016-03-31,,netincomecontinuing,incometaxexpense,Income Tax Expense,-,debit,usd,93000000.0
CA Inc,CA,Y7ET3D9SDOFUZ515FE28,0000356028,2016.0,Q4,2016-01-01,2016-03-31,,netincome,netincomecontinuing,Net Income / (Loss) Continuing Operations,+,credit,usd,171000000.0
CA Inc,CA,Y7ET3D9SDOFUZ515FE28,0000356028,2016.0,Q4,2016-01-01,2016-03-31,,netincome,netincomediscontinued,Net Income / (Loss) Discontinued Operations,+,credit,usd,3000000.0
CA Inc,CA,Y7ET3D9SDOFUZ515FE28,0000356028,2016.0,Q4,2016-01-01,2016-03-31,,netincometocommon,netincome,Consolidated Net Income / (Loss),+,credit,usd,174000000.0
CA Inc,CA,Y7ET3D9SDOFUZ515FE28,0000356028,2016.0,Q4,2016-01-01,2016-03-31,,,netincometocommon,Net Income / (Loss) Attributable to Common Shareholders,=,credit,usd,174000000.0
CA Inc,CA,Y7ET3D9SDOFUZ515FE28,0000356028,2016.0,Q4,2016-01-01,2016-03-31,,basiceps,weightedavebasicsharesos,Weighted Average Basic Shares Outstanding,/,,shares,426000000.0
CA Inc,CA,Y7ET3D9SDOFUZ515FE28,0000356028,2016.0,Q4,2016-01-01,2016-03-31,,,basiceps,Basic Earnings per Share,=,,usdpershare,0.42
CA Inc,CA,Y7ET3D9SDOFUZ515FE28,0000356028,2016.0,Q4,2016-01-01,2016-03-31,,dilutedeps,weightedavedilutedsharesos,Weighted Average Diluted Shares Outstanding,/,,shares,427000000.0
CA Inc,CA,Y7ET3D9SDOFUZ515FE28,0000356028,2016.0,Q4,2016-01-01,2016-03-31,,,dilutedeps,Diluted Earnings per Share,=,,usdpershare,0.41
CA Inc,CA,Y7ET3D9SDOFUZ515FE28,0000356028,2016.0,Q4,2016-01-01,2016-03-31,,basicdilutedeps,weightedavebasicdilutedsharesos,Weighted Average Basic & Diluted Shares Outstanding,/,,shares,430200000.0
CA Inc,CA,Y7ET3D9SDOFUZ515FE28,0000356028,2016.0,Q4,2016-01-01,2016-03-31,,,basicdilutedeps,Basic & Diluted Earnings per Share,=,,usdpershare,0.42
CA Inc,CA,Y7ET3D9SDOFUZ515FE28,0000356028,2016.0,Q4,2016-01-01,2016-03-31,,,cashdividendspershare,Cash Dividends to Common per Share,=,,usdpershare,-0.75
CA Inc,CA,Y7ET3D9SDOFUZ515FE28,0000356028,2016.0,Q3,2015-10-01,2015-12-31,2017-01-25 16:06:17+00:00,totalrevenue,operatingrevenue,Operating Revenue,+,credit,usd,910000000.0
CA Inc,CA,Y7ET3D9SDOFUZ515FE28,0000356028,2016.0,Q3,2015-10-01,2015-12-31,2017-01-25 16:06:17+00:00,totalrevenue,otherrevenue,Other Revenue,+,credit,usd,124000000.0
CA Inc,CA,Y7ET3D9SDOFUZ515FE28,0000356028,2016.0,Q3,2015-10-01,2015-12-31,2017-01-25 16:06:17+00:00,totalgrossprofit,totalrevenue,Total Revenue,+,credit,usd,1034000000.0
CA Inc,CA,Y7ET3D9SDOFUZ515FE28,0000356028,2016.0,Q3,2015-10-01,2015-12-31,2017-01-25 16:06:17+00:00,totalcostofrevenue,operatingcostofrevenue,Operating Cost of Revenue,+,debit,usd,148000000.0
CA Inc,CA,Y7ET3D9SDOFUZ515FE28,0000356028,2016.0,Q3,2015-10-01,2015-12-31,2017-01-25 16:06:17+00:00,totalgrossprofit,totalcostofrevenue,Total Cost of Revenue,-,debit,usd,148000000.0
CA Inc,CA,Y7ET3D9SDOFUZ515FE28,0000356028,2016.0,Q3,2015-10-01,2015-12-31,2017-01-25 16:06:17+00:00,totaloperatingincome,totalgrossprofit,Total Gross Profit,+,credit,usd,886000000.0
CA Inc,CA,Y7ET3D9SDOFUZ515FE28,0000356028,2016.0,Q3,2015-10-01,2015-12-31,2017-01-25 16:06:17+00:00,totaloperatingexpenses,sgaexpense,"Selling, General & Admin Expense",+,debit,usd,90000000.0
CA Inc,CA,Y7ET3D9SDOFUZ515FE28,0000356028,2016.0,Q3,2015-10-01,2015-12-31,2017-01-25 16:06:17+00:00,totaloperatingexpenses,marketingexpense,Marketing Expense,+,debit,usd,277000000.0
CA Inc,CA,Y7ET3D9SDOFUZ515FE28,0000356028,2016.0,Q3,2015-10-01,2015-12-31,2017-01-25 16:06:17+00:00,totaloperatingexpenses,rdexpense,Research & Development Expense,+,debit,usd,133000000.0
CA Inc,CA,Y7ET3D9SDOFUZ515FE28,0000356028,2016.0,Q3,2015-10-01,2015-12-31,2017-01-25 16:06:17+00:00,totaloperatingexpenses,depreciationexpense,Depreciation Expense,+,debit,usd,27000000.0
CA Inc,CA,Y7ET3D9SDOFUZ515FE28,0000356028,2016.0,Q3,2015-10-01,2015-12-31,2017-01-25 16:06:17+00:00,totaloperatingexpenses,amortizationexpense,Amortization Expense,+,debit,usd,65000000.0
CA Inc,CA,Y7ET3D9SDOFUZ515FE28,0000356028,2016.0,Q3,2015-10-01,2015-12-31,2017-01-25 16:06:17+00:00,totaloperatingexpenses,otheroperatingexpenses,Other Operating Expenses / (Income),+,debit,usd,1000000.0
CA Inc,CA,Y7ET3D9SDOFUZ515FE28,0000356028,2016.0,Q3,2015-10-01,2015-12-31,2017-01-25 16:06:17+00:00,totaloperatingincome,totaloperatingexpenses,Total Operating Expenses,-,debit,usd,593000000.0
CA Inc,CA,Y7ET3D9SDOFUZ515FE28,0000356028,2016.0,Q3,2015-10-01,2015-12-31,2017-01-25 16:06:17+00:00,totalpretaxincome,totaloperatingincome,Total Operating Income,+,credit,usd,293000000.0
CA Inc,CA,Y7ET3D9SDOFUZ515FE28,0000356028,2016.0,Q3,2015-10-01,2015-12-31,2017-01-25 16:06:17+00:00,totalotherincome,totalinterestexpense,Interest Expense,-,debit,usd,15000000.0
CA Inc,CA,Y7ET3D9SDOFUZ515FE28,0000356028,2016.0,Q3,2015-10-01,2015-12-31,2017-01-25 16:06:17+00:00,totalpretaxincome,totalotherincome,"Total Other Income / (Expense), net",+,credit,usd,-15000000.0
CA Inc,CA,Y7ET3D9SDOFUZ515FE28,0000356028,2016.0,Q3,2015-10-01,2015-12-31,2017-01-25 16:06:17+00:00,netincomecontinuing,totalpretaxincome,Total Pre-Tax Income ,+,credit,usd,278000000.0
CA Inc,CA,Y7ET3D9SDOFUZ515FE28,0000356028,2016.0,Q3,2015-10-01,2015-12-31,2017-01-25 16:06:17+00:00,netincomecontinuing,incometaxexpense,Income Tax Expense,-,debit,usd,59000000.0
CA Inc,CA,Y7ET3D9SDOFUZ515FE28,0000356028,2016.0,Q3,2015-10-01,2015-12-31,2017-01-25 16:06:17+00:00,netincome,netincomecontinuing,Net Income / (Loss) Continuing Operations,+,credit,usd,219000000.0
CA Inc,CA,Y7ET3D9SDOFUZ515FE28,0000356028,2016.0,Q3,2015-10-01,2015-12-31,2017-01-25 16:06:17+00:00,netincome,netincomediscontinued,Net Income / (Loss) Discontinued Operations,+,credit,usd,4000000.0
CA Inc,CA,Y7ET3D9SDOFUZ515FE28,0000356028,2016.0,Q3,2015-10-01,2015-12-31,2017-01-25 16:06:17+00:00,netincometocommon,netincome,Consolidated Net Income / (Loss),+,credit,usd,223000000.0
CA Inc,CA,Y7ET3D9SDOFUZ515FE28,0000356028,2016.0,Q3,2015-10-01,2015-12-31,2017-01-25 16:06:17+00:00,,netincometocommon,Net Income / (Loss) Attributable to Common Shareholders,=,credit,usd,223000000.0
CA Inc,CA,Y7ET3D9SDOFUZ515FE28,0000356028,2016.0,Q3,2015-10-01,2015-12-31,2017-01-25 16:06:17+00:00,basiceps,weightedavebasicsharesos,Weighted Average Basic Shares Outstanding,/,,shares,420000000.0
CA Inc,CA,Y7ET3D9SDOFUZ515FE28,0000356028,2016.0,Q3,2015-10-01,2015-12-31,2017-01-25 16:06:17+00:00,,basiceps,Basic Earnings per Share,=,,usdpershare,0.53
CA Inc,CA,Y7ET3D9SDOFUZ515FE28,0000356028,2016.0,Q3,2015-10-01,2015-12-31,2017-01-25 16:06:17+00:00,dilutedeps,weightedavedilutedsharesos,Weighted Average Diluted Shares Outstanding,/,,shares,421000000.0
CA Inc,CA,Y7ET3D9SDOFUZ515FE28,0000356028,2016.0,Q3,2015-10-01,2015-12-31,2017-01-25 16:06:17+00:00,,dilutedeps,Diluted Earnings per Share,=,,usdpershare,0.53
CA Inc,CA,Y7ET3D9SDOFUZ515FE28,0000356028,2016.0,Q3,2015-10-01,2015-12-31,2017-01-25 16:06:17+00:00,basicdilutedeps,weightedavebasicdilutedsharesos,Weighted Average Basic & Diluted Shares Outstanding,/,,shares,420800000.0
CA Inc,CA,Y7ET3D9SDOFUZ515FE28,0000356028,2016.0,Q3,2015-10-01,2015-12-31,2017-01-25 16:06:17+00:00,,basicdilutedeps,Basic & Diluted Earnings per Share,=,,usdpershare,0.53
CA Inc,CA,Y7ET3D9SDOFUZ515FE28,0000356028,2016.0,Q3,2015-10-01,2015-12-31,2017-01-25 16:06:17+00:00,,cashdividendspershare,Cash Dividends to Common per Share,=,,usdpershare,0.25
CA Inc,CA,Y7ET3D9SDOFUZ515FE28,0000356028,2016.0,Q3YTD,2015-04-01,2015-12-31,,totalrevenue,operatingrevenue,Operating Revenue,+,credit,usd,2740000000.0
CA Inc,CA,Y7ET3D9SDOFUZ515FE28,0000356028,2016.0,Q3YTD,2015-04-01,2015-12-31,,totalrevenue,otherrevenue,Other Revenue,+,credit,usd,276000000.0
CA Inc,CA,Y7ET3D9SDOFUZ515FE28,0000356028,2016.0,Q3YTD,2015-04-01,2015-12-31,,totalgrossprofit,totalrevenue,Total Revenue,+,credit,usd,3016000000.0
CA Inc,CA,Y7ET3D9SDOFUZ515FE28,0000356028,2016.0,Q3YTD,2015-04-01,2015-12-31,,totalcostofrevenue,operatingcostofrevenue,Operating Cost of Revenue,+,debit,usd,433000000.0
CA Inc,CA,Y7ET3D9SDOFUZ515FE28,0000356028,2016.0,Q3YTD,2015-04-01,2015-12-31,,totalgrossprofit,totalcostofrevenue,Total Cost of Revenue,-,debit,usd,433000000.0
CA Inc,CA,Y7ET3D9SDOFUZ515FE28,0000356028,2016.0,Q3YTD,2015-04-01,2015-12-31,,totaloperatingincome,totalgrossprofit,Total Gross Profit,+,credit,usd,2583000000.0
CA Inc,CA,Y7ET3D9SDOFUZ515FE28,0000356028,2016.0,Q3YTD,2015-04-01,2015-12-31,,totaloperatingexpenses,sgaexpense,"Selling, General & Admin Expense",+,debit,usd,279000000.0
CA Inc,CA,Y7ET3D9SDOFUZ515FE28,0000356028,2016.0,Q3YTD,2015-04-01,2015-12-31,,totaloperatingexpenses,marketingexpense,Marketing Expense,+,debit,usd,751000000.0
CA Inc,CA,Y7ET3D9SDOFUZ515FE28,0000356028,2016.0,Q3YTD,2015-04-01,2015-12-31,,totaloperatingexpenses,rdexpense,Research & Development Expense,+,debit,usd,420000000.0
CA Inc,CA,Y7ET3D9SDOFUZ515FE28,0000356028,2016.0,Q3YTD,2015-04-01,2015-12-31,,totaloperatingexpenses,depreciationexpense,Depreciation Expense,+,debit,usd,83000000.0
CA Inc,CA,Y7ET3D9SDOFUZ515FE28,0000356028,2016.0,Q3YTD,2015-04-01,2015-12-31,,totaloperatingexpenses,amortizationexpense,Amortization Expense,+,debit,usd,192000000.0
CA Inc,CA,Y7ET3D9SDOFUZ515FE28,0000356028,2016.0,Q3YTD,2015-04-01,2015-12-31,,totaloperatingexpenses,otheroperatingexpenses,Other Operating Expenses / (Income),+,debit,usd,2000000.0
CA Inc,CA,Y7ET3D9SDOFUZ515FE28,0000356028,2016.0,Q3YTD,2015-04-01,2015-12-31,,totaloperatingincome,totaloperatingexpenses,Total Operating Expenses,-,debit,usd,1727000000.0
CA Inc,CA,Y7ET3D9SDOFUZ515FE28,0000356028,2016.0,Q3YTD,2015-04-01,2015-12-31,,totalpretaxincome,totaloperatingincome,Total Operating Income,+,credit,usd,856000000.0
CA Inc,CA,Y7ET3D9SDOFUZ515FE28,0000356028,2016.0,Q3YTD,2015-04-01,2015-12-31,,totalotherincome,totalinterestexpense,Interest Expense,-,debit,usd,36000000.0
CA Inc,CA,Y7ET3D9SDOFUZ515FE28,0000356028,2016.0,Q3YTD,2015-04-01,2015-12-31,,totalpretaxincome,totalotherincome,"Total Other Income / (Expense), net",+,credit,usd,-36000000.0
CA Inc,CA,Y7ET3D9SDOFUZ515FE28,0000356028,2016.0,Q3YTD,2015-04-01,2015-12-31,,netincomecontinuing,totalpretaxincome,Total Pre-Tax Income ,+,credit,usd,820000000.0
CA Inc,CA,Y7ET3D9SDOFUZ515FE28,0000356028,2016.0,Q3YTD,2015-04-01,2015-12-31,,netincomecontinuing,incometaxexpense,Income Tax Expense,-,debit,usd,222000000.0
CA Inc,CA,Y7ET3D9SDOFUZ515FE28,0000356028,2016.0,Q3YTD,2015-04-01,2015-12-31,,netincome,netincomecontinuing,Net Income / (Loss) Continuing Operations,+,credit,usd,598000000.0
CA Inc,CA,Y7ET3D9SDOFUZ515FE28,0000356028,2016.0,Q3YTD,2015-04-01,2015-12-31,,netincome,netincomediscontinued,Net Income / (Loss) Discontinued Operations,+,credit,usd,11000000.0
CA Inc,CA,Y7ET3D9SDOFUZ515FE28,0000356028,2016.0,Q3YTD,2015-04-01,2015-12-31,,netincometocommon,netincome,Consolidated Net Income / (Loss),+,credit,usd,609000000.0
CA Inc,CA,Y7ET3D9SDOFUZ515FE28,0000356028,2016.0,Q3YTD,2015-04-01,2015-12-31,,,netincometocommon,Net Income / (Loss) Attributable to Common Shareholders,=,credit,usd,609000000.0
CA Inc,CA,Y7ET3D9SDOFUZ515FE28,0000356028,2016.0,Q3YTD,2015-04-01,2015-12-31,,basiceps,weightedavebasicsharesos,Weighted Average Basic Shares Outstanding,/,,shares,420000000.0
CA Inc,CA,Y7ET3D9SDOFUZ515FE28,0000356028,2016.0,Q3YTD,2015-04-01,2015-12-31,,,basiceps,Basic Earnings per Share,=,,usdpershare,1.4
CA Inc,CA,Y7ET3D9SDOFUZ515FE28,0000356028,2016.0,Q3YTD,2015-04-01,2015-12-31,,dilutedeps,weightedavedilutedsharesos,Weighted Average Diluted Shares Outstanding,/,,shares,421000000.0
CA Inc,CA,Y7ET3D9SDOFUZ515FE28,0000356028,2016.0,Q3YTD,2015-04-01,2015-12-31,,,dilutedeps,Diluted Earnings per Share,=,,usdpershare,1.4
CA Inc,CA,Y7ET3D9SDOFUZ515FE28,0000356028,2016.0,Q3YTD,2015-04-01,2015-12-31,,basicdilutedeps,weightedavebasicdilutedsharesos,Weighted Average Basic & Diluted Shares Outstanding,/,,shares,420800000.0
CA Inc,CA,Y7ET3D9SDOFUZ515FE28,0000356028,2016.0,Q3YTD,2015-04-01,2015-12-31,,,basicdilutedeps,Basic & Diluted Earnings per Share,=,,usdpershare,1.4
CA Inc,CA,Y7ET3D9SDOFUZ515FE28,0000356028,2016.0,Q3YTD,2015-04-01,2015-12-31,,,cashdividendspershare,Cash Dividends to Common per Share,=,,usdpershare,0.75
CA Inc,CA,Y7ET3D9SDOFUZ515FE28,0000356028,2016.0,Q3TTM,2015-01-01,2015-12-31,,totalrevenue,operatingrevenue,Operating Revenue,+,credit,usd,3674000000.0
CA Inc,CA,Y7ET3D9SDOFUZ515FE28,0000356028,2016.0,Q3TTM,2015-01-01,2015-12-31,,totalrevenue,otherrevenue,Other Revenue,+,credit,usd,365000000.0
CA Inc,CA,Y7ET3D9SDOFUZ515FE28,0000356028,2016.0,Q3TTM,2015-01-01,2015-12-31,,totalgrossprofit,totalrevenue,Total Revenue,+,credit,usd,4039000000.0
CA Inc,CA,Y7ET3D9SDOFUZ515FE28,0000356028,2016.0,Q3TTM,2015-01-01,2015-12-31,,totalcostofrevenue,operatingcostofrevenue,Operating Cost of Revenue,+,debit,usd,598000000.0
CA Inc,CA,Y7ET3D9SDOFUZ515FE28,0000356028,2016.0,Q3TTM,2015-01-01,2015-12-31,,totalgrossprofit,totalcostofrevenue,Total Cost of Revenue,-,debit,usd,598000000.0
CA Inc,CA,Y7ET3D9SDOFUZ515FE28,0000356028,2016.0,Q3TTM,2015-01-01,2015-12-31,,totaloperatingincome,totalgrossprofit,Total Gross Profit,+,credit,usd,3441000000.0
CA Inc,CA,Y7ET3D9SDOFUZ515FE28,0000356028,2016.0,Q3TTM,2015-01-01,2015-12-31,,totaloperatingexpenses,sgaexpense,"Selling, General & Admin Expense",+,debit,usd,387000000.0
CA Inc,CA,Y7ET3D9SDOFUZ515FE28,0000356028,2016.0,Q3TTM,2015-01-01,2015-12-31,,totaloperatingexpenses,marketingexpense,Marketing Expense,+,debit,usd,1029000000.0
CA Inc,CA,Y7ET3D9SDOFUZ515FE28,0000356028,2016.0,Q3TTM,2015-01-01,2015-12-31,,totaloperatingexpenses,rdexpense,Research & Development Expense,+,debit,usd,580000000.0
CA Inc,CA,Y7ET3D9SDOFUZ515FE28,0000356028,2016.0,Q3TTM,2015-01-01,2015-12-31,,totaloperatingexpenses,depreciationexpense,Depreciation Expense,+,debit,usd,113000000.0
CA Inc,CA,Y7ET3D9SDOFUZ515FE28,0000356028,2016.0,Q3TTM,2015-01-01,2015-12-31,,totaloperatingexpenses,amortizationexpense,Amortization Expense,+,debit,usd,261000000.0
CA Inc,CA,Y7ET3D9SDOFUZ515FE28,0000356028,2016.0,Q3TTM,2015-01-01,2015-12-31,,totaloperatingexpenses,otheroperatingexpenses,Other Operating Expenses / (Income),+,debit,usd,4000000.0
CA Inc,CA,Y7ET3D9SDOFUZ515FE28,0000356028,2016.0,Q3TTM,2015-01-01,2015-12-31,,totaloperatingincome,totaloperatingexpenses,Total Operating Expenses,-,debit,usd,2374000000.0
CA Inc,CA,Y7ET3D9SDOFUZ515FE28,0000356028,2016.0,Q3TTM,2015-01-01,2015-12-31,,totalpretaxincome,totaloperatingincome,Total Operating Income,+,credit,usd,1067000000.0
CA Inc,CA,Y7ET3D9SDOFUZ515FE28,0000356028,2016.0,Q3TTM,2015-01-01,2015-12-31,,totalotherincome,totalinterestexpense,Interest Expense,-,debit,usd,45000000.0
CA Inc,CA,Y7ET3D9SDOFUZ515FE28,0000356028,2016.0,Q3TTM,2015-01-01,2015-12-31,,totalpretaxincome,totalotherincome,"Total Other Income / (Expense), net",+,credit,usd,-45000000.0
CA Inc,CA,Y7ET3D9SDOFUZ515FE28,0000356028,2016.0,Q3TTM,2015-01-01,2015-12-31,,netincomecontinuing,totalpretaxincome,Total Pre-Tax Income ,+,credit,usd,1022000000.0
CA Inc,CA,Y7ET3D9SDOFUZ515FE28,0000356028,2016.0,Q3TTM,2015-01-01,2015-12-31,,netincomecontinuing,incometaxexpense,Income Tax Expense,-,debit,usd,279000000.0
CA Inc,CA,Y7ET3D9SDOFUZ515FE28,0000356028,2016.0,Q3TTM,2015-01-01,2015-12-31,,netincome,netincomecontinuing,Net Income / (Loss) Continuing Operations,+,credit,usd,743000000.0
CA Inc,CA,Y7ET3D9SDOFUZ515FE28,0000356028,2016.0,Q3TTM,2015-01-01,2015-12-31,,netincome,netincomediscontinued,Net Income / (Loss) Discontinued Operations,+,credit,usd,17000000.0
CA Inc,CA,Y7ET3D9SDOFUZ515FE28,0000356028,2016.0,Q3TTM,2015-01-01,2015-12-31,,netincometocommon,netincome,Consolidated Net Income / (Loss),+,credit,usd,760000000.0
CA Inc,CA,Y7ET3D9SDOFUZ515FE28,0000356028,2016.0,Q3TTM,2015-01-01,2015-12-31,,,netincometocommon,Net Income / (Loss) Attributable to Common Shareholders,=,credit,usd,760000000.0
CA Inc,CA,Y7ET3D9SDOFUZ515FE28,0000356028,2016.0,Q3TTM,2015-01-01,2015-12-31,,basiceps,weightedavebasicsharesos,Weighted Average Basic Shares Outstanding,/,,shares,420000000.0
CA Inc,CA,Y7ET3D9SDOFUZ515FE28,0000356028,2016.0,Q3TTM,2015-01-01,2015-12-31,,,basiceps,Basic Earnings per Share,=,,usdpershare,1.74
CA Inc,CA,Y7ET3D9SDOFUZ515FE28,0000356028,2016.0,Q3TTM,2015-01-01,2015-12-31,,dilutedeps,weightedavedilutedsharesos,Weighted Average Diluted Shares Outstanding,/,,shares,421000000.0
CA Inc,CA,Y7ET3D9SDOFUZ515FE28,0000356028,2016.0,Q3TTM,2015-01-01,2015-12-31,,,dilutedeps,Diluted Earnings per Share,=,,usdpershare,1.73
CA Inc,CA,Y7ET3D9SDOFUZ515FE28,0000356028,2016.0,Q3TTM,2015-01-01,2015-12-31,,basicdilutedeps,weightedavebasicdilutedsharesos,Weighted Average Basic & Diluted Shares Outstanding,/,,shares,420800000.0
CA Inc,CA,Y7ET3D9SDOFUZ515FE28,0000356028,2016.0,Q3TTM,2015-01-01,2015-12-31,,,basicdilutedeps,Basic & Diluted Earnings per Share,=,,usdpershare,1.74
CA Inc,CA,Y7ET3D9SDOFUZ515FE28,0000356028,2016.0,Q2,2015-07-01,2015-09-30,2016-10-28 16:03:46+00:00,totalrevenue,operatingrevenue,Operating Revenue,+,credit,usd,915000000.0
CA Inc,CA,Y7ET3D9SDOFUZ515FE28,0000356028,2016.0,Q2,2015-07-01,2015-09-30,2016-10-28 16:03:46+00:00,totalrevenue,otherrevenue,Other Revenue,+,credit,usd,90000000.0
CA Inc,CA,Y7ET3D9SDOFUZ515FE28,0000356028,2016.0,Q2,2015-07-01,2015-09-30,2016-10-28 16:03:46+00:00,totalgrossprofit,totalrevenue,Total Revenue,+,credit,usd,1005000000.0
CA Inc,CA,Y7ET3D9SDOFUZ515FE28,0000356028,2016.0,Q2,2015-07-01,2015-09-30,2016-10-28 16:03:46+00:00,totalcostofrevenue,operatingcostofrevenue,Operating Cost of Revenue,+,debit,usd,148000000.0
CA Inc,CA,Y7ET3D9SDOFUZ515FE28,0000356028,2016.0,Q2,2015-07-01,2015-09-30,2016-10-28 16:03:46+00:00,totalgrossprofit,totalcostofrevenue,Total Cost of Revenue,-,debit,usd,148000000.0
CA Inc,CA,Y7ET3D9SDOFUZ515FE28,0000356028,2016.0,Q2,2015-07-01,2015-09-30,2016-10-28 16:03:46+00:00,totaloperatingincome,totalgrossprofit,Total Gross Profit,+,credit,usd,857000000.0
CA Inc,CA,Y7ET3D9SDOFUZ515FE28,0000356028,2016.0,Q2,2015-07-01,2015-09-30,2016-10-28 16:03:46+00:00,totaloperatingexpenses,sgaexpense,"Selling, General & Admin Expense",+,debit,usd,99000000.0
CA Inc,CA,Y7ET3D9SDOFUZ515FE28,0000356028,2016.0,Q2,2015-07-01,2015-09-30,2016-10-28 16:03:46+00:00,totaloperatingexpenses,marketingexpense,Marketing Expense,+,debit,usd,248000000.0
CA Inc,CA,Y7ET3D9SDOFUZ515FE28,0000356028,2016.0,Q2,2015-07-01,2015-09-30,2016-10-28 16:03:46+00:00,totaloperatingexpenses,rdexpense,Research & Development Expense,+,debit,usd,151000000.0
CA Inc,CA,Y7ET3D9SDOFUZ515FE28,0000356028,2016.0,Q2,2015-07-01,2015-09-30,2016-10-28 16:03:46+00:00,totaloperatingexpenses,depreciationexpense,Depreciation Expense,+,debit,usd,29000000.0
CA Inc,CA,Y7ET3D9SDOFUZ515FE28,0000356028,2016.0,Q2,2015-07-01,2015-09-30,2016-10-28 16:03:46+00:00,totaloperatingexpenses,amortizationexpense,Amortization Expense,+,debit,usd,67000000.0
CA Inc,CA,Y7ET3D9SDOFUZ515FE28,0000356028,2016.0,Q2,2015-07-01,2015-09-30,2016-10-28 16:03:46+00:00,totaloperatingexpenses,otheroperatingexpenses,Other Operating Expenses / (Income),+,debit,usd,4000000.0
CA Inc,CA,Y7ET3D9SDOFUZ515FE28,0000356028,2016.0,Q2,2015-07-01,2015-09-30,2016-10-28 16:03:46+00:00,totaloperatingincome,totaloperatingexpenses,Total Operating Expenses,-,debit,usd,598000000.0
CA Inc,CA,Y7ET3D9SDOFUZ515FE28,0000356028,2016.0,Q2,2015-07-01,2015-09-30,2016-10-28 16:03:46+00:00,totalpretaxincome,totaloperatingincome,Total Operating Income,+,credit,usd,259000000.0
CA Inc,CA,Y7ET3D9SDOFUZ515FE28,0000356028,2016.0,Q2,2015-07-01,2015-09-30,2016-10-28 16:03:46+00:00,totalotherincome,totalinterestexpense,Interest Expense,-,debit,usd,12000000.0
CA Inc,CA,Y7ET3D9SDOFUZ515FE28,0000356028,2016.0,Q2,2015-07-01,2015-09-30,2016-10-28 16:03:46+00:00,totalpretaxincome,totalotherincome,"Total Other Income / (Expense), net",+,credit,usd,-12000000.0
CA Inc,CA,Y7ET3D9SDOFUZ515FE28,0000356028,2016.0,Q2,2015-07-01,2015-09-30,2016-10-28 16:03:46+00:00,netincomecontinuing,totalpretaxincome,Total Pre-Tax Income ,+,credit,usd,247000000.0
CA Inc,CA,Y7ET3D9SDOFUZ515FE28,0000356028,2016.0,Q2,2015-07-01,2015-09-30,2016-10-28 16:03:46+00:00,netincomecontinuing,incometaxexpense,Income Tax Expense,-,debit,usd,75000000.0
CA Inc,CA,Y7ET3D9SDOFUZ515FE28,0000356028,2016.0,Q2,2015-07-01,2015-09-30,2016-10-28 16:03:46+00:00,netincome,netincomecontinuing,Net Income / (Loss) Continuing Operations,+,credit,usd,172000000.0
CA Inc,CA,Y7ET3D9SDOFUZ515FE28,0000356028,2016.0,Q2,2015-07-01,2015-09-30,2016-10-28 16:03:46+00:00,netincome,netincomediscontinued,Net Income / (Loss) Discontinued Operations,+,credit,usd,2000000.0
CA Inc,CA,Y7ET3D9SDOFUZ515FE28,0000356028,2016.0,Q2,2015-07-01,2015-09-30,2016-10-28 16:03:46+00:00,netincometocommon,netincome,Consolidated Net Income / (Loss),+,credit,usd,174000000.0
CA Inc,CA,Y7ET3D9SDOFUZ515FE28,0000356028,2016.0,Q2,2015-07-01,2015-09-30,2016-10-28 16:03:46+00:00,,netincometocommon,Net Income / (Loss) Attributable to Common Shareholders,=,credit,usd,174000000.0
CA Inc,CA,Y7ET3D9SDOFUZ515FE28,0000356028,2016.0,Q2,2015-07-01,2015-09-30,2016-10-28 16:03:46+00:00,basiceps,weightedavebasicsharesos,Weighted Average Basic Shares Outstanding,/,,shares,436000000.0
CA Inc,CA,Y7ET3D9SDOFUZ515FE28,0000356028,2016.0,Q2,2015-07-01,2015-09-30,2016-10-28 16:03:46+00:00,,basiceps,Basic Earnings per Share,=,,usdpershare,0.39
CA Inc,CA,Y7ET3D9SDOFUZ515FE28,0000356028,2016.0,Q2,2015-07-01,2015-09-30,2016-10-28 16:03:46+00:00,dilutedeps,weightedavedilutedsharesos,Weighted Average Diluted Shares Outstanding,/,,shares,437000000.0
CA Inc,CA,Y7ET3D9SDOFUZ515FE28,0000356028,2016.0,Q2,2015-07-01,2015-09-30,2016-10-28 16:03:46+00:00,,dilutedeps,Diluted Earnings per Share,=,,usdpershare,0.39
CA Inc,CA,Y7ET3D9SDOFUZ515FE28,0000356028,2016.0,Q2,2015-07-01,2015-09-30,2016-10-28 16:03:46+00:00,basicdilutedeps,weightedavebasicdilutedsharesos,Weighted Average Basic & Diluted Shares Outstanding,/,,shares,446200000.0
CA Inc,CA,Y7ET3D9SDOFUZ515FE28,0000356028,2016.0,Q2,2015-07-01,2015-09-30,2016-10-28 16:03:46+00:00,,basicdilutedeps,Basic & Diluted Earnings per Share,=,,usdpershare,0.39
CA Inc,CA,Y7ET3D9SDOFUZ515FE28,0000356028,2016.0,Q2,2015-07-01,2015-09-30,2016-10-28 16:03:46+00:00,,cashdividendspershare,Cash Dividends to Common per Share,=,,usdpershare,0.25
CA Inc,CA,Y7ET3D9SDOFUZ515FE28,0000356028,2016.0,Q2YTD,2015-04-01,2015-09-30,,totalrevenue,operatingrevenue,Operating Revenue,+,credit,usd,1830000000.0
CA Inc,CA,Y7ET3D9SDOFUZ515FE28,0000356028,2016.0,Q2YTD,2015-04-01,2015-09-30,,totalrevenue,otherrevenue,Other Revenue,+,credit,usd,152000000.0
CA Inc,CA,Y7ET3D9SDOFUZ515FE28,0000356028,2016.0,Q2YTD,2015-04-01,2015-09-30,,totalgrossprofit,totalrevenue,Total Revenue,+,credit,usd,1982000000.0
CA Inc,CA,Y7ET3D9SDOFUZ515FE28,0000356028,2016.0,Q2YTD,2015-04-01,2015-09-30,,totalcostofrevenue,operatingcostofrevenue,Operating Cost of Revenue,+,debit,usd,285000000.0
CA Inc,CA,Y7ET3D9SDOFUZ515FE28,0000356028,2016.0,Q2YTD,2015-04-01,2015-09-30,,totalgrossprofit,totalcostofrevenue,Total Cost of Revenue,-,debit,usd,285000000.0
CA Inc,CA,Y7ET3D9SDOFUZ515FE28,0000356028,2016.0,Q2YTD,2015-04-01,2015-09-30,,totaloperatingincome,totalgrossprofit,Total Gross Profit,+,credit,usd,1697000000.0
CA Inc,CA,Y7ET3D9SDOFUZ515FE28,0000356028,2016.0,Q2YTD,2015-04-01,2015-09-30,,totaloperatingexpenses,sgaexpense,"Selling, General & Admin Expense",+,debit,usd,189000000.0
CA Inc,CA,Y7ET3D9SDOFUZ515FE28,0000356028,2016.0,Q2YTD,2015-04-01,2015-09-30,,totaloperatingexpenses,marketingexpense,Marketing Expense,+,debit,usd,474000000.0
CA Inc,CA,Y7ET3D9SDOFUZ515FE28,0000356028,2016.0,Q2YTD,2015-04-01,2015-09-30,,totaloperatingexpenses,rdexpense,Research & Development Expense,+,debit,usd,287000000.0
CA Inc,CA,Y7ET3D9SDOFUZ515FE28,0000356028,2016.0,Q2YTD,2015-04-01,2015-09-30,,totaloperatingexpenses,depreciationexpense,Depreciation Expense,+,debit,usd,56000000.0
CA Inc,CA,Y7ET3D9SDOFUZ515FE28,0000356028,2016.0,Q2YTD,2015-04-01,2015-09-30,,totaloperatingexpenses,amortizationexpense,Amortization Expense,+,debit,usd,127000000.0
CA Inc,CA,Y7ET3D9SDOFUZ515FE28,0000356028,2016.0,Q2YTD,2015-04-01,2015-09-30,,totaloperatingexpenses,otheroperatingexpenses,Other Operating Expenses / (Income),+,debit,usd,1000000.0
CA Inc,CA,Y7ET3D9SDOFUZ515FE28,0000356028,2016.0,Q2YTD,2015-04-01,2015-09-30,,totaloperatingincome,totaloperatingexpenses,Total Operating Expenses,-,debit,usd,1134000000.0
CA Inc,CA,Y7ET3D9SDOFUZ515FE28,0000356028,2016.0,Q2YTD,2015-04-01,2015-09-30,,totalpretaxincome,totaloperatingincome,Total Operating Income,+,credit,usd,563000000.0
CA Inc,CA,Y7ET3D9SDOFUZ515FE28,0000356028,2016.0,Q2YTD,2015-04-01,2015-09-30,,totalotherincome,totalinterestexpense,Interest Expense,-,debit,usd,21000000.0
CA Inc,CA,Y7ET3D9SDOFUZ515FE28,0000356028,2016.0,Q2YTD,2015-04-01,2015-09-30,,totalpretaxincome,totalotherincome,"Total Other Income / (Expense), net",+,credit,usd,-21000000.0
CA Inc,CA,Y7ET3D9SDOFUZ515FE28,0000356028,2016.0,Q2YTD,2015-04-01,2015-09-30,,netincomecontinuing,totalpretaxincome,Total Pre-Tax Income ,+,credit,usd,542000000.0
CA Inc,CA,Y7ET3D9SDOFUZ515FE28,0000356028,2016.0,Q2YTD,2015-04-01,2015-09-30,,netincomecontinuing,incometaxexpense,Income Tax Expense,-,debit,usd,163000000.0
CA Inc,CA,Y7ET3D9SDOFUZ515FE28,0000356028,2016.0,Q2YTD,2015-04-01,2015-09-30,,netincome,netincomecontinuing,Net Income / (Loss) Continuing Operations,+,credit,usd,379000000.0
CA Inc,CA,Y7ET3D9SDOFUZ515FE28,0000356028,2016.0,Q2YTD,2015-04-01,2015-09-30,,netincome,netincomediscontinued,Net Income / (Loss) Discontinued Operations,+,credit,usd,7000000.0
CA Inc,CA,Y7ET3D9SDOFUZ515FE28,0000356028,2016.0,Q2YTD,2015-04-01,2015-09-30,,netincometocommon,netincome,Consolidated Net Income / (Loss),+,credit,usd,386000000.0
CA Inc,CA,Y7ET3D9SDOFUZ515FE28,0000356028,2016.0,Q2YTD,2015-04-01,2015-09-30,,,netincometocommon,Net Income / (Loss) Attributable to Common Shareholders,=,credit,usd,386000000.0
CA Inc,CA,Y7ET3D9SDOFUZ515FE28,0000356028,2016.0,Q2YTD,2015-04-01,2015-09-30,,basiceps,weightedavebasicsharesos,Weighted Average Basic Shares Outstanding,/,,shares,436000000.0
CA Inc,CA,Y7ET3D9SDOFUZ515FE28,0000356028,2016.0,Q2YTD,2015-04-01,2015-09-30,,,basiceps,Basic Earnings per Share,=,,usdpershare,0.87
CA Inc,CA,Y7ET3D9SDOFUZ515FE28,0000356028,2016.0,Q2YTD,2015-04-01,2015-09-30,,dilutedeps,weightedavedilutedsharesos,Weighted Average Diluted Shares Outstanding,/,,shares,437000000.0
CA Inc,CA,Y7ET3D9SDOFUZ515FE28,0000356028,2016.0,Q2YTD,2015-04-01,2015-09-30,,,dilutedeps,Diluted Earnings per Share,=,,usdpershare,0.87
CA Inc,CA,Y7ET3D9SDOFUZ515FE28,0000356028,2016.0,Q2YTD,2015-04-01,2015-09-30,,basicdilutedeps,weightedavebasicdilutedsharesos,Weighted Average Basic & Diluted Shares Outstanding,/,,shares,446200000.0
CA Inc,CA,Y7ET3D9SDOFUZ515FE28,0000356028,2016.0,Q2YTD,2015-04-01,2015-09-30,,,basicdilutedeps,Basic & Diluted Earnings per Share,=,,usdpershare,0.87
CA Inc,CA,Y7ET3D9SDOFUZ515FE28,0000356028,2016.0,Q2YTD,2015-04-01,2015-09-30,,,cashdividendspershare,Cash Dividends to Common per Share,=,,usdpershare,0.5
CA Inc,CA,Y7ET3D9SDOFUZ515FE28,0000356028,2016.0,Q2TTM,2014-10-01,2015-09-30,,totalrevenue,operatingrevenue,Operating Revenue,+,credit,usd,3746000000.0
CA Inc,CA,Y7ET3D9SDOFUZ515FE28,0000356028,2016.0,Q2TTM,2014-10-01,2015-09-30,,totalrevenue,otherrevenue,Other Revenue,+,credit,usd,350000000.0
CA Inc,CA,Y7ET3D9SDOFUZ515FE28,0000356028,2016.0,Q2TTM,2014-10-01,2015-09-30,,totalgrossprofit,totalrevenue,Total Revenue,+,credit,usd,4096000000.0
CA Inc,CA,Y7ET3D9SDOFUZ515FE28,0000356028,2016.0,Q2TTM,2014-10-01,2015-09-30,,totalcostofrevenue,operatingcostofrevenue,Operating Cost of Revenue,+,debit,usd,608000000.0
CA Inc,CA,Y7ET3D9SDOFUZ515FE28,0000356028,2016.0,Q2TTM,2014-10-01,2015-09-30,,totalgrossprofit,totalcostofrevenue,Total Cost of Revenue,-,debit,usd,608000000.0
CA Inc,CA,Y7ET3D9SDOFUZ515FE28,0000356028,2016.0,Q2TTM,2014-10-01,2015-09-30,,totaloperatingincome,totalgrossprofit,Total Gross Profit,+,credit,usd,3488000000.0
CA Inc,CA,Y7ET3D9SDOFUZ515FE28,0000356028,2016.0,Q2TTM,2014-10-01,2015-09-30,,totaloperatingexpenses,sgaexpense,"Selling, General & Admin Expense",+,debit,usd,387000000.0
CA Inc,CA,Y7ET3D9SDOFUZ515FE28,0000356028,2016.0,Q2TTM,2014-10-01,2015-09-30,,totaloperatingexpenses,marketingexpense,Marketing Expense,+,debit,usd,1035000000.0
CA Inc,CA,Y7ET3D9SDOFUZ515FE28,0000356028,2016.0,Q2TTM,2014-10-01,2015-09-30,,totaloperatingexpenses,rdexpense,Research & Development Expense,+,debit,usd,590000000.0
CA Inc,CA,Y7ET3D9SDOFUZ515FE28,0000356028,2016.0,Q2TTM,2014-10-01,2015-09-30,,totaloperatingexpenses,depreciationexpense,Depreciation Expense,+,debit,usd,117000000.0
CA Inc,CA,Y7ET3D9SDOFUZ515FE28,0000356028,2016.0,Q2TTM,2014-10-01,2015-09-30,,totaloperatingexpenses,amortizationexpense,Amortization Expense,+,debit,usd,258000000.0
CA Inc,CA,Y7ET3D9SDOFUZ515FE28,0000356028,2016.0,Q2TTM,2014-10-01,2015-09-30,,totaloperatingexpenses,otheroperatingexpenses,Other Operating Expenses / (Income),+,debit,usd,9000000.0
CA Inc,CA,Y7ET3D9SDOFUZ515FE28,0000356028,2016.0,Q2TTM,2014-10-01,2015-09-30,,totaloperatingincome,totaloperatingexpenses,Total Operating Expenses,-,debit,usd,2396000000.0
CA Inc,CA,Y7ET3D9SDOFUZ515FE28,0000356028,2016.0,Q2TTM,2014-10-01,2015-09-30,,totalpretaxincome,totaloperatingincome,Total Operating Income,+,credit,usd,1092000000.0
CA Inc,CA,Y7ET3D9SDOFUZ515FE28,0000356028,2016.0,Q2TTM,2014-10-01,2015-09-30,,totalotherincome,totalinterestexpense,Interest Expense,-,debit,usd,42000000.0
CA Inc,CA,Y7ET3D9SDOFUZ515FE28,0000356028,2016.0,Q2TTM,2014-10-01,2015-09-30,,totalpretaxincome,totalotherincome,"Total Other Income / (Expense), net",+,credit,usd,-42000000.0
CA Inc,CA,Y7ET3D9SDOFUZ515FE28,0000356028,2016.0,Q2TTM,2014-10-01,2015-09-30,,netincomecontinuing,totalpretaxincome,Total Pre-Tax Income ,+,credit,usd,1050000000.0
CA Inc,CA,Y7ET3D9SDOFUZ515FE28,0000356028,2016.0,Q2TTM,2014-10-01,2015-09-30,,netincomecontinuing,incometaxexpense,Income Tax Expense,-,debit,usd,308000000.0
CA Inc,CA,Y7ET3D9SDOFUZ515FE28,0000356028,2016.0,Q2TTM,2014-10-01,2015-09-30,,netincome,netincomecontinuing,Net Income / (Loss) Continuing Operations,+,credit,usd,742000000.0
CA Inc,CA,Y7ET3D9SDOFUZ515FE28,0000356028,2016.0,Q2TTM,2014-10-01,2015-09-30,,netincome,netincomediscontinued,Net Income / (Loss) Discontinued Operations,+,credit,usd,17000000.0
CA Inc,CA,Y7ET3D9SDOFUZ515FE28,0000356028,2016.0,Q2TTM,2014-10-01,2015-09-30,,netincometocommon,netincome,Consolidated Net Income / (Loss),+,credit,usd,759000000.0
CA Inc,CA,Y7ET3D9SDOFUZ515FE28,0000356028,2016.0,Q2TTM,2014-10-01,2015-09-30,,,netincometocommon,Net Income / (Loss) Attributable to Common Shareholders,=,credit,usd,759000000.0
CA Inc,CA,Y7ET3D9SDOFUZ515FE28,0000356028,2016.0,Q2TTM,2014-10-01,2015-09-30,,basiceps,weightedavebasicsharesos,Weighted Average Basic Shares Outstanding,/,,shares,436000000.0
CA Inc,CA,Y7ET3D9SDOFUZ515FE28,0000356028,2016.0,Q2TTM,2014-10-01,2015-09-30,,,basiceps,Basic Earnings per Share,=,,usdpershare,1.71
CA Inc,CA,Y7ET3D9SDOFUZ515FE28,0000356028,2016.0,Q2TTM,2014-10-01,2015-09-30,,dilutedeps,weightedavedilutedsharesos,Weighted Average Diluted Shares Outstanding,/,,shares,437000000.0
CA Inc,CA,Y7ET3D9SDOFUZ515FE28,0000356028,2016.0,Q2TTM,2014-10-01,2015-09-30,,,dilutedeps,Diluted Earnings per Share,=,,usdpershare,1.7
CA Inc,CA,Y7ET3D9SDOFUZ515FE28,0000356028,2016.0,Q2TTM,2014-10-01,2015-09-30,,basicdilutedeps,weightedavebasicdilutedsharesos,Weighted Average Basic & Diluted Shares Outstanding,/,,shares,446200000.0
CA Inc,CA,Y7ET3D9SDOFUZ515FE28,0000356028,2016.0,Q2TTM,2014-10-01,2015-09-30,,,basicdilutedeps,Basic & Diluted Earnings per Share,=,,usdpershare,1.71
CA Inc,CA,Y7ET3D9SDOFUZ515FE28,0000356028,2016.0,Q1,2015-04-01,2015-06-30,2016-07-28 16:10:03+00:00,totalrevenue,operatingrevenue,Operating Revenue,+,credit,usd,915000000.0
CA Inc,CA,Y7ET3D9SDOFUZ515FE28,0000356028,2016.0,Q1,2015-04-01,2015-06-30,2016-07-28 16:10:03+00:00,totalrevenue,otherrevenue,Other Revenue,+,credit,usd,62000000.0
CA Inc,CA,Y7ET3D9SDOFUZ515FE28,0000356028,2016.0,Q1,2015-04-01,2015-06-30,2016-07-28 16:10:03+00:00,totalgrossprofit,totalrevenue,Total Revenue,+,credit,usd,977000000.0
CA Inc,CA,Y7ET3D9SDOFUZ515FE28,0000356028,2016.0,Q1,2015-04-01,2015-06-30,2016-07-28 16:10:03+00:00,totalcostofrevenue,operatingcostofrevenue,Operating Cost of Revenue,+,debit,usd,137000000.0
CA Inc,CA,Y7ET3D9SDOFUZ515FE28,0000356028,2016.0,Q1,2015-04-01,2015-06-30,2016-07-28 16:10:03+00:00,totalgrossprofit,totalcostofrevenue,Total Cost of Revenue,-,debit,usd,137000000.0
CA Inc,CA,Y7ET3D9SDOFUZ515FE28,0000356028,2016.0,Q1,2015-04-01,2015-06-30,2016-07-28 16:10:03+00:00,totaloperatingincome,totalgrossprofit,Total Gross Profit,+,credit,usd,840000000.0
CA Inc,CA,Y7ET3D9SDOFUZ515FE28,0000356028,2016.0,Q1,2015-04-01,2015-06-30,2016-07-28 16:10:03+00:00,totaloperatingexpenses,sgaexpense,"Selling, General & Admin Expense",+,debit,usd,90000000.0
CA Inc,CA,Y7ET3D9SDOFUZ515FE28,0000356028,2016.0,Q1,2015-04-01,2015-06-30,2016-07-28 16:10:03+00:00,totaloperatingexpenses,marketingexpense,Marketing Expense,+,debit,usd,226000000.0
CA Inc,CA,Y7ET3D9SDOFUZ515FE28,0000356028,2016.0,Q1,2015-04-01,2015-06-30,2016-07-28 16:10:03+00:00,totaloperatingexpenses,rdexpense,Research & Development Expense,+,debit,usd,136000000.0
CA Inc,CA,Y7ET3D9SDOFUZ515FE28,0000356028,2016.0,Q1,2015-04-01,2015-06-30,2016-07-28 16:10:03+00:00,totaloperatingexpenses,depreciationexpense,Depreciation Expense,+,debit,usd,27000000.0
CA Inc,CA,Y7ET3D9SDOFUZ515FE28,0000356028,2016.0,Q1,2015-04-01,2015-06-30,2016-07-28 16:10:03+00:00,totaloperatingexpenses,amortizationexpense,Amortization Expense,+,debit,usd,60000000.0
CA Inc,CA,Y7ET3D9SDOFUZ515FE28,0000356028,2016.0,Q1,2015-04-01,2015-06-30,2016-07-28 16:10:03+00:00,totaloperatingexpenses,otheroperatingexpenses,Other Operating Expenses / (Income),+,debit,usd,-3000000.0
CA Inc,CA,Y7ET3D9SDOFUZ515FE28,0000356028,2016.0,Q1,2015-04-01,2015-06-30,2016-07-28 16:10:03+00:00,totaloperatingincome,totaloperatingexpenses,Total Operating Expenses,-,debit,usd,536000000.0
CA Inc,CA,Y7ET3D9SDOFUZ515FE28,0000356028,2016.0,Q1,2015-04-01,2015-06-30,2016-07-28 16:10:03+00:00,totalpretaxincome,totaloperatingincome,Total Operating Income,+,credit,usd,304000000.0
CA Inc,CA,Y7ET3D9SDOFUZ515FE28,0000356028,2016.0,Q1,2015-04-01,2015-06-30,2016-07-28 16:10:03+00:00,totalotherincome,totalinterestexpense,Interest Expense,-,debit,usd,9000000.0
CA Inc,CA,Y7ET3D9SDOFUZ515FE28,0000356028,2016.0,Q1,2015-04-01,2015-06-30,2016-07-28 16:10:03+00:00,totalpretaxincome,totalotherincome,"Total Other Income / (Expense), net",+,credit,usd,-9000000.0
CA Inc,CA,Y7ET3D9SDOFUZ515FE28,0000356028,2016.0,Q1,2015-04-01,2015-06-30,2016-07-28 16:10:03+00:00,netincomecontinuing,totalpretaxincome,Total Pre-Tax Income ,+,credit,usd,295000000.0
CA Inc,CA,Y7ET3D9SDOFUZ515FE28,0000356028,2016.0,Q1,2015-04-01,2015-06-30,2016-07-28 16:10:03+00:00,netincomecontinuing,incometaxexpense,Income Tax Expense,-,debit,usd,88000000.0
CA Inc,CA,Y7ET3D9SDOFUZ515FE28,0000356028,2016.0,Q1,2015-04-01,2015-06-30,2016-07-28 16:10:03+00:00,netincome,netincomecontinuing,Net Income / (Loss) Continuing Operations,+,credit,usd,207000000.0
CA Inc,CA,Y7ET3D9SDOFUZ515FE28,0000356028,2016.0,Q1,2015-04-01,2015-06-30,2016-07-28 16:10:03+00:00,netincome,netincomediscontinued,Net Income / (Loss) Discontinued Operations,+,credit,usd,5000000.0
CA Inc,CA,Y7ET3D9SDOFUZ515FE28,0000356028,2016.0,Q1,2015-04-01,2015-06-30,2016-07-28 16:10:03+00:00,netincometocommon,netincome,Consolidated Net Income / (Loss),+,credit,usd,212000000.0
CA Inc,CA,Y7ET3D9SDOFUZ515FE28,0000356028,2016.0,Q1,2015-04-01,2015-06-30,2016-07-28 16:10:03+00:00,,netincometocommon,Net Income / (Loss) Attributable to Common Shareholders,=,credit,usd,212000000.0
CA Inc,CA,Y7ET3D9SDOFUZ515FE28,0000356028,2016.0,Q1,2015-04-01,2015-06-30,2016-07-28 16:10:03+00:00,basiceps,weightedavebasicsharesos,Weighted Average Basic Shares Outstanding,/,,shares,436000000.0
CA Inc,CA,Y7ET3D9SDOFUZ515FE28,0000356028,2016.0,Q1,2015-04-01,2015-06-30,2016-07-28 16:10:03+00:00,,basiceps,Basic Earnings per Share,=,,usdpershare,0.48
CA Inc,CA,Y7ET3D9SDOFUZ515FE28,0000356028,2016.0,Q1,2015-04-01,2015-06-30,2016-07-28 16:10:03+00:00,dilutedeps,weightedavedilutedsharesos,Weighted Average Diluted Shares Outstanding,/,,shares,438000000.0
CA Inc,CA,Y7ET3D9SDOFUZ515FE28,0000356028,2016.0,Q1,2015-04-01,2015-06-30,2016-07-28 16:10:03+00:00,,dilutedeps,Diluted Earnings per Share,=,,usdpershare,0.48
CA Inc,CA,Y7ET3D9SDOFUZ515FE28,0000356028,2016.0,Q1,2015-04-01,2015-06-30,2016-07-28 16:10:03+00:00,basicdilutedeps,weightedavebasicdilutedsharesos,Weighted Average Basic & Diluted Shares Outstanding,/,,shares,441700000.0
CA Inc,CA,Y7ET3D9SDOFUZ515FE28,0000356028,2016.0,Q1,2015-04-01,2015-06-30,2016-07-28 16:10:03+00:00,,basicdilutedeps,Basic & Diluted Earnings per Share,=,,usdpershare,0.48
CA Inc,CA,Y7ET3D9SDOFUZ515FE28,0000356028,2016.0,Q1,2015-04-01,2015-06-30,2016-07-28 16:10:03+00:00,,cashdividendspershare,Cash Dividends to Common per Share,=,,usdpershare,0.25
CA Inc,CA,Y7ET3D9SDOFUZ515FE28,0000356028,2016.0,Q1TTM,2014-07-01,2015-06-30,,totalrevenue,operatingrevenue,Operating Revenue,+,credit,usd,3830000000.0
CA Inc,CA,Y7ET3D9SDOFUZ515FE28,0000356028,2016.0,Q1TTM,2014-07-01,2015-06-30,,totalrevenue,otherrevenue,Other Revenue,+,credit,usd,340000000.0
CA Inc,CA,Y7ET3D9SDOFUZ515FE28,0000356028,2016.0,Q1TTM,2014-07-01,2015-06-30,,totalgrossprofit,totalrevenue,Total Revenue,+,credit,usd,4170000000.0
CA Inc,CA,Y7ET3D9SDOFUZ515FE28,0000356028,2016.0,Q1TTM,2014-07-01,2015-06-30,,totalcostofrevenue,operatingcostofrevenue,Operating Cost of Revenue,+,debit,usd,619000000.0
CA Inc,CA,Y7ET3D9SDOFUZ515FE28,0000356028,2016.0,Q1TTM,2014-07-01,2015-06-30,,totalgrossprofit,totalcostofrevenue,Total Cost of Revenue,-,debit,usd,619000000.0
CA Inc,CA,Y7ET3D9SDOFUZ515FE28,0000356028,2016.0,Q1TTM,2014-07-01,2015-06-30,,totaloperatingincome,totalgrossprofit,Total Gross Profit,+,credit,usd,3551000000.0
CA Inc,CA,Y7ET3D9SDOFUZ515FE28,0000356028,2016.0,Q1TTM,2014-07-01,2015-06-30,,totaloperatingexpenses,sgaexpense,"Selling, General & Admin Expense",+,debit,usd,375000000.0
CA Inc,CA,Y7ET3D9SDOFUZ515FE28,0000356028,2016.0,Q1TTM,2014-07-01,2015-06-30,,totaloperatingexpenses,marketingexpense,Marketing Expense,+,debit,usd,1040000000.0
CA Inc,CA,Y7ET3D9SDOFUZ515FE28,0000356028,2016.0,Q1TTM,2014-07-01,2015-06-30,,totaloperatingexpenses,rdexpense,Research & Development Expense,+,debit,usd,589000000.0
CA Inc,CA,Y7ET3D9SDOFUZ515FE28,0000356028,2016.0,Q1TTM,2014-07-01,2015-06-30,,totaloperatingexpenses,depreciationexpense,Depreciation Expense,+,debit,usd,122000000.0
CA Inc,CA,Y7ET3D9SDOFUZ515FE28,0000356028,2016.0,Q1TTM,2014-07-01,2015-06-30,,totaloperatingexpenses,amortizationexpense,Amortization Expense,+,debit,usd,266000000.0
CA Inc,CA,Y7ET3D9SDOFUZ515FE28,0000356028,2016.0,Q1TTM,2014-07-01,2015-06-30,,totaloperatingexpenses,otheroperatingexpenses,Other Operating Expenses / (Income),+,debit,usd,6000000.0
CA Inc,CA,Y7ET3D9SDOFUZ515FE28,0000356028,2016.0,Q1TTM,2014-07-01,2015-06-30,,totaloperatingincome,totaloperatingexpenses,Total Operating Expenses,-,debit,usd,2398000000.0
CA Inc,CA,Y7ET3D9SDOFUZ515FE28,0000356028,2016.0,Q1TTM,2014-07-01,2015-06-30,,totalpretaxincome,totaloperatingincome,Total Operating Income,+,credit,usd,1153000000.0
CA Inc,CA,Y7ET3D9SDOFUZ515FE28,0000356028,2016.0,Q1TTM,2014-07-01,2015-06-30,,totalotherincome,totalinterestexpense,Interest Expense,-,debit,usd,42000000.0
CA Inc,CA,Y7ET3D9SDOFUZ515FE28,0000356028,2016.0,Q1TTM,2014-07-01,2015-06-30,,totalpretaxincome,totalotherincome,"Total Other Income / (Expense), net",+,credit,usd,-42000000.0
CA Inc,CA,Y7ET3D9SDOFUZ515FE28,0000356028,2016.0,Q1TTM,2014-07-01,2015-06-30,,netincomecontinuing,totalpretaxincome,Total Pre-Tax Income ,+,credit,usd,1111000000.0
CA Inc,CA,Y7ET3D9SDOFUZ515FE28,0000356028,2016.0,Q1TTM,2014-07-01,2015-06-30,,netincomecontinuing,incometaxexpense,Income Tax Expense,-,debit,usd,306000000.0
CA Inc,CA,Y7ET3D9SDOFUZ515FE28,0000356028,2016.0,Q1TTM,2014-07-01,2015-06-30,,netincome,netincomecontinuing,Net Income / (Loss) Continuing Operations,+,credit,usd,805000000.0
CA Inc,CA,Y7ET3D9SDOFUZ515FE28,0000356028,2016.0,Q1TTM,2014-07-01,2015-06-30,,netincome,netincomediscontinued,Net Income / (Loss) Discontinued Operations,+,credit,usd,36000000.0
CA Inc,CA,Y7ET3D9SDOFUZ515FE28,0000356028,2016.0,Q1TTM,2014-07-01,2015-06-30,,netincometocommon,netincome,Consolidated Net Income / (Loss),+,credit,usd,841000000.0
CA Inc,CA,Y7ET3D9SDOFUZ515FE28,0000356028,2016.0,Q1TTM,2014-07-01,2015-06-30,,,netincometocommon,Net Income / (Loss) Attributable to Common Shareholders,=,credit,usd,841000000.0
CA Inc,CA,Y7ET3D9SDOFUZ515FE28,0000356028,2016.0,Q1TTM,2014-07-01,2015-06-30,,basiceps,weightedavebasicsharesos,Weighted Average Basic Shares Outstanding,/,,shares,436000000.0
CA Inc,CA,Y7ET3D9SDOFUZ515FE28,0000356028,2016.0,Q1TTM,2014-07-01,2015-06-30,,,basiceps,Basic Earnings per Share,=,,usdpershare,1.9
CA Inc,CA,Y7ET3D9SDOFUZ515FE28,0000356028,2016.0,Q1TTM,2014-07-01,2015-06-30,,dilutedeps,weightedavedilutedsharesos,Weighted Average Diluted Shares Outstanding,/,,shares,438000000.0
CA Inc,CA,Y7ET3D9SDOFUZ515FE28,0000356028,2016.0,Q1TTM,2014-07-01,2015-06-30,,,dilutedeps,Diluted Earnings per Share,=,,usdpershare,1.89
CA Inc,CA,Y7ET3D9SDOFUZ515FE28,0000356028,2016.0,Q1TTM,2014-07-01,2015-06-30,,basicdilutedeps,weightedavebasicdilutedsharesos,Weighted Average Basic & Diluted Shares Outstanding,/,,shares,441700000.0
CA Inc,CA,Y7ET3D9SDOFUZ515FE28,0000356028,2016.0,Q1TTM,2014-07-01,2015-06-30,,,basicdilutedeps,Basic & Diluted Earnings per Share,=,,usdpershare,1.9
CA Inc,CA,Y7ET3D9SDOFUZ515FE28,0000356028,2017.0,FY,2016-04-01,2017-03-31,2018-05-09 16:16:13+00:00,totalrevenue,operatingrevenue,Operating Revenue,+,credit,usd,3580000000.0
CA Inc,CA,Y7ET3D9SDOFUZ515FE28,0000356028,2017.0,FY,2016-04-01,2017-03-31,2018-05-09 16:16:13+00:00,totalrevenue,otherrevenue,Other Revenue,+,credit,usd,456000000.0
CA Inc,CA,Y7ET3D9SDOFUZ515FE28,0000356028,2017.0,FY,2016-04-01,2017-03-31,2018-05-09 16:16:13+00:00,totalgrossprofit,totalrevenue,Total Revenue,+,credit,usd,4036000000.0
CA Inc,CA,Y7ET3D9SDOFUZ515FE28,0000356028,2017.0,FY,2016-04-01,2017-03-31,2018-05-09 16:16:13+00:00,totalcostofrevenue,operatingcostofrevenue,Operating Cost of Revenue,+,debit,usd,573000000.0
CA Inc,CA,Y7ET3D9SDOFUZ515FE28,0000356028,2017.0,FY,2016-04-01,2017-03-31,2018-05-09 16:16:13+00:00,totalgrossprofit,totalcostofrevenue,Total Cost of Revenue,-,debit,usd,573000000.0
CA Inc,CA,Y7ET3D9SDOFUZ515FE28,0000356028,2017.0,FY,2016-04-01,2017-03-31,2018-05-09 16:16:13+00:00,totaloperatingincome,totalgrossprofit,Total Gross Profit,+,credit,usd,3463000000.0
CA Inc,CA,Y7ET3D9SDOFUZ515FE28,0000356028,2017.0,FY,2016-04-01,2017-03-31,2018-05-09 16:16:13+00:00,totaloperatingexpenses,sgaexpense,"Selling, General & Admin Expense",+,debit,usd,375000000.0
CA Inc,CA,Y7ET3D9SDOFUZ515FE28,0000356028,2017.0,FY,2016-04-01,2017-03-31,2018-05-09 16:16:13+00:00,totaloperatingexpenses,marketingexpense,Marketing Expense,+,debit,usd,1028000000.0
CA Inc,CA,Y7ET3D9SDOFUZ515FE28,0000356028,2017.0,FY,2016-04-01,2017-03-31,2018-05-09 16:16:13+00:00,totaloperatingexpenses,rdexpense,Research & Development Expense,+,debit,usd,586000000.0
CA Inc,CA,Y7ET3D9SDOFUZ515FE28,0000356028,2017.0,FY,2016-04-01,2017-03-31,2018-05-09 16:16:13+00:00,totaloperatingexpenses,depreciationexpense,Depreciation Expense,+,debit,usd,77000000.0
CA Inc,CA,Y7ET3D9SDOFUZ515FE28,0000356028,2017.0,FY,2016-04-01,2017-03-31,2018-05-09 16:16:13+00:00,totaloperatingexpenses,amortizationexpense,Amortization Expense,+,debit,usd,243000000.0
CA Inc,CA,Y7ET3D9SDOFUZ515FE28,0000356028,2017.0,FY,2016-04-01,2017-03-31,2018-05-09 16:16:13+00:00,totaloperatingexpenses,otheroperatingexpenses,Other Operating Expenses / (Income),+,debit,usd,19000000.0
CA Inc,CA,Y7ET3D9SDOFUZ515FE28,0000356028,2017.0,FY,2016-04-01,2017-03-31,2018-05-09 16:16:13+00:00,totaloperatingincome,totaloperatingexpenses,Total Operating Expenses,-,debit,usd,2328000000.0
CA Inc,CA,Y7ET3D9SDOFUZ515FE28,0000356028,2017.0,FY,2016-04-01,2017-03-31,2018-05-09 16:16:13+00:00,totalpretaxincome,totaloperatingincome,Total Operating Income,+,credit,usd,1135000000.0
CA Inc,CA,Y7ET3D9SDOFUZ515FE28,0000356028,2017.0,FY,2016-04-01,2017-03-31,2018-05-09 16:16:13+00:00,totalotherincome,totalinterestexpense,Interest Expense,-,debit,usd,62000000.0
CA Inc,CA,Y7ET3D9SDOFUZ515FE28,0000356028,2017.0,FY,2016-04-01,2017-03-31,2018-05-09 16:16:13+00:00,totalpretaxincome,totalotherincome,"Total Other Income / (Expense), net",+,credit,usd,-62000000.0
CA Inc,CA,Y7ET3D9SDOFUZ515FE28,0000356028,2017.0,FY,2016-04-01,2017-03-31,2018-05-09 16:16:13+00:00,netincomecontinuing,totalpretaxincome,Total Pre-Tax Income ,+,credit,usd,1073000000.0
CA Inc,CA,Y7ET3D9SDOFUZ515FE28,0000356028,2017.0,FY,2016-04-01,2017-03-31,2018-05-09 16:16:13+00:00,netincomecontinuing,incometaxexpense,Income Tax Expense,-,debit,usd,298000000.0
CA Inc,CA,Y7ET3D9SDOFUZ515FE28,0000356028,2017.0,FY,2016-04-01,2017-03-31,2018-05-09 16:16:13+00:00,netincome,netincomecontinuing,Net Income / (Loss) Continuing Operations,+,credit,usd,775000000.0
CA Inc,CA,Y7ET3D9SDOFUZ515FE28,0000356028,2017.0,FY,2016-04-01,2017-03-31,2018-05-09 16:16:13+00:00,netincome,netincomediscontinued,Net Income / (Loss) Discontinued Operations,+,credit,usd,0.0
CA Inc,CA,Y7ET3D9SDOFUZ515FE28,0000356028,2017.0,FY,2016-04-01,2017-03-31,2018-05-09 16:16:13+00:00,netincometocommon,netincome,Consolidated Net Income / (Loss),+,credit,usd,775000000.0
CA Inc,CA,Y7ET3D9SDOFUZ515FE28,0000356028,2017.0,FY,2016-04-01,2017-03-31,2018-05-09 16:16:13+00:00,,netincometocommon,Net Income / (Loss) Attributable to Common Shareholders,=,credit,usd,775000000.0
CA Inc,CA,Y7ET3D9SDOFUZ515FE28,0000356028,2017.0,FY,2016-04-01,2017-03-31,2018-05-09 16:16:13+00:00,basiceps,weightedavebasicsharesos,Weighted Average Basic Shares Outstanding,/,,shares,414000000.0
CA Inc,CA,Y7ET3D9SDOFUZ515FE28,0000356028,2017.0,FY,2016-04-01,2017-03-31,2018-05-09 16:16:13+00:00,,basiceps,Basic Earnings per Share,=,,usdpershare,1.85
CA Inc,CA,Y7ET3D9SDOFUZ515FE28,0000356028,2017.0,FY,2016-04-01,2017-03-31,2018-05-09 16:16:13+00:00,dilutedeps,weightedavedilutedsharesos,Weighted Average Diluted Shares Outstanding,/,,shares,415000000.0
CA Inc,CA,Y7ET3D9SDOFUZ515FE28,0000356028,2017.0,FY,2016-04-01,2017-03-31,2018-05-09 16:16:13+00:00,,dilutedeps,Diluted Earnings per Share,=,,usdpershare,1.85
CA Inc,CA,Y7ET3D9SDOFUZ515FE28,0000356028,2017.0,FY,2016-04-01,2017-03-31,2018-05-09 16:16:13+00:00,basicdilutedeps,weightedavebasicdilutedsharesos,Weighted Average Basic & Diluted Shares Outstanding,/,,shares,418900000.0
CA Inc,CA,Y7ET3D9SDOFUZ515FE28,0000356028,2017.0,FY,2016-04-01,2017-03-31,2018-05-09 16:16:13+00:00,,basicdilutedeps,Basic & Diluted Earnings per Share,=,,usdpershare,1.85
CA Inc,CA,Y7ET3D9SDOFUZ515FE28,0000356028,2017.0,FY,2016-04-01,2017-03-31,2018-05-09 16:16:13+00:00,,cashdividendspershare,Cash Dividends to Common per Share,=,,usdpershare,1.02
CA Inc,CA,Y7ET3D9SDOFUZ515FE28,0000356028,2017.0,Q4,2017-01-01,2017-03-31,,totalrevenue,operatingrevenue,Operating Revenue,+,credit,usd,889000000.0
CA Inc,CA,Y7ET3D9SDOFUZ515FE28,0000356028,2017.0,Q4,2017-01-01,2017-03-31,,totalrevenue,otherrevenue,Other Revenue,+,credit,usd,123000000.0
CA Inc,CA,Y7ET3D9SDOFUZ515FE28,0000356028,2017.0,Q4,2017-01-01,2017-03-31,,totalgrossprofit,totalrevenue,Total Revenue,+,credit,usd,1012000000.0
CA Inc,CA,Y7ET3D9SDOFUZ515FE28,0000356028,2017.0,Q4,2017-01-01,2017-03-31,,totalcostofrevenue,operatingcostofrevenue,Operating Cost of Revenue,+,debit,usd,149000000.0
CA Inc,CA,Y7ET3D9SDOFUZ515FE28,0000356028,2017.0,Q4,2017-01-01,2017-03-31,,totalgrossprofit,totalcostofrevenue,Total Cost of Revenue,-,debit,usd,149000000.0
CA Inc,CA,Y7ET3D9SDOFUZ515FE28,0000356028,2017.0,Q4,2017-01-01,2017-03-31,,totaloperatingincome,totalgrossprofit,Total Gross Profit,+,credit,usd,863000000.0
CA Inc,CA,Y7ET3D9SDOFUZ515FE28,0000356028,2017.0,Q4,2017-01-01,2017-03-31,,totaloperatingexpenses,sgaexpense,"Selling, General & Admin Expense",+,debit,usd,118000000.0
CA Inc,CA,Y7ET3D9SDOFUZ515FE28,0000356028,2017.0,Q4,2017-01-01,2017-03-31,,totaloperatingexpenses,marketingexpense,Marketing Expense,+,debit,usd,281000000.0
CA Inc,CA,Y7ET3D9SDOFUZ515FE28,0000356028,2017.0,Q4,2017-01-01,2017-03-31,,totaloperatingexpenses,rdexpense,Research & Development Expense,+,debit,usd,158000000.0
CA Inc,CA,Y7ET3D9SDOFUZ515FE28,0000356028,2017.0,Q4,2017-01-01,2017-03-31,,totaloperatingexpenses,depreciationexpense,Depreciation Expense,+,debit,usd,21000000.0
CA Inc,CA,Y7ET3D9SDOFUZ515FE28,0000356028,2017.0,Q4,2017-01-01,2017-03-31,,totaloperatingexpenses,amortizationexpense,Amortization Expense,+,debit,usd,61000000.0
CA Inc,CA,Y7ET3D9SDOFUZ515FE28,0000356028,2017.0,Q4,2017-01-01,2017-03-31,,totaloperatingexpenses,otheroperatingexpenses,Other Operating Expenses / (Income),+,debit,usd,9000000.0
CA Inc,CA,Y7ET3D9SDOFUZ515FE28,0000356028,2017.0,Q4,2017-01-01,2017-03-31,,totaloperatingincome,totaloperatingexpenses,Total Operating Expenses,-,debit,usd,648000000.0
CA Inc,CA,Y7ET3D9SDOFUZ515FE28,0000356028,2017.0,Q4,2017-01-01,2017-03-31,,totalpretaxincome,totaloperatingincome,Total Operating Income,+,credit,usd,215000000.0
CA Inc,CA,Y7ET3D9SDOFUZ515FE28,0000356028,2017.0,Q4,2017-01-01,2017-03-31,,totalotherincome,totalinterestexpense,Interest Expense,-,debit,usd,17000000.0
CA Inc,CA,Y7ET3D9SDOFUZ515FE28,0000356028,2017.0,Q4,2017-01-01,2017-03-31,,totalpretaxincome,totalotherincome,"Total Other Income / (Expense), net",+,credit,usd,-17000000.0
CA Inc,CA,Y7ET3D9SDOFUZ515FE28,0000356028,2017.0,Q4,2017-01-01,2017-03-31,,netincomecontinuing,totalpretaxincome,Total Pre-Tax Income ,+,credit,usd,198000000.0
CA Inc,CA,Y7ET3D9SDOFUZ515FE28,0000356028,2017.0,Q4,2017-01-01,2017-03-31,,netincomecontinuing,incometaxexpense,Income Tax Expense,-,debit,usd,41000000.0
CA Inc,CA,Y7ET3D9SDOFUZ515FE28,0000356028,2017.0,Q4,2017-01-01,2017-03-31,,netincome,netincomecontinuing,Net Income / (Loss) Continuing Operations,+,credit,usd,157000000.0
CA Inc,CA,Y7ET3D9SDOFUZ515FE28,0000356028,2017.0,Q4,2017-01-01,2017-03-31,,netincometocommon,netincome,Consolidated Net Income / (Loss),+,credit,usd,157000000.0
CA Inc,CA,Y7ET3D9SDOFUZ515FE28,0000356028,2017.0,Q4,2017-01-01,2017-03-31,,,netincometocommon,Net Income / (Loss) Attributable to Common Shareholders,=,credit,usd,157000000.0
CA Inc,CA,Y7ET3D9SDOFUZ515FE28,0000356028,2017.0,Q4,2017-01-01,2017-03-31,,basiceps,weightedavebasicsharesos,Weighted Average Basic Shares Outstanding,/,,shares,414000000.0
CA Inc,CA,Y7ET3D9SDOFUZ515FE28,0000356028,2017.0,Q4,2017-01-01,2017-03-31,,,basiceps,Basic Earnings per Share,=,,usdpershare,0.38
CA Inc,CA,Y7ET3D9SDOFUZ515FE28,0000356028,2017.0,Q4,2017-01-01,2017-03-31,,dilutedeps,weightedavedilutedsharesos,Weighted Average Diluted Shares Outstanding,/,,shares,415000000.0
CA Inc,CA,Y7ET3D9SDOFUZ515FE28,0000356028,2017.0,Q4,2017-01-01,2017-03-31,,,dilutedeps,Diluted Earnings per Share,=,,usdpershare,0.38
CA Inc,CA,Y7ET3D9SDOFUZ515FE28,0000356028,2017.0,Q4,2017-01-01,2017-03-31,,basicdilutedeps,weightedavebasicdilutedsharesos,Weighted Average Basic & Diluted Shares Outstanding,/,,shares,418900000.0
CA Inc,CA,Y7ET3D9SDOFUZ515FE28,0000356028,2017.0,Q4,2017-01-01,2017-03-31,,,basicdilutedeps,Basic & Diluted Earnings per Share,=,,usdpershare,0.38
CA Inc,CA,Y7ET3D9SDOFUZ515FE28,0000356028,2017.0,Q4,2017-01-01,2017-03-31,,,cashdividendspershare,Cash Dividends to Common per Share,=,,usdpershare,-0.77
CA Inc,CA,Y7ET3D9SDOFUZ515FE28,0000356028,2017.0,Q3,2016-10-01,2016-12-31,2018-01-31 16:53:39+00:00,totalrevenue,operatingrevenue,Operating Revenue,+,credit,usd,889000000.0
CA Inc,CA,Y7ET3D9SDOFUZ515FE28,0000356028,2017.0,Q3,2016-10-01,2016-12-31,2018-01-31 16:53:39+00:00,totalrevenue,otherrevenue,Other Revenue,+,credit,usd,118000000.0
CA Inc,CA,Y7ET3D9SDOFUZ515FE28,0000356028,2017.0,Q3,2016-10-01,2016-12-31,2018-01-31 16:53:39+00:00,totalgrossprofit,totalrevenue,Total Revenue,+,credit,usd,1007000000.0
CA Inc,CA,Y7ET3D9SDOFUZ515FE28,0000356028,2017.0,Q3,2016-10-01,2016-12-31,2018-01-31 16:53:39+00:00,totalcostofrevenue,operatingcostofrevenue,Operating Cost of Revenue,+,debit,usd,142000000.0
CA Inc,CA,Y7ET3D9SDOFUZ515FE28,0000356028,2017.0,Q3,2016-10-01,2016-12-31,2018-01-31 16:53:39+00:00,totalgrossprofit,totalcostofrevenue,Total Cost of Revenue,-,debit,usd,142000000.0
CA Inc,CA,Y7ET3D9SDOFUZ515FE28,0000356028,2017.0,Q3,2016-10-01,2016-12-31,2018-01-31 16:53:39+00:00,totaloperatingincome,totalgrossprofit,Total Gross Profit,+,credit,usd,865000000.0
CA Inc,CA,Y7ET3D9SDOFUZ515FE28,0000356028,2017.0,Q3,2016-10-01,2016-12-31,2018-01-31 16:53:39+00:00,totaloperatingexpenses,sgaexpense,"Selling, General & Admin Expense",+,debit,usd,85000000.0
CA Inc,CA,Y7ET3D9SDOFUZ515FE28,0000356028,2017.0,Q3,2016-10-01,2016-12-31,2018-01-31 16:53:39+00:00,totaloperatingexpenses,marketingexpense,Marketing Expense,+,debit,usd,270000000.0
CA Inc,CA,Y7ET3D9SDOFUZ515FE28,0000356028,2017.0,Q3,2016-10-01,2016-12-31,2018-01-31 16:53:39+00:00,totaloperatingexpenses,rdexpense,Research & Development Expense,+,debit,usd,144000000.0
CA Inc,CA,Y7ET3D9SDOFUZ515FE28,0000356028,2017.0,Q3,2016-10-01,2016-12-31,2018-01-31 16:53:39+00:00,totaloperatingexpenses,depreciationexpense,Depreciation Expense,+,debit,usd,18000000.0
CA Inc,CA,Y7ET3D9SDOFUZ515FE28,0000356028,2017.0,Q3,2016-10-01,2016-12-31,2018-01-31 16:53:39+00:00,totaloperatingexpenses,amortizationexpense,Amortization Expense,+,debit,usd,57000000.0
CA Inc,CA,Y7ET3D9SDOFUZ515FE28,0000356028,2017.0,Q3,2016-10-01,2016-12-31,2018-01-31 16:53:39+00:00,totaloperatingexpenses,otheroperatingexpenses,Other Operating Expenses / (Income),+,debit,usd,-17000000.0
CA Inc,CA,Y7ET3D9SDOFUZ515FE28,0000356028,2017.0,Q3,2016-10-01,2016-12-31,2018-01-31 16:53:39+00:00,totaloperatingincome,totaloperatingexpenses,Total Operating Expenses,-,debit,usd,557000000.0
CA Inc,CA,Y7ET3D9SDOFUZ515FE28,0000356028,2017.0,Q3,2016-10-01,2016-12-31,2018-01-31 16:53:39+00:00,totalpretaxincome,totaloperatingincome,Total Operating Income,+,credit,usd,308000000.0
CA Inc,CA,Y7ET3D9SDOFUZ515FE28,0000356028,2017.0,Q3,2016-10-01,2016-12-31,2018-01-31 16:53:39+00:00,totalotherincome,totalinterestexpense,Interest Expense,-,debit,usd,16000000.0
CA Inc,CA,Y7ET3D9SDOFUZ515FE28,0000356028,2017.0,Q3,2016-10-01,2016-12-31,2018-01-31 16:53:39+00:00,totalpretaxincome,totalotherincome,"Total Other Income / (Expense), net",+,credit,usd,-16000000.0
CA Inc,CA,Y7ET3D9SDOFUZ515FE28,0000356028,2017.0,Q3,2016-10-01,2016-12-31,2018-01-31 16:53:39+00:00,netincomecontinuing,totalpretaxincome,Total Pre-Tax Income ,+,credit,usd,292000000.0
CA Inc,CA,Y7ET3D9SDOFUZ515FE28,0000356028,2017.0,Q3,2016-10-01,2016-12-31,2018-01-31 16:53:39+00:00,netincomecontinuing,incometaxexpense,Income Tax Expense,-,debit,usd,84000000.0
CA Inc,CA,Y7ET3D9SDOFUZ515FE28,0000356028,2017.0,Q3,2016-10-01,2016-12-31,2018-01-31 16:53:39+00:00,netincome,netincomecontinuing,Net Income / (Loss) Continuing Operations,+,credit,usd,208000000.0
CA Inc,CA,Y7ET3D9SDOFUZ515FE28,0000356028,2017.0,Q3,2016-10-01,2016-12-31,2018-01-31 16:53:39+00:00,netincometocommon,netincome,Consolidated Net Income / (Loss),+,credit,usd,208000000.0
CA Inc,CA,Y7ET3D9SDOFUZ515FE28,0000356028,2017.0,Q3,2016-10-01,2016-12-31,2018-01-31 16:53:39+00:00,,netincometocommon,Net Income / (Loss) Attributable to Common Shareholders,=,credit,usd,208000000.0
CA Inc,CA,Y7ET3D9SDOFUZ515FE28,0000356028,2017.0,Q3,2016-10-01,2016-12-31,2018-01-31 16:53:39+00:00,basiceps,weightedavebasicsharesos,Weighted Average Basic Shares Outstanding,/,,shares,413000000.0
CA Inc,CA,Y7ET3D9SDOFUZ515FE28,0000356028,2017.0,Q3,2016-10-01,2016-12-31,2018-01-31 16:53:39+00:00,,basiceps,Basic Earnings per Share,=,,usdpershare,0.5
CA Inc,CA,Y7ET3D9SDOFUZ515FE28,0000356028,2017.0,Q3,2016-10-01,2016-12-31,2018-01-31 16:53:39+00:00,dilutedeps,weightedavedilutedsharesos,Weighted Average Diluted Shares Outstanding,/,,shares,414000000.0
CA Inc,CA,Y7ET3D9SDOFUZ515FE28,0000356028,2017.0,Q3,2016-10-01,2016-12-31,2018-01-31 16:53:39+00:00,,dilutedeps,Diluted Earnings per Share,=,,usdpershare,0.5
CA Inc,CA,Y7ET3D9SDOFUZ515FE28,0000356028,2017.0,Q3,2016-10-01,2016-12-31,2018-01-31 16:53:39+00:00,basicdilutedeps,weightedavebasicdilutedsharesos,Weighted Average Basic & Diluted Shares Outstanding,/,,shares,416000000.0
CA Inc,CA,Y7ET3D9SDOFUZ515FE28,0000356028,2017.0,Q3,2016-10-01,2016-12-31,2018-01-31 16:53:39+00:00,,basicdilutedeps,Basic & Diluted Earnings per Share,=,,usdpershare,0.5
CA Inc,CA,Y7ET3D9SDOFUZ515FE28,0000356028,2017.0,Q3,2016-10-01,2016-12-31,2018-01-31 16:53:39+00:00,,cashdividendspershare,Cash Dividends to Common per Share,=,,usdpershare,0.255
CA Inc,CA,Y7ET3D9SDOFUZ515FE28,0000356028,2017.0,Q3YTD,2016-04-01,2016-12-31,,totalrevenue,operatingrevenue,Operating Revenue,+,credit,usd,2691000000.0
CA Inc,CA,Y7ET3D9SDOFUZ515FE28,0000356028,2017.0,Q3YTD,2016-04-01,2016-12-31,,totalrevenue,otherrevenue,Other Revenue,+,credit,usd,333000000.0
CA Inc,CA,Y7ET3D9SDOFUZ515FE28,0000356028,2017.0,Q3YTD,2016-04-01,2016-12-31,,totalgrossprofit,totalrevenue,Total Revenue,+,credit,usd,3024000000.0
CA Inc,CA,Y7ET3D9SDOFUZ515FE28,0000356028,2017.0,Q3YTD,2016-04-01,2016-12-31,,totalcostofrevenue,operatingcostofrevenue,Operating Cost of Revenue,+,debit,usd,424000000.0
CA Inc,CA,Y7ET3D9SDOFUZ515FE28,0000356028,2017.0,Q3YTD,2016-04-01,2016-12-31,,totalgrossprofit,totalcostofrevenue,Total Cost of Revenue,-,debit,usd,424000000.0
CA Inc,CA,Y7ET3D9SDOFUZ515FE28,0000356028,2017.0,Q3YTD,2016-04-01,2016-12-31,,totaloperatingincome,totalgrossprofit,Total Gross Profit,+,credit,usd,2600000000.0
CA Inc,CA,Y7ET3D9SDOFUZ515FE28,0000356028,2017.0,Q3YTD,2016-04-01,2016-12-31,,totaloperatingexpenses,sgaexpense,"Selling, General & Admin Expense",+,debit,usd,257000000.0
CA Inc,CA,Y7ET3D9SDOFUZ515FE28,0000356028,2017.0,Q3YTD,2016-04-01,2016-12-31,,totaloperatingexpenses,marketingexpense,Marketing Expense,+,debit,usd,747000000.0
CA Inc,CA,Y7ET3D9SDOFUZ515FE28,0000356028,2017.0,Q3YTD,2016-04-01,2016-12-31,,totaloperatingexpenses,rdexpense,Research & Development Expense,+,debit,usd,428000000.0
CA Inc,CA,Y7ET3D9SDOFUZ515FE28,0000356028,2017.0,Q3YTD,2016-04-01,2016-12-31,,totaloperatingexpenses,depreciationexpense,Depreciation Expense,+,debit,usd,56000000.0
CA Inc,CA,Y7ET3D9SDOFUZ515FE28,0000356028,2017.0,Q3YTD,2016-04-01,2016-12-31,,totaloperatingexpenses,amortizationexpense,Amortization Expense,+,debit,usd,182000000.0
CA Inc,CA,Y7ET3D9SDOFUZ515FE28,0000356028,2017.0,Q3YTD,2016-04-01,2016-12-31,,totaloperatingexpenses,otheroperatingexpenses,Other Operating Expenses / (Income),+,debit,usd,10000000.0
CA Inc,CA,Y7ET3D9SDOFUZ515FE28,0000356028,2017.0,Q3YTD,2016-04-01,2016-12-31,,totaloperatingincome,totaloperatingexpenses,Total Operating Expenses,-,debit,usd,1680000000.0
CA Inc,CA,Y7ET3D9SDOFUZ515FE28,0000356028,2017.0,Q3YTD,2016-04-01,2016-12-31,,totalpretaxincome,totaloperatingincome,Total Operating Income,+,credit,usd,920000000.0
CA Inc,CA,Y7ET3D9SDOFUZ515FE28,0000356028,2017.0,Q3YTD,2016-04-01,2016-12-31,,totalotherincome,totalinterestexpense,Interest Expense,-,debit,usd,45000000.0
CA Inc,CA,Y7ET3D9SDOFUZ515FE28,0000356028,2017.0,Q3YTD,2016-04-01,2016-12-31,,totalpretaxincome,totalotherincome,"Total Other Income / (Expense), net",+,credit,usd,-45000000.0
CA Inc,CA,Y7ET3D9SDOFUZ515FE28,0000356028,2017.0,Q3YTD,2016-04-01,2016-12-31,,netincomecontinuing,totalpretaxincome,Total Pre-Tax Income ,+,credit,usd,875000000.0
CA Inc,CA,Y7ET3D9SDOFUZ515FE28,0000356028,2017.0,Q3YTD,2016-04-01,2016-12-31,,netincomecontinuing,incometaxexpense,Income Tax Expense,-,debit,usd,257000000.0
CA Inc,CA,Y7ET3D9SDOFUZ515FE28,0000356028,2017.0,Q3YTD,2016-04-01,2016-12-31,,netincome,netincomecontinuing,Net Income / (Loss) Continuing Operations,+,credit,usd,618000000.0
CA Inc,CA,Y7ET3D9SDOFUZ515FE28,0000356028,2017.0,Q3YTD,2016-04-01,2016-12-31,,netincometocommon,netincome,Consolidated Net Income / (Loss),+,credit,usd,618000000.0
CA Inc,CA,Y7ET3D9SDOFUZ515FE28,0000356028,2017.0,Q3YTD,2016-04-01,2016-12-31,,,netincometocommon,Net Income / (Loss) Attributable to Common Shareholders,=,credit,usd,618000000.0
CA Inc,CA,Y7ET3D9SDOFUZ515FE28,0000356028,2017.0,Q3YTD,2016-04-01,2016-12-31,,basiceps,weightedavebasicsharesos,Weighted Average Basic Shares Outstanding,/,,shares,413000000.0
CA Inc,CA,Y7ET3D9SDOFUZ515FE28,0000356028,2017.0,Q3YTD,2016-04-01,2016-12-31,,,basiceps,Basic Earnings per Share,=,,usdpershare,1.47
CA Inc,CA,Y7ET3D9SDOFUZ515FE28,0000356028,2017.0,Q3YTD,2016-04-01,2016-12-31,,dilutedeps,weightedavedilutedsharesos,Weighted Average Diluted Shares Outstanding,/,,shares,414000000.0
CA Inc,CA,Y7ET3D9SDOFUZ515FE28,0000356028,2017.0,Q3YTD,2016-04-01,2016-12-31,,,dilutedeps,Diluted Earnings per Share,=,,usdpershare,1.47
CA Inc,CA,Y7ET3D9SDOFUZ515FE28,0000356028,2017.0,Q3YTD,2016-04-01,2016-12-31,,basicdilutedeps,weightedavebasicdilutedsharesos,Weighted Average Basic & Diluted Shares Outstanding,/,,shares,416000000.0
CA Inc,CA,Y7ET3D9SDOFUZ515FE28,0000356028,2017.0,Q3YTD,2016-04-01,2016-12-31,,,basicdilutedeps,Basic & Diluted Earnings per Share,=,,usdpershare,1.47
CA Inc,CA,Y7ET3D9SDOFUZ515FE28,0000356028,2017.0,Q3YTD,2016-04-01,2016-12-31,,,cashdividendspershare,Cash Dividends to Common per Share,=,,usdpershare,0.77
CA Inc,CA,Y7ET3D9SDOFUZ515FE28,0000356028,2017.0,Q3TTM,2016-01-01,2016-12-31,,totalrevenue,operatingrevenue,Operating Revenue,+,credit,usd,3594000000.0
CA Inc,CA,Y7ET3D9SDOFUZ515FE28,0000356028,2017.0,Q3TTM,2016-01-01,2016-12-31,,totalrevenue,otherrevenue,Other Revenue,+,credit,usd,439000000.0
CA Inc,CA,Y7ET3D9SDOFUZ515FE28,0000356028,2017.0,Q3TTM,2016-01-01,2016-12-31,,totalgrossprofit,totalrevenue,Total Revenue,+,credit,usd,4033000000.0
CA Inc,CA,Y7ET3D9SDOFUZ515FE28,0000356028,2017.0,Q3TTM,2016-01-01,2016-12-31,,totalcostofrevenue,operatingcostofrevenue,Operating Cost of Revenue,+,debit,usd,574000000.0
CA Inc,CA,Y7ET3D9SDOFUZ515FE28,0000356028,2017.0,Q3TTM,2016-01-01,2016-12-31,,totalgrossprofit,totalcostofrevenue,Total Cost of Revenue,-,debit,usd,574000000.0
CA Inc,CA,Y7ET3D9SDOFUZ515FE28,0000356028,2017.0,Q3TTM,2016-01-01,2016-12-31,,totaloperatingincome,totalgrossprofit,Total Gross Profit,+,credit,usd,3459000000.0
CA Inc,CA,Y7ET3D9SDOFUZ515FE28,0000356028,2017.0,Q3TTM,2016-01-01,2016-12-31,,totaloperatingexpenses,sgaexpense,"Selling, General & Admin Expense",+,debit,usd,345000000.0
CA Inc,CA,Y7ET3D9SDOFUZ515FE28,0000356028,2017.0,Q3TTM,2016-01-01,2016-12-31,,totaloperatingexpenses,marketingexpense,Marketing Expense,+,debit,usd,1002000000.0
CA Inc,CA,Y7ET3D9SDOFUZ515FE28,0000356028,2017.0,Q3TTM,2016-01-01,2016-12-31,,totaloperatingexpenses,rdexpense,Research & Development Expense,+,debit,usd,568000000.0
CA Inc,CA,Y7ET3D9SDOFUZ515FE28,0000356028,2017.0,Q3TTM,2016-01-01,2016-12-31,,totaloperatingexpenses,depreciationexpense,Depreciation Expense,+,debit,usd,79000000.0
CA Inc,CA,Y7ET3D9SDOFUZ515FE28,0000356028,2017.0,Q3TTM,2016-01-01,2016-12-31,,totaloperatingexpenses,amortizationexpense,Amortization Expense,+,debit,usd,246000000.0
CA Inc,CA,Y7ET3D9SDOFUZ515FE28,0000356028,2017.0,Q3TTM,2016-01-01,2016-12-31,,totaloperatingexpenses,otheroperatingexpenses,Other Operating Expenses / (Income),+,debit,usd,20000000.0
CA Inc,CA,Y7ET3D9SDOFUZ515FE28,0000356028,2017.0,Q3TTM,2016-01-01,2016-12-31,,totaloperatingincome,totaloperatingexpenses,Total Operating Expenses,-,debit,usd,2260000000.0
CA Inc,CA,Y7ET3D9SDOFUZ515FE28,0000356028,2017.0,Q3TTM,2016-01-01,2016-12-31,,totalpretaxincome,totaloperatingincome,Total Operating Income,+,credit,usd,1199000000.0
CA Inc,CA,Y7ET3D9SDOFUZ515FE28,0000356028,2017.0,Q3TTM,2016-01-01,2016-12-31,,totalotherincome,totalinterestexpense,Interest Expense,-,debit,usd,60000000.0
CA Inc,CA,Y7ET3D9SDOFUZ515FE28,0000356028,2017.0,Q3TTM,2016-01-01,2016-12-31,,totalpretaxincome,totalotherincome,"Total Other Income / (Expense), net",+,credit,usd,-60000000.0
CA Inc,CA,Y7ET3D9SDOFUZ515FE28,0000356028,2017.0,Q3TTM,2016-01-01,2016-12-31,,netincomecontinuing,totalpretaxincome,Total Pre-Tax Income ,+,credit,usd,1139000000.0
CA Inc,CA,Y7ET3D9SDOFUZ515FE28,0000356028,2017.0,Q3TTM,2016-01-01,2016-12-31,,netincomecontinuing,incometaxexpense,Income Tax Expense,-,debit,usd,350000000.0
CA Inc,CA,Y7ET3D9SDOFUZ515FE28,0000356028,2017.0,Q3TTM,2016-01-01,2016-12-31,,netincome,netincomecontinuing,Net Income / (Loss) Continuing Operations,+,credit,usd,789000000.0
CA Inc,CA,Y7ET3D9SDOFUZ515FE28,0000356028,2017.0,Q3TTM,2016-01-01,2016-12-31,,netincome,netincomediscontinued,Net Income / (Loss) Discontinued Operations,+,credit,usd,3000000.0
CA Inc,CA,Y7ET3D9SDOFUZ515FE28,0000356028,2017.0,Q3TTM,2016-01-01,2016-12-31,,netincometocommon,netincome,Consolidated Net Income / (Loss),+,credit,usd,792000000.0
CA Inc,CA,Y7ET3D9SDOFUZ515FE28,0000356028,2017.0,Q3TTM,2016-01-01,2016-12-31,,,netincometocommon,Net Income / (Loss) Attributable to Common Shareholders,=,credit,usd,792000000.0
CA Inc,CA,Y7ET3D9SDOFUZ515FE28,0000356028,2017.0,Q3TTM,2016-01-01,2016-12-31,,basiceps,weightedavebasicsharesos,Weighted Average Basic Shares Outstanding,/,,shares,413000000.0
CA Inc,CA,Y7ET3D9SDOFUZ515FE28,0000356028,2017.0,Q3TTM,2016-01-01,2016-12-31,,,basiceps,Basic Earnings per Share,=,,usdpershare,1.89
CA Inc,CA,Y7ET3D9SDOFUZ515FE28,0000356028,2017.0,Q3TTM,2016-01-01,2016-12-31,,dilutedeps,weightedavedilutedsharesos,Weighted Average Diluted Shares Outstanding,/,,shares,414000000.0
CA Inc,CA,Y7ET3D9SDOFUZ515FE28,0000356028,2017.0,Q3TTM,2016-01-01,2016-12-31,,,dilutedeps,Diluted Earnings per Share,=,,usdpershare,1.88
CA Inc,CA,Y7ET3D9SDOFUZ515FE28,0000356028,2017.0,Q3TTM,2016-01-01,2016-12-31,,basicdilutedeps,weightedavebasicdilutedsharesos,Weighted Average Basic & Diluted Shares Outstanding,/,,shares,416000000.0
CA Inc,CA,Y7ET3D9SDOFUZ515FE28,0000356028,2017.0,Q3TTM,2016-01-01,2016-12-31,,,basicdilutedeps,Basic & Diluted Earnings per Share,=,,usdpershare,1.89
CA Inc,CA,Y7ET3D9SDOFUZ515FE28,0000356028,2017.0,Q3TTM,2016-01-01,2016-12-31,,,cashdividendspershare,Cash Dividends to Common per Share,=,,usdpershare,0.02
CA Inc,CA,Y7ET3D9SDOFUZ515FE28,0000356028,2017.0,Q2,2016-07-01,2016-09-30,2017-10-26 16:08:42+00:00,totalrevenue,operatingrevenue,Operating Revenue,+,credit,usd,899000000.0
CA Inc,CA,Y7ET3D9SDOFUZ515FE28,0000356028,2017.0,Q2,2016-07-01,2016-09-30,2017-10-26 16:08:42+00:00,totalrevenue,otherrevenue,Other Revenue,+,credit,usd,119000000.0
CA Inc,CA,Y7ET3D9SDOFUZ515FE28,0000356028,2017.0,Q2,2016-07-01,2016-09-30,2017-10-26 16:08:42+00:00,totalgrossprofit,totalrevenue,Total Revenue,+,credit,usd,1018000000.0
CA Inc,CA,Y7ET3D9SDOFUZ515FE28,0000356028,2017.0,Q2,2016-07-01,2016-09-30,2017-10-26 16:08:42+00:00,totalcostofrevenue,operatingcostofrevenue,Operating Cost of Revenue,+,debit,usd,139000000.0
CA Inc,CA,Y7ET3D9SDOFUZ515FE28,0000356028,2017.0,Q2,2016-07-01,2016-09-30,2017-10-26 16:08:42+00:00,totalgrossprofit,totalcostofrevenue,Total Cost of Revenue,-,debit,usd,139000000.0
CA Inc,CA,Y7ET3D9SDOFUZ515FE28,0000356028,2017.0,Q2,2016-07-01,2016-09-30,2017-10-26 16:08:42+00:00,totaloperatingincome,totalgrossprofit,Total Gross Profit,+,credit,usd,879000000.0
CA Inc,CA,Y7ET3D9SDOFUZ515FE28,0000356028,2017.0,Q2,2016-07-01,2016-09-30,2017-10-26 16:08:42+00:00,totaloperatingexpenses,sgaexpense,"Selling, General & Admin Expense",+,debit,usd,84000000.0
CA Inc,CA,Y7ET3D9SDOFUZ515FE28,0000356028,2017.0,Q2,2016-07-01,2016-09-30,2017-10-26 16:08:42+00:00,totaloperatingexpenses,marketingexpense,Marketing Expense,+,debit,usd,235000000.0
CA Inc,CA,Y7ET3D9SDOFUZ515FE28,0000356028,2017.0,Q2,2016-07-01,2016-09-30,2017-10-26 16:08:42+00:00,totaloperatingexpenses,rdexpense,Research & Development Expense,+,debit,usd,136000000.0
CA Inc,CA,Y7ET3D9SDOFUZ515FE28,0000356028,2017.0,Q2,2016-07-01,2016-09-30,2017-10-26 16:08:42+00:00,totaloperatingexpenses,depreciationexpense,Depreciation Expense,+,debit,usd,18000000.0
CA Inc,CA,Y7ET3D9SDOFUZ515FE28,0000356028,2017.0,Q2,2016-07-01,2016-09-30,2017-10-26 16:08:42+00:00,totaloperatingexpenses,amortizationexpense,Amortization Expense,+,debit,usd,59000000.0
CA Inc,CA,Y7ET3D9SDOFUZ515FE28,0000356028,2017.0,Q2,2016-07-01,2016-09-30,2017-10-26 16:08:42+00:00,totaloperatingexpenses,otheroperatingexpenses,Other Operating Expenses / (Income),+,debit,usd,27000000.0
CA Inc,CA,Y7ET3D9SDOFUZ515FE28,0000356028,2017.0,Q2,2016-07-01,2016-09-30,2017-10-26 16:08:42+00:00,totaloperatingincome,totaloperatingexpenses,Total Operating Expenses,-,debit,usd,559000000.0
CA Inc,CA,Y7ET3D9SDOFUZ515FE28,0000356028,2017.0,Q2,2016-07-01,2016-09-30,2017-10-26 16:08:42+00:00,totalpretaxincome,totaloperatingincome,Total Operating Income,+,credit,usd,320000000.0
CA Inc,CA,Y7ET3D9SDOFUZ515FE28,0000356028,2017.0,Q2,2016-07-01,2016-09-30,2017-10-26 16:08:42+00:00,totalotherincome,totalinterestexpense,Interest Expense,-,debit,usd,14000000.0
CA Inc,CA,Y7ET3D9SDOFUZ515FE28,0000356028,2017.0,Q2,2016-07-01,2016-09-30,2017-10-26 16:08:42+00:00,totalpretaxincome,totalotherincome,"Total Other Income / (Expense), net",+,credit,usd,-14000000.0
CA Inc,CA,Y7ET3D9SDOFUZ515FE28,0000356028,2017.0,Q2,2016-07-01,2016-09-30,2017-10-26 16:08:42+00:00,netincomecontinuing,totalpretaxincome,Total Pre-Tax Income ,+,credit,usd,306000000.0
CA Inc,CA,Y7ET3D9SDOFUZ515FE28,0000356028,2017.0,Q2,2016-07-01,2016-09-30,2017-10-26 16:08:42+00:00,netincomecontinuing,incometaxexpense,Income Tax Expense,-,debit,usd,94000000.0
CA Inc,CA,Y7ET3D9SDOFUZ515FE28,0000356028,2017.0,Q2,2016-07-01,2016-09-30,2017-10-26 16:08:42+00:00,netincome,netincomecontinuing,Net Income / (Loss) Continuing Operations,+,credit,usd,212000000.0
CA Inc,CA,Y7ET3D9SDOFUZ515FE28,0000356028,2017.0,Q2,2016-07-01,2016-09-30,2017-10-26 16:08:42+00:00,netincometocommon,netincome,Consolidated Net Income / (Loss),+,credit,usd,212000000.0
CA Inc,CA,Y7ET3D9SDOFUZ515FE28,0000356028,2017.0,Q2,2016-07-01,2016-09-30,2017-10-26 16:08:42+00:00,,netincometocommon,Net Income / (Loss) Attributable to Common Shareholders,=,credit,usd,212000000.0
CA Inc,CA,Y7ET3D9SDOFUZ515FE28,0000356028,2017.0,Q2,2016-07-01,2016-09-30,2017-10-26 16:08:42+00:00,basiceps,weightedavebasicsharesos,Weighted Average Basic Shares Outstanding,/,,shares,414000000.0
CA Inc,CA,Y7ET3D9SDOFUZ515FE28,0000356028,2017.0,Q2,2016-07-01,2016-09-30,2017-10-26 16:08:42+00:00,,basiceps,Basic Earnings per Share,=,,usdpershare,0.5
CA Inc,CA,Y7ET3D9SDOFUZ515FE28,0000356028,2017.0,Q2,2016-07-01,2016-09-30,2017-10-26 16:08:42+00:00,dilutedeps,weightedavedilutedsharesos,Weighted Average Diluted Shares Outstanding,/,,shares,415000000.0
CA Inc,CA,Y7ET3D9SDOFUZ515FE28,0000356028,2017.0,Q2,2016-07-01,2016-09-30,2017-10-26 16:08:42+00:00,,dilutedeps,Diluted Earnings per Share,=,,usdpershare,0.5
CA Inc,CA,Y7ET3D9SDOFUZ515FE28,0000356028,2017.0,Q2,2016-07-01,2016-09-30,2017-10-26 16:08:42+00:00,basicdilutedeps,weightedavebasicdilutedsharesos,Weighted Average Basic & Diluted Shares Outstanding,/,,shares,424000000.0
CA Inc,CA,Y7ET3D9SDOFUZ515FE28,0000356028,2017.0,Q2,2016-07-01,2016-09-30,2017-10-26 16:08:42+00:00,,basicdilutedeps,Basic & Diluted Earnings per Share,=,,usdpershare,0.5
CA Inc,CA,Y7ET3D9SDOFUZ515FE28,0000356028,2017.0,Q2,2016-07-01,2016-09-30,2017-10-26 16:08:42+00:00,,cashdividendspershare,Cash Dividends to Common per Share,=,,usdpershare,0.255
CA Inc,CA,Y7ET3D9SDOFUZ515FE28,0000356028,2017.0,Q2YTD,2016-04-01,2016-09-30,,totalrevenue,operatingrevenue,Operating Revenue,+,credit,usd,1802000000.0
CA Inc,CA,Y7ET3D9SDOFUZ515FE28,0000356028,2017.0,Q2YTD,2016-04-01,2016-09-30,,totalrevenue,otherrevenue,Other Revenue,+,credit,usd,215000000.0
CA Inc,CA,Y7ET3D9SDOFUZ515FE28,0000356028,2017.0,Q2YTD,2016-04-01,2016-09-30,,totalgrossprofit,totalrevenue,Total Revenue,+,credit,usd,2017000000.0
CA Inc,CA,Y7ET3D9SDOFUZ515FE28,0000356028,2017.0,Q2YTD,2016-04-01,2016-09-30,,totalcostofrevenue,operatingcostofrevenue,Operating Cost of Revenue,+,debit,usd,282000000.0
CA Inc,CA,Y7ET3D9SDOFUZ515FE28,0000356028,2017.0,Q2YTD,2016-04-01,2016-09-30,,totalgrossprofit,totalcostofrevenue,Total Cost of Revenue,-,debit,usd,282000000.0
CA Inc,CA,Y7ET3D9SDOFUZ515FE28,0000356028,2017.0,Q2YTD,2016-04-01,2016-09-30,,totaloperatingincome,totalgrossprofit,Total Gross Profit,+,credit,usd,1735000000.0
CA Inc,CA,Y7ET3D9SDOFUZ515FE28,0000356028,2017.0,Q2YTD,2016-04-01,2016-09-30,,totaloperatingexpenses,sgaexpense,"Selling, General & Admin Expense",+,debit,usd,172000000.0
CA Inc,CA,Y7ET3D9SDOFUZ515FE28,0000356028,2017.0,Q2YTD,2016-04-01,2016-09-30,,totaloperatingexpenses,marketingexpense,Marketing Expense,+,debit,usd,477000000.0
CA Inc,CA,Y7ET3D9SDOFUZ515FE28,0000356028,2017.0,Q2YTD,2016-04-01,2016-09-30,,totaloperatingexpenses,rdexpense,Research & Development Expense,+,debit,usd,284000000.0
CA Inc,CA,Y7ET3D9SDOFUZ515FE28,0000356028,2017.0,Q2YTD,2016-04-01,2016-09-30,,totaloperatingexpenses,depreciationexpense,Depreciation Expense,+,debit,usd,38000000.0
CA Inc,CA,Y7ET3D9SDOFUZ515FE28,0000356028,2017.0,Q2YTD,2016-04-01,2016-09-30,,totaloperatingexpenses,amortizationexpense,Amortization Expense,+,debit,usd,125000000.0
CA Inc,CA,Y7ET3D9SDOFUZ515FE28,0000356028,2017.0,Q2YTD,2016-04-01,2016-09-30,,totaloperatingexpenses,otheroperatingexpenses,Other Operating Expenses / (Income),+,debit,usd,27000000.0
CA Inc,CA,Y7ET3D9SDOFUZ515FE28,0000356028,2017.0,Q2YTD,2016-04-01,2016-09-30,,totaloperatingincome,totaloperatingexpenses,Total Operating Expenses,-,debit,usd,1123000000.0
CA Inc,CA,Y7ET3D9SDOFUZ515FE28,0000356028,2017.0,Q2YTD,2016-04-01,2016-09-30,,totalpretaxincome,totaloperatingincome,Total Operating Income,+,credit,usd,612000000.0
CA Inc,CA,Y7ET3D9SDOFUZ515FE28,0000356028,2017.0,Q2YTD,2016-04-01,2016-09-30,,totalotherincome,totalinterestexpense,Interest Expense,-,debit,usd,29000000.0
CA Inc,CA,Y7ET3D9SDOFUZ515FE28,0000356028,2017.0,Q2YTD,2016-04-01,2016-09-30,,totalpretaxincome,totalotherincome,"Total Other Income / (Expense), net",+,credit,usd,-29000000.0
CA Inc,CA,Y7ET3D9SDOFUZ515FE28,0000356028,2017.0,Q2YTD,2016-04-01,2016-09-30,,netincomecontinuing,totalpretaxincome,Total Pre-Tax Income ,+,credit,usd,583000000.0
CA Inc,CA,Y7ET3D9SDOFUZ515FE28,0000356028,2017.0,Q2YTD,2016-04-01,2016-09-30,,netincomecontinuing,incometaxexpense,Income Tax Expense,-,debit,usd,173000000.0
CA Inc,CA,Y7ET3D9SDOFUZ515FE28,0000356028,2017.0,Q2YTD,2016-04-01,2016-09-30,,netincome,netincomecontinuing,Net Income / (Loss) Continuing Operations,+,credit,usd,410000000.0
CA Inc,CA,Y7ET3D9SDOFUZ515FE28,0000356028,2017.0,Q2YTD,2016-04-01,2016-09-30,,netincometocommon,netincome,Consolidated Net Income / (Loss),+,credit,usd,410000000.0
CA Inc,CA,Y7ET3D9SDOFUZ515FE28,0000356028,2017.0,Q2YTD,2016-04-01,2016-09-30,,,netincometocommon,Net Income / (Loss) Attributable to Common Shareholders,=,credit,usd,410000000.0
CA Inc,CA,Y7ET3D9SDOFUZ515FE28,0000356028,2017.0,Q2YTD,2016-04-01,2016-09-30,,basiceps,weightedavebasicsharesos,Weighted Average Basic Shares Outstanding,/,,shares,414000000.0
CA Inc,CA,Y7ET3D9SDOFUZ515FE28,0000356028,2017.0,Q2YTD,2016-04-01,2016-09-30,,,basiceps,Basic Earnings per Share,=,,usdpershare,0.97
CA Inc,CA,Y7ET3D9SDOFUZ515FE28,0000356028,2017.0,Q2YTD,2016-04-01,2016-09-30,,dilutedeps,weightedavedilutedsharesos,Weighted Average Diluted Shares Outstanding,/,,shares,415000000.0
CA Inc,CA,Y7ET3D9SDOFUZ515FE28,0000356028,2017.0,Q2YTD,2016-04-01,2016-09-30,,,dilutedeps,Diluted Earnings per Share,=,,usdpershare,0.97
CA Inc,CA,Y7ET3D9SDOFUZ515FE28,0000356028,2017.0,Q2YTD,2016-04-01,2016-09-30,,basicdilutedeps,weightedavebasicdilutedsharesos,Weighted Average Basic & Diluted Shares Outstanding,/,,shares,424000000.0
CA Inc,CA,Y7ET3D9SDOFUZ515FE28,0000356028,2017.0,Q2YTD,2016-04-01,2016-09-30,,,basicdilutedeps,Basic & Diluted Earnings per Share,=,,usdpershare,0.97
CA Inc,CA,Y7ET3D9SDOFUZ515FE28,0000356028,2017.0,Q2YTD,2016-04-01,2016-09-30,,,cashdividendspershare,Cash Dividends to Common per Share,=,,usdpershare,0.51
CA Inc,CA,Y7ET3D9SDOFUZ515FE28,0000356028,2017.0,Q2TTM,2015-10-01,2016-09-30,,totalrevenue,operatingrevenue,Operating Revenue,+,credit,usd,3615000000.0
CA Inc,CA,Y7ET3D9SDOFUZ515FE28,0000356028,2017.0,Q2TTM,2015-10-01,2016-09-30,,totalrevenue,otherrevenue,Other Revenue,+,credit,usd,445000000.0
CA Inc,CA,Y7ET3D9SDOFUZ515FE28,0000356028,2017.0,Q2TTM,2015-10-01,2016-09-30,,totalgrossprofit,totalrevenue,Total Revenue,+,credit,usd,4060000000.0
CA Inc,CA,Y7ET3D9SDOFUZ515FE28,0000356028,2017.0,Q2TTM,2015-10-01,2016-09-30,,totalcostofrevenue,operatingcostofrevenue,Operating Cost of Revenue,+,debit,usd,580000000.0
CA Inc,CA,Y7ET3D9SDOFUZ515FE28,0000356028,2017.0,Q2TTM,2015-10-01,2016-09-30,,totalgrossprofit,totalcostofrevenue,Total Cost of Revenue,-,debit,usd,580000000.0
CA Inc,CA,Y7ET3D9SDOFUZ515FE28,0000356028,2017.0,Q2TTM,2015-10-01,2016-09-30,,totaloperatingincome,totalgrossprofit,Total Gross Profit,+,credit,usd,3480000000.0
CA Inc,CA,Y7ET3D9SDOFUZ515FE28,0000356028,2017.0,Q2TTM,2015-10-01,2016-09-30,,totaloperatingexpenses,sgaexpense,"Selling, General & Admin Expense",+,debit,usd,350000000.0
CA Inc,CA,Y7ET3D9SDOFUZ515FE28,0000356028,2017.0,Q2TTM,2015-10-01,2016-09-30,,totaloperatingexpenses,marketingexpense,Marketing Expense,+,debit,usd,1009000000.0
CA Inc,CA,Y7ET3D9SDOFUZ515FE28,0000356028,2017.0,Q2TTM,2015-10-01,2016-09-30,,totaloperatingexpenses,rdexpense,Research & Development Expense,+,debit,usd,557000000.0
CA Inc,CA,Y7ET3D9SDOFUZ515FE28,0000356028,2017.0,Q2TTM,2015-10-01,2016-09-30,,totaloperatingexpenses,depreciationexpense,Depreciation Expense,+,debit,usd,88000000.0
CA Inc,CA,Y7ET3D9SDOFUZ515FE28,0000356028,2017.0,Q2TTM,2015-10-01,2016-09-30,,totaloperatingexpenses,amortizationexpense,Amortization Expense,+,debit,usd,254000000.0
CA Inc,CA,Y7ET3D9SDOFUZ515FE28,0000356028,2017.0,Q2TTM,2015-10-01,2016-09-30,,totaloperatingexpenses,otheroperatingexpenses,Other Operating Expenses / (Income),+,debit,usd,38000000.0
CA Inc,CA,Y7ET3D9SDOFUZ515FE28,0000356028,2017.0,Q2TTM,2015-10-01,2016-09-30,,totaloperatingincome,totaloperatingexpenses,Total Operating Expenses,-,debit,usd,2296000000.0
CA Inc,CA,Y7ET3D9SDOFUZ515FE28,0000356028,2017.0,Q2TTM,2015-10-01,2016-09-30,,totalpretaxincome,totaloperatingincome,Total Operating Income,+,credit,usd,1184000000.0
CA Inc,CA,Y7ET3D9SDOFUZ515FE28,0000356028,2017.0,Q2TTM,2015-10-01,2016-09-30,,totalotherincome,totalinterestexpense,Interest Expense,-,debit,usd,59000000.0
CA Inc,CA,Y7ET3D9SDOFUZ515FE28,0000356028,2017.0,Q2TTM,2015-10-01,2016-09-30,,totalpretaxincome,totalotherincome,"Total Other Income / (Expense), net",+,credit,usd,-59000000.0
CA Inc,CA,Y7ET3D9SDOFUZ515FE28,0000356028,2017.0,Q2TTM,2015-10-01,2016-09-30,,netincomecontinuing,totalpretaxincome,Total Pre-Tax Income ,+,credit,usd,1125000000.0
CA Inc,CA,Y7ET3D9SDOFUZ515FE28,0000356028,2017.0,Q2TTM,2015-10-01,2016-09-30,,netincomecontinuing,incometaxexpense,Income Tax Expense,-,debit,usd,325000000.0
CA Inc,CA,Y7ET3D9SDOFUZ515FE28,0000356028,2017.0,Q2TTM,2015-10-01,2016-09-30,,netincome,netincomecontinuing,Net Income / (Loss) Continuing Operations,+,credit,usd,800000000.0
CA Inc,CA,Y7ET3D9SDOFUZ515FE28,0000356028,2017.0,Q2TTM,2015-10-01,2016-09-30,,netincome,netincomediscontinued,Net Income / (Loss) Discontinued Operations,+,credit,usd,7000000.0
CA Inc,CA,Y7ET3D9SDOFUZ515FE28,0000356028,2017.0,Q2TTM,2015-10-01,2016-09-30,,netincometocommon,netincome,Consolidated Net Income / (Loss),+,credit,usd,807000000.0
CA Inc,CA,Y7ET3D9SDOFUZ515FE28,0000356028,2017.0,Q2TTM,2015-10-01,2016-09-30,,,netincometocommon,Net Income / (Loss) Attributable to Common Shareholders,=,credit,usd,807000000.0
CA Inc,CA,Y7ET3D9SDOFUZ515FE28,0000356028,2017.0,Q2TTM,2015-10-01,2016-09-30,,basiceps,weightedavebasicsharesos,Weighted Average Basic Shares Outstanding,/,,shares,414000000.0
CA Inc,CA,Y7ET3D9SDOFUZ515FE28,0000356028,2017.0,Q2TTM,2015-10-01,2016-09-30,,,basiceps,Basic Earnings per Share,=,,usdpershare,1.92
CA Inc,CA,Y7ET3D9SDOFUZ515FE28,0000356028,2017.0,Q2TTM,2015-10-01,2016-09-30,,dilutedeps,weightedavedilutedsharesos,Weighted Average Diluted Shares Outstanding,/,,shares,415000000.0
CA Inc,CA,Y7ET3D9SDOFUZ515FE28,0000356028,2017.0,Q2TTM,2015-10-01,2016-09-30,,,dilutedeps,Diluted Earnings per Share,=,,usdpershare,1.91
CA Inc,CA,Y7ET3D9SDOFUZ515FE28,0000356028,2017.0,Q2TTM,2015-10-01,2016-09-30,,basicdilutedeps,weightedavebasicdilutedsharesos,Weighted Average Basic & Diluted Shares Outstanding,/,,shares,424000000.0
CA Inc,CA,Y7ET3D9SDOFUZ515FE28,0000356028,2017.0,Q2TTM,2015-10-01,2016-09-30,,,basicdilutedeps,Basic & Diluted Earnings per Share,=,,usdpershare,1.92
CA Inc,CA,Y7ET3D9SDOFUZ515FE28,0000356028,2017.0,Q2TTM,2015-10-01,2016-09-30,,,cashdividendspershare,Cash Dividends to Common per Share,=,,usdpershare,0.01
CA Inc,CA,Y7ET3D9SDOFUZ515FE28,0000356028,2017.0,Q1,2016-04-01,2016-06-30,2017-08-03 16:08:42+00:00,totalrevenue,operatingrevenue,Operating Revenue,+,credit,usd,903000000.0
CA Inc,CA,Y7ET3D9SDOFUZ515FE28,0000356028,2017.0,Q1,2016-04-01,2016-06-30,2017-08-03 16:08:42+00:00,totalrevenue,otherrevenue,Other Revenue,+,credit,usd,96000000.0
CA Inc,CA,Y7ET3D9SDOFUZ515FE28,0000356028,2017.0,Q1,2016-04-01,2016-06-30,2017-08-03 16:08:42+00:00,totalgrossprofit,totalrevenue,Total Revenue,+,credit,usd,999000000.0
CA Inc,CA,Y7ET3D9SDOFUZ515FE28,0000356028,2017.0,Q1,2016-04-01,2016-06-30,2017-08-03 16:08:42+00:00,totalcostofrevenue,operatingcostofrevenue,Operating Cost of Revenue,+,debit,usd,143000000.0
CA Inc,CA,Y7ET3D9SDOFUZ515FE28,0000356028,2017.0,Q1,2016-04-01,2016-06-30,2017-08-03 16:08:42+00:00,totalgrossprofit,totalcostofrevenue,Total Cost of Revenue,-,debit,usd,143000000.0
CA Inc,CA,Y7ET3D9SDOFUZ515FE28,0000356028,2017.0,Q1,2016-04-01,2016-06-30,2017-08-03 16:08:42+00:00,totaloperatingincome,totalgrossprofit,Total Gross Profit,+,credit,usd,856000000.0
CA Inc,CA,Y7ET3D9SDOFUZ515FE28,0000356028,2017.0,Q1,2016-04-01,2016-06-30,2017-08-03 16:08:42+00:00,totaloperatingexpenses,sgaexpense,"Selling, General & Admin Expense",+,debit,usd,88000000.0
CA Inc,CA,Y7ET3D9SDOFUZ515FE28,0000356028,2017.0,Q1,2016-04-01,2016-06-30,2017-08-03 16:08:42+00:00,totaloperatingexpenses,marketingexpense,Marketing Expense,+,debit,usd,242000000.0
CA Inc,CA,Y7ET3D9SDOFUZ515FE28,0000356028,2017.0,Q1,2016-04-01,2016-06-30,2017-08-03 16:08:42+00:00,totaloperatingexpenses,rdexpense,Research & Development Expense,+,debit,usd,148000000.0
CA Inc,CA,Y7ET3D9SDOFUZ515FE28,0000356028,2017.0,Q1,2016-04-01,2016-06-30,2017-08-03 16:08:42+00:00,totaloperatingexpenses,depreciationexpense,Depreciation Expense,+,debit,usd,20000000.0
CA Inc,CA,Y7ET3D9SDOFUZ515FE28,0000356028,2017.0,Q1,2016-04-01,2016-06-30,2017-08-03 16:08:42+00:00,totaloperatingexpenses,amortizationexpense,Amortization Expense,+,debit,usd,66000000.0
CA Inc,CA,Y7ET3D9SDOFUZ515FE28,0000356028,2017.0,Q1,2016-04-01,2016-06-30,2017-08-03 16:08:42+00:00,totaloperatingexpenses,otheroperatingexpenses,Other Operating Expenses / (Income),+,debit,usd,0.0
CA Inc,CA,Y7ET3D9SDOFUZ515FE28,0000356028,2017.0,Q1,2016-04-01,2016-06-30,2017-08-03 16:08:42+00:00,totaloperatingincome,totaloperatingexpenses,Total Operating Expenses,-,debit,usd,564000000.0
CA Inc,CA,Y7ET3D9SDOFUZ515FE28,0000356028,2017.0,Q1,2016-04-01,2016-06-30,2017-08-03 16:08:42+00:00,totalpretaxincome,totaloperatingincome,Total Operating Income,+,credit,usd,292000000.0
CA Inc,CA,Y7ET3D9SDOFUZ515FE28,0000356028,2017.0,Q1,2016-04-01,2016-06-30,2017-08-03 16:08:42+00:00,totalotherincome,totalinterestexpense,Interest Expense,-,debit,usd,15000000.0
CA Inc,CA,Y7ET3D9SDOFUZ515FE28,0000356028,2017.0,Q1,2016-04-01,2016-06-30,2017-08-03 16:08:42+00:00,totalpretaxincome,totalotherincome,"Total Other Income / (Expense), net",+,credit,usd,-15000000.0
CA Inc,CA,Y7ET3D9SDOFUZ515FE28,0000356028,2017.0,Q1,2016-04-01,2016-06-30,2017-08-03 16:08:42+00:00,netincomecontinuing,totalpretaxincome,Total Pre-Tax Income ,+,credit,usd,277000000.0
CA Inc,CA,Y7ET3D9SDOFUZ515FE28,0000356028,2017.0,Q1,2016-04-01,2016-06-30,2017-08-03 16:08:42+00:00,netincomecontinuing,incometaxexpense,Income Tax Expense,-,debit,usd,79000000.0
CA Inc,CA,Y7ET3D9SDOFUZ515FE28,0000356028,2017.0,Q1,2016-04-01,2016-06-30,2017-08-03 16:08:42+00:00,netincome,netincomecontinuing,Net Income / (Loss) Continuing Operations,+,credit,usd,198000000.0
CA Inc,CA,Y7ET3D9SDOFUZ515FE28,0000356028,2017.0,Q1,2016-04-01,2016-06-30,2017-08-03 16:08:42+00:00,netincometocommon,netincome,Consolidated Net Income / (Loss),+,credit,usd,198000000.0
CA Inc,CA,Y7ET3D9SDOFUZ515FE28,0000356028,2017.0,Q1,2016-04-01,2016-06-30,2017-08-03 16:08:42+00:00,,netincometocommon,Net Income / (Loss) Attributable to Common Shareholders,=,credit,usd,198000000.0
CA Inc,CA,Y7ET3D9SDOFUZ515FE28,0000356028,2017.0,Q1,2016-04-01,2016-06-30,2017-08-03 16:08:42+00:00,basiceps,weightedavebasicsharesos,Weighted Average Basic Shares Outstanding,/,,shares,414000000.0
CA Inc,CA,Y7ET3D9SDOFUZ515FE28,0000356028,2017.0,Q1,2016-04-01,2016-06-30,2017-08-03 16:08:42+00:00,,basiceps,Basic Earnings per Share,=,,usdpershare,0.47
CA Inc,CA,Y7ET3D9SDOFUZ515FE28,0000356028,2017.0,Q1,2016-04-01,2016-06-30,2017-08-03 16:08:42+00:00,dilutedeps,weightedavedilutedsharesos,Weighted Average Diluted Shares Outstanding,/,,shares,415000000.0
CA Inc,CA,Y7ET3D9SDOFUZ515FE28,0000356028,2017.0,Q1,2016-04-01,2016-06-30,2017-08-03 16:08:42+00:00,,dilutedeps,Diluted Earnings per Share,=,,usdpershare,0.47
CA Inc,CA,Y7ET3D9SDOFUZ515FE28,0000356028,2017.0,Q1,2016-04-01,2016-06-30,2017-08-03 16:08:42+00:00,basicdilutedeps,weightedavebasicdilutedsharesos,Weighted Average Basic & Diluted Shares Outstanding,/,,shares,421300000.0
CA Inc,CA,Y7ET3D9SDOFUZ515FE28,0000356028,2017.0,Q1,2016-04-01,2016-06-30,2017-08-03 16:08:42+00:00,,basicdilutedeps,Basic & Diluted Earnings per Share,=,,usdpershare,0.47
CA Inc,CA,Y7ET3D9SDOFUZ515FE28,0000356028,2017.0,Q1,2016-04-01,2016-06-30,2017-08-03 16:08:42+00:00,,cashdividendspershare,Cash Dividends to Common per Share,=,,usdpershare,0.255
CA Inc,CA,Y7ET3D9SDOFUZ515FE28,0000356028,2017.0,Q1TTM,2015-07-01,2016-06-30,,totalrevenue,operatingrevenue,Operating Revenue,+,credit,usd,3631000000.0
CA Inc,CA,Y7ET3D9SDOFUZ515FE28,0000356028,2017.0,Q1TTM,2015-07-01,2016-06-30,,totalrevenue,otherrevenue,Other Revenue,+,credit,usd,416000000.0
CA Inc,CA,Y7ET3D9SDOFUZ515FE28,0000356028,2017.0,Q1TTM,2015-07-01,2016-06-30,,totalgrossprofit,totalrevenue,Total Revenue,+,credit,usd,4047000000.0
CA Inc,CA,Y7ET3D9SDOFUZ515FE28,0000356028,2017.0,Q1TTM,2015-07-01,2016-06-30,,totalcostofrevenue,operatingcostofrevenue,Operating Cost of Revenue,+,debit,usd,589000000.0
CA Inc,CA,Y7ET3D9SDOFUZ515FE28,0000356028,2017.0,Q1TTM,2015-07-01,2016-06-30,,totalgrossprofit,totalcostofrevenue,Total Cost of Revenue,-,debit,usd,589000000.0
CA Inc,CA,Y7ET3D9SDOFUZ515FE28,0000356028,2017.0,Q1TTM,2015-07-01,2016-06-30,,totaloperatingincome,totalgrossprofit,Total Gross Profit,+,credit,usd,3458000000.0
CA Inc,CA,Y7ET3D9SDOFUZ515FE28,0000356028,2017.0,Q1TTM,2015-07-01,2016-06-30,,totaloperatingexpenses,sgaexpense,"Selling, General & Admin Expense",+,debit,usd,365000000.0
CA Inc,CA,Y7ET3D9SDOFUZ515FE28,0000356028,2017.0,Q1TTM,2015-07-01,2016-06-30,,totaloperatingexpenses,marketingexpense,Marketing Expense,+,debit,usd,1022000000.0
CA Inc,CA,Y7ET3D9SDOFUZ515FE28,0000356028,2017.0,Q1TTM,2015-07-01,2016-06-30,,totaloperatingexpenses,rdexpense,Research & Development Expense,+,debit,usd,572000000.0
CA Inc,CA,Y7ET3D9SDOFUZ515FE28,0000356028,2017.0,Q1TTM,2015-07-01,2016-06-30,,totaloperatingexpenses,depreciationexpense,Depreciation Expense,+,debit,usd,99000000.0
CA Inc,CA,Y7ET3D9SDOFUZ515FE28,0000356028,2017.0,Q1TTM,2015-07-01,2016-06-30,,totaloperatingexpenses,amortizationexpense,Amortization Expense,+,debit,usd,262000000.0
CA Inc,CA,Y7ET3D9SDOFUZ515FE28,0000356028,2017.0,Q1TTM,2015-07-01,2016-06-30,,totaloperatingexpenses,otheroperatingexpenses,Other Operating Expenses / (Income),+,debit,usd,15000000.0
CA Inc,CA,Y7ET3D9SDOFUZ515FE28,0000356028,2017.0,Q1TTM,2015-07-01,2016-06-30,,totaloperatingincome,totaloperatingexpenses,Total Operating Expenses,-,debit,usd,2335000000.0
CA Inc,CA,Y7ET3D9SDOFUZ515FE28,0000356028,2017.0,Q1TTM,2015-07-01,2016-06-30,,totalpretaxincome,totaloperatingincome,Total Operating Income,+,credit,usd,1123000000.0
CA Inc,CA,Y7ET3D9SDOFUZ515FE28,0000356028,2017.0,Q1TTM,2015-07-01,2016-06-30,,totalotherincome,totalinterestexpense,Interest Expense,-,debit,usd,57000000.0
CA Inc,CA,Y7ET3D9SDOFUZ515FE28,0000356028,2017.0,Q1TTM,2015-07-01,2016-06-30,,totalpretaxincome,totalotherincome,"Total Other Income / (Expense), net",+,credit,usd,-57000000.0
CA Inc,CA,Y7ET3D9SDOFUZ515FE28,0000356028,2017.0,Q1TTM,2015-07-01,2016-06-30,,netincomecontinuing,totalpretaxincome,Total Pre-Tax Income ,+,credit,usd,1066000000.0
CA Inc,CA,Y7ET3D9SDOFUZ515FE28,0000356028,2017.0,Q1TTM,2015-07-01,2016-06-30,,netincomecontinuing,incometaxexpense,Income Tax Expense,-,debit,usd,306000000.0
CA Inc,CA,Y7ET3D9SDOFUZ515FE28,0000356028,2017.0,Q1TTM,2015-07-01,2016-06-30,,netincome,netincomecontinuing,Net Income / (Loss) Continuing Operations,+,credit,usd,760000000.0
CA Inc,CA,Y7ET3D9SDOFUZ515FE28,0000356028,2017.0,Q1TTM,2015-07-01,2016-06-30,,netincome,netincomediscontinued,Net Income / (Loss) Discontinued Operations,+,credit,usd,9000000.0
CA Inc,CA,Y7ET3D9SDOFUZ515FE28,0000356028,2017.0,Q1TTM,2015-07-01,2016-06-30,,netincometocommon,netincome,Consolidated Net Income / (Loss),+,credit,usd,769000000.0
CA Inc,CA,Y7ET3D9SDOFUZ515FE28,0000356028,2017.0,Q1TTM,2015-07-01,2016-06-30,,,netincometocommon,Net Income / (Loss) Attributable to Common Shareholders,=,credit,usd,769000000.0
CA Inc,CA,Y7ET3D9SDOFUZ515FE28,0000356028,2017.0,Q1TTM,2015-07-01,2016-06-30,,basiceps,weightedavebasicsharesos,Weighted Average Basic Shares Outstanding,/,,shares,414000000.0
CA Inc,CA,Y7ET3D9SDOFUZ515FE28,0000356028,2017.0,Q1TTM,2015-07-01,2016-06-30,,,basiceps,Basic Earnings per Share,=,,usdpershare,1.81
CA Inc,CA,Y7ET3D9SDOFUZ515FE28,0000356028,2017.0,Q1TTM,2015-07-01,2016-06-30,,dilutedeps,weightedavedilutedsharesos,Weighted Average Diluted Shares Outstanding,/,,shares,415000000.0
CA Inc,CA,Y7ET3D9SDOFUZ515FE28,0000356028,2017.0,Q1TTM,2015-07-01,2016-06-30,,,dilutedeps,Diluted Earnings per Share,=,,usdpershare,1.8
CA Inc,CA,Y7ET3D9SDOFUZ515FE28,0000356028,2017.0,Q1TTM,2015-07-01,2016-06-30,,basicdilutedeps,weightedavebasicdilutedsharesos,Weighted Average Basic & Diluted Shares Outstanding,/,,shares,421300000.0
CA Inc,CA,Y7ET3D9SDOFUZ515FE28,0000356028,2017.0,Q1TTM,2015-07-01,2016-06-30,,,basicdilutedeps,Basic & Diluted Earnings per Share,=,,usdpershare,1.81
CA Inc,CA,Y7ET3D9SDOFUZ515FE28,0000356028,2017.0,Q1TTM,2015-07-01,2016-06-30,,,cashdividendspershare,Cash Dividends to Common per Share,=,,usdpershare,0.01
CA Inc,CA,Y7ET3D9SDOFUZ515FE28,0000356028,2018.0,Q4,2018-01-01,2018-03-31,,totalrevenue,operatingrevenue,Operating Revenue,+,credit,usd,655000000.0
CA Inc,CA,Y7ET3D9SDOFUZ515FE28,0000356028,2018.0,Q4,2018-01-01,2018-03-31,,totalrevenue,otherrevenue,Other Revenue,+,credit,usd,428000000.0
CA Inc,CA,Y7ET3D9SDOFUZ515FE28,0000356028,2018.0,Q4,2018-01-01,2018-03-31,,totalgrossprofit,totalrevenue,Total Revenue,+,credit,usd,1083000000.0
CA Inc,CA,Y7ET3D9SDOFUZ515FE28,0000356028,2018.0,Q4,2018-01-01,2018-03-31,,totalcostofrevenue,operatingcostofrevenue,Operating Cost of Revenue,+,debit,usd,154000000.0
CA Inc,CA,Y7ET3D9SDOFUZ515FE28,0000356028,2018.0,Q4,2018-01-01,2018-03-31,,totalgrossprofit,totalcostofrevenue,Total Cost of Revenue,-,debit,usd,154000000.0
CA Inc,CA,Y7ET3D9SDOFUZ515FE28,0000356028,2018.0,Q4,2018-01-01,2018-03-31,,totaloperatingincome,totalgrossprofit,Total Gross Profit,+,credit,usd,929000000.0
CA Inc,CA,Y7ET3D9SDOFUZ515FE28,0000356028,2018.0,Q4,2018-01-01,2018-03-31,,totaloperatingexpenses,sgaexpense,"Selling, General & Admin Expense",+,debit,usd,107000000.0
CA Inc,CA,Y7ET3D9SDOFUZ515FE28,0000356028,2018.0,Q4,2018-01-01,2018-03-31,,totaloperatingexpenses,marketingexpense,Marketing Expense,+,debit,usd,283000000.0
CA Inc,CA,Y7ET3D9SDOFUZ515FE28,0000356028,2018.0,Q4,2018-01-01,2018-03-31,,totaloperatingexpenses,rdexpense,Research & Development Expense,+,debit,usd,166000000.0
CA Inc,CA,Y7ET3D9SDOFUZ515FE28,0000356028,2018.0,Q4,2018-01-01,2018-03-31,,totaloperatingexpenses,depreciationexpense,Depreciation Expense,+,debit,usd,28000000.0
CA Inc,CA,Y7ET3D9SDOFUZ515FE28,0000356028,2018.0,Q4,2018-01-01,2018-03-31,,totaloperatingexpenses,amortizationexpense,Amortization Expense,+,debit,usd,66000000.0
CA Inc,CA,Y7ET3D9SDOFUZ515FE28,0000356028,2018.0,Q4,2018-01-01,2018-03-31,,totaloperatingexpenses,otheroperatingexpenses,Other Operating Expenses / (Income),+,debit,usd,12000000.0
CA Inc,CA,Y7ET3D9SDOFUZ515FE28,0000356028,2018.0,Q4,2018-01-01,2018-03-31,,totaloperatingincome,totaloperatingexpenses,Total Operating Expenses,-,debit,usd,662000000.0
CA Inc,CA,Y7ET3D9SDOFUZ515FE28,0000356028,2018.0,Q4,2018-01-01,2018-03-31,,totalpretaxincome,totaloperatingincome,Total Operating Income,+,credit,usd,267000000.0
CA Inc,CA,Y7ET3D9SDOFUZ515FE28,0000356028,2018.0,Q4,2018-01-01,2018-03-31,,totalotherincome,totalinterestexpense,Interest Expense,-,debit,usd,24000000.0
CA Inc,CA,Y7ET3D9SDOFUZ515FE28,0000356028,2018.0,Q4,2018-01-01,2018-03-31,,totalpretaxincome,totalotherincome,"Total Other Income / (Expense), net",+,credit,usd,-24000000.0
CA Inc,CA,Y7ET3D9SDOFUZ515FE28,0000356028,2018.0,Q4,2018-01-01,2018-03-31,,netincomecontinuing,totalpretaxincome,Total Pre-Tax Income ,+,credit,usd,243000000.0
CA Inc,CA,Y7ET3D9SDOFUZ515FE28,0000356028,2018.0,Q4,2018-01-01,2018-03-31,,netincomecontinuing,incometaxexpense,Income Tax Expense,-,debit,usd,36000000.0
CA Inc,CA,Y7ET3D9SDOFUZ515FE28,0000356028,2018.0,Q4,2018-01-01,2018-03-31,,netincome,netincomecontinuing,Net Income / (Loss) Continuing Operations,+,credit,usd,207000000.0
CA Inc,CA,Y7ET3D9SDOFUZ515FE28,0000356028,2018.0,Q4,2018-01-01,2018-03-31,,netincometocommon,netincome,Consolidated Net Income / (Loss),+,credit,usd,207000000.0
CA Inc,CA,Y7ET3D9SDOFUZ515FE28,0000356028,2018.0,Q4,2018-01-01,2018-03-31,,,netincometocommon,Net Income / (Loss) Attributable to Common Shareholders,=,credit,usd,207000000.0
CA Inc,CA,Y7ET3D9SDOFUZ515FE28,0000356028,2018.0,Q4,2018-01-01,2018-03-31,,basiceps,weightedavebasicsharesos,Weighted Average Basic Shares Outstanding,/,,shares,414000000.0
CA Inc,CA,Y7ET3D9SDOFUZ515FE28,0000356028,2018.0,Q4,2018-01-01,2018-03-31,,,basiceps,Basic Earnings per Share,=,,usdpershare,0.51
CA Inc,CA,Y7ET3D9SDOFUZ515FE28,0000356028,2018.0,Q4,2018-01-01,2018-03-31,,dilutedeps,weightedavedilutedsharesos,Weighted Average Diluted Shares Outstanding,/,,shares,415000000.0
CA Inc,CA,Y7ET3D9SDOFUZ515FE28,0000356028,2018.0,Q4,2018-01-01,2018-03-31,,,dilutedeps,Diluted Earnings per Share,=,,usdpershare,0.5
CA Inc,CA,Y7ET3D9SDOFUZ515FE28,0000356028,2018.0,Q4,2018-01-01,2018-03-31,,basicdilutedeps,weightedavebasicdilutedsharesos,Weighted Average Basic & Diluted Shares Outstanding,/,,shares,417500000.0
CA Inc,CA,Y7ET3D9SDOFUZ515FE28,0000356028,2018.0,Q4,2018-01-01,2018-03-31,,,basicdilutedeps,Basic & Diluted Earnings per Share,=,,usdpershare,0.51
CA Inc,CA,Y7ET3D9SDOFUZ515FE28,0000356028,2018.0,Q4,2018-01-01,2018-03-31,,,cashdividendspershare,Cash Dividends to Common per Share,=,,usdpershare,-0.26
CA Inc,CA,Y7ET3D9SDOFUZ515FE28,0000356028,2018.0,FY,2017-04-01,2018-03-31,2018-05-09 16:16:13+00:00,totalrevenue,operatingrevenue,Operating Revenue,+,credit,usd,3637000000.0
CA Inc,CA,Y7ET3D9SDOFUZ515FE28,0000356028,2018.0,FY,2017-04-01,2018-03-31,2018-05-09 16:16:13+00:00,totalrevenue,otherrevenue,Other Revenue,+,credit,usd,598000000.0
CA Inc,CA,Y7ET3D9SDOFUZ515FE28,0000356028,2018.0,FY,2017-04-01,2018-03-31,2018-05-09 16:16:13+00:00,totalgrossprofit,totalrevenue,Total Revenue,+,credit,usd,4235000000.0
CA Inc,CA,Y7ET3D9SDOFUZ515FE28,0000356028,2018.0,FY,2017-04-01,2018-03-31,2018-05-09 16:16:13+00:00,totalcostofrevenue,operatingcostofrevenue,Operating Cost of Revenue,+,debit,usd,600000000.0
CA Inc,CA,Y7ET3D9SDOFUZ515FE28,0000356028,2018.0,FY,2017-04-01,2018-03-31,2018-05-09 16:16:13+00:00,totalgrossprofit,totalcostofrevenue,Total Cost of Revenue,-,debit,usd,600000000.0
CA Inc,CA,Y7ET3D9SDOFUZ515FE28,0000356028,2018.0,FY,2017-04-01,2018-03-31,2018-05-09 16:16:13+00:00,totaloperatingincome,totalgrossprofit,Total Gross Profit,+,credit,usd,3635000000.0
CA Inc,CA,Y7ET3D9SDOFUZ515FE28,0000356028,2018.0,FY,2017-04-01,2018-03-31,2018-05-09 16:16:13+00:00,totaloperatingexpenses,sgaexpense,"Selling, General & Admin Expense",+,debit,usd,406000000.0
CA Inc,CA,Y7ET3D9SDOFUZ515FE28,0000356028,2018.0,FY,2017-04-01,2018-03-31,2018-05-09 16:16:13+00:00,totaloperatingexpenses,marketingexpense,Marketing Expense,+,debit,usd,1061000000.0
CA Inc,CA,Y7ET3D9SDOFUZ515FE28,0000356028,2018.0,FY,2017-04-01,2018-03-31,2018-05-09 16:16:13+00:00,totaloperatingexpenses,rdexpense,Research & Development Expense,+,debit,usd,642000000.0
CA Inc,CA,Y7ET3D9SDOFUZ515FE28,0000356028,2018.0,FY,2017-04-01,2018-03-31,2018-05-09 16:16:13+00:00,totaloperatingexpenses,depreciationexpense,Depreciation Expense,+,debit,usd,107000000.0
CA Inc,CA,Y7ET3D9SDOFUZ515FE28,0000356028,2018.0,FY,2017-04-01,2018-03-31,2018-05-09 16:16:13+00:00,totaloperatingexpenses,amortizationexpense,Amortization Expense,+,debit,usd,271000000.0
CA Inc,CA,Y7ET3D9SDOFUZ515FE28,0000356028,2018.0,FY,2017-04-01,2018-03-31,2018-05-09 16:16:13+00:00,totaloperatingexpenses,otheroperatingexpenses,Other Operating Expenses / (Income),+,debit,usd,29000000.0
CA Inc,CA,Y7ET3D9SDOFUZ515FE28,0000356028,2018.0,FY,2017-04-01,2018-03-31,2018-05-09 16:16:13+00:00,totaloperatingincome,totaloperatingexpenses,Total Operating Expenses,-,debit,usd,2516000000.0
CA Inc,CA,Y7ET3D9SDOFUZ515FE28,0000356028,2018.0,FY,2017-04-01,2018-03-31,2018-05-09 16:16:13+00:00,totalpretaxincome,totaloperatingincome,Total Operating Income,+,credit,usd,1119000000.0
CA Inc,CA,Y7ET3D9SDOFUZ515FE28,0000356028,2018.0,FY,2017-04-01,2018-03-31,2018-05-09 16:16:13+00:00,totalotherincome,totalinterestexpense,Interest Expense,-,debit,usd,98000000.0
CA Inc,CA,Y7ET3D9SDOFUZ515FE28,0000356028,2018.0,FY,2017-04-01,2018-03-31,2018-05-09 16:16:13+00:00,totalpretaxincome,totalotherincome,"Total Other Income / (Expense), net",+,credit,usd,-98000000.0
CA Inc,CA,Y7ET3D9SDOFUZ515FE28,0000356028,2018.0,FY,2017-04-01,2018-03-31,2018-05-09 16:16:13+00:00,netincomecontinuing,totalpretaxincome,Total Pre-Tax Income ,+,credit,usd,1021000000.0
CA Inc,CA,Y7ET3D9SDOFUZ515FE28,0000356028,2018.0,FY,2017-04-01,2018-03-31,2018-05-09 16:16:13+00:00,netincomecontinuing,incometaxexpense,Income Tax Expense,-,debit,usd,545000000.0
CA Inc,CA,Y7ET3D9SDOFUZ515FE28,0000356028,2018.0,FY,2017-04-01,2018-03-31,2018-05-09 16:16:13+00:00,netincome,netincomecontinuing,Net Income / (Loss) Continuing Operations,+,credit,usd,476000000.0
CA Inc,CA,Y7ET3D9SDOFUZ515FE28,0000356028,2018.0,FY,2017-04-01,2018-03-31,2018-05-09 16:16:13+00:00,netincome,netincomediscontinued,Net Income / (Loss) Discontinued Operations,+,credit,usd,0.0
CA Inc,CA,Y7ET3D9SDOFUZ515FE28,0000356028,2018.0,FY,2017-04-01,2018-03-31,2018-05-09 16:16:13+00:00,netincometocommon,netincome,Consolidated Net Income / (Loss),+,credit,usd,476000000.0
CA Inc,CA,Y7ET3D9SDOFUZ515FE28,0000356028,2018.0,FY,2017-04-01,2018-03-31,2018-05-09 16:16:13+00:00,,netincometocommon,Net Income / (Loss) Attributable to Common Shareholders,=,credit,usd,476000000.0
CA Inc,CA,Y7ET3D9SDOFUZ515FE28,0000356028,2018.0,FY,2017-04-01,2018-03-31,2018-05-09 16:16:13+00:00,basiceps,weightedavebasicsharesos,Weighted Average Basic Shares Outstanding,/,,shares,414000000.0
CA Inc,CA,Y7ET3D9SDOFUZ515FE28,0000356028,2018.0,FY,2017-04-01,2018-03-31,2018-05-09 16:16:13+00:00,,basiceps,Basic Earnings per Share,=,,usdpershare,1.14
CA Inc,CA,Y7ET3D9SDOFUZ515FE28,0000356028,2018.0,FY,2017-04-01,2018-03-31,2018-05-09 16:16:13+00:00,dilutedeps,weightedavedilutedsharesos,Weighted Average Diluted Shares Outstanding,/,,shares,415000000.0
CA Inc,CA,Y7ET3D9SDOFUZ515FE28,0000356028,2018.0,FY,2017-04-01,2018-03-31,2018-05-09 16:16:13+00:00,,dilutedeps,Diluted Earnings per Share,=,,usdpershare,1.13
CA Inc,CA,Y7ET3D9SDOFUZ515FE28,0000356028,2018.0,FY,2017-04-01,2018-03-31,2018-05-09 16:16:13+00:00,basicdilutedeps,weightedavebasicdilutedsharesos,Weighted Average Basic & Diluted Shares Outstanding,/,,shares,417500000.0
CA Inc,CA,Y7ET3D9SDOFUZ515FE28,0000356028,2018.0,FY,2017-04-01,2018-03-31,2018-05-09 16:16:13+00:00,,basicdilutedeps,Basic & Diluted Earnings per Share,=,,usdpershare,1.14
CA Inc,CA,Y7ET3D9SDOFUZ515FE28,0000356028,2018.0,FY,2017-04-01,2018-03-31,2018-05-09 16:16:13+00:00,,cashdividendspershare,Cash Dividends to Common per Share,=,,usdpershare,1.02
CA Inc,CA,Y7ET3D9SDOFUZ515FE28,0000356028,2018.0,Q3YTD,2017-04-01,2017-12-31,,totalrevenue,operatingrevenue,Operating Revenue,+,credit,usd,2982000000.0
CA Inc,CA,Y7ET3D9SDOFUZ515FE28,0000356028,2018.0,Q3YTD,2017-04-01,2017-12-31,,totalrevenue,otherrevenue,Other Revenue,+,credit,usd,170000000.0
CA Inc,CA,Y7ET3D9SDOFUZ515FE28,0000356028,2018.0,Q3YTD,2017-04-01,2017-12-31,,totalgrossprofit,totalrevenue,Total Revenue,+,credit,usd,3152000000.0
CA Inc,CA,Y7ET3D9SDOFUZ515FE28,0000356028,2018.0,Q3YTD,2017-04-01,2017-12-31,,totalcostofrevenue,operatingcostofrevenue,Operating Cost of Revenue,+,debit,usd,446000000.0
CA Inc,CA,Y7ET3D9SDOFUZ515FE28,0000356028,2018.0,Q3YTD,2017-04-01,2017-12-31,,totalgrossprofit,totalcostofrevenue,Total Cost of Revenue,-,debit,usd,446000000.0
CA Inc,CA,Y7ET3D9SDOFUZ515FE28,0000356028,2018.0,Q3YTD,2017-04-01,2017-12-31,,totaloperatingincome,totalgrossprofit,Total Gross Profit,+,credit,usd,2706000000.0
CA Inc,CA,Y7ET3D9SDOFUZ515FE28,0000356028,2018.0,Q3YTD,2017-04-01,2017-12-31,,totaloperatingexpenses,sgaexpense,"Selling, General & Admin Expense",+,debit,usd,299000000.0
CA Inc,CA,Y7ET3D9SDOFUZ515FE28,0000356028,2018.0,Q3YTD,2017-04-01,2017-12-31,,totaloperatingexpenses,marketingexpense,Marketing Expense,+,debit,usd,778000000.0
CA Inc,CA,Y7ET3D9SDOFUZ515FE28,0000356028,2018.0,Q3YTD,2017-04-01,2017-12-31,,totaloperatingexpenses,rdexpense,Research & Development Expense,+,debit,usd,476000000.0
CA Inc,CA,Y7ET3D9SDOFUZ515FE28,0000356028,2018.0,Q3YTD,2017-04-01,2017-12-31,,totaloperatingexpenses,depreciationexpense,Depreciation Expense,+,debit,usd,79000000.0
CA Inc,CA,Y7ET3D9SDOFUZ515FE28,0000356028,2018.0,Q3YTD,2017-04-01,2017-12-31,,totaloperatingexpenses,amortizationexpense,Amortization Expense,+,debit,usd,205000000.0
CA Inc,CA,Y7ET3D9SDOFUZ515FE28,0000356028,2018.0,Q3YTD,2017-04-01,2017-12-31,,totaloperatingexpenses,otheroperatingexpenses,Other Operating Expenses / (Income),+,debit,usd,17000000.0
CA Inc,CA,Y7ET3D9SDOFUZ515FE28,0000356028,2018.0,Q3YTD,2017-04-01,2017-12-31,,totaloperatingincome,totaloperatingexpenses,Total Operating Expenses,-,debit,usd,1854000000.0
CA Inc,CA,Y7ET3D9SDOFUZ515FE28,0000356028,2018.0,Q3YTD,2017-04-01,2017-12-31,,totalpretaxincome,totaloperatingincome,Total Operating Income,+,credit,usd,852000000.0
CA Inc,CA,Y7ET3D9SDOFUZ515FE28,0000356028,2018.0,Q3YTD,2017-04-01,2017-12-31,,totalotherincome,totalinterestexpense,Interest Expense,-,debit,usd,74000000.0
CA Inc,CA,Y7ET3D9SDOFUZ515FE28,0000356028,2018.0,Q3YTD,2017-04-01,2017-12-31,,totalpretaxincome,totalotherincome,"Total Other Income / (Expense), net",+,credit,usd,-74000000.0
CA Inc,CA,Y7ET3D9SDOFUZ515FE28,0000356028,2018.0,Q3YTD,2017-04-01,2017-12-31,,netincomecontinuing,totalpretaxincome,Total Pre-Tax Income ,+,credit,usd,778000000.0
CA Inc,CA,Y7ET3D9SDOFUZ515FE28,0000356028,2018.0,Q3YTD,2017-04-01,2017-12-31,,netincomecontinuing,incometaxexpense,Income Tax Expense,-,debit,usd,509000000.0
CA Inc,CA,Y7ET3D9SDOFUZ515FE28,0000356028,2018.0,Q3YTD,2017-04-01,2017-12-31,,netincome,netincomecontinuing,Net Income / (Loss) Continuing Operations,+,credit,usd,269000000.0
CA Inc,CA,Y7ET3D9SDOFUZ515FE28,0000356028,2018.0,Q3YTD,2017-04-01,2017-12-31,,netincometocommon,netincome,Consolidated Net Income / (Loss),+,credit,usd,269000000.0
CA Inc,CA,Y7ET3D9SDOFUZ515FE28,0000356028,2018.0,Q3YTD,2017-04-01,2017-12-31,,,netincometocommon,Net Income / (Loss) Attributable to Common Shareholders,=,credit,usd,269000000.0
CA Inc,CA,Y7ET3D9SDOFUZ515FE28,0000356028,2018.0,Q3YTD,2017-04-01,2017-12-31,,basiceps,weightedavebasicsharesos,Weighted Average Basic Shares Outstanding,/,,shares,413000000.0
CA Inc,CA,Y7ET3D9SDOFUZ515FE28,0000356028,2018.0,Q3YTD,2017-04-01,2017-12-31,,,basiceps,Basic Earnings per Share,=,,usdpershare,0.63
CA Inc,CA,Y7ET3D9SDOFUZ515FE28,0000356028,2018.0,Q3YTD,2017-04-01,2017-12-31,,dilutedeps,weightedavedilutedsharesos,Weighted Average Diluted Shares Outstanding,/,,shares,413000000.0
CA Inc,CA,Y7ET3D9SDOFUZ515FE28,0000356028,2018.0,Q3YTD,2017-04-01,2017-12-31,,,dilutedeps,Diluted Earnings per Share,=,,usdpershare,0.63
CA Inc,CA,Y7ET3D9SDOFUZ515FE28,0000356028,2018.0,Q3YTD,2017-04-01,2017-12-31,,basicdilutedeps,weightedavebasicdilutedsharesos,Weighted Average Basic & Diluted Shares Outstanding,/,,shares,404300000.0
CA Inc,CA,Y7ET3D9SDOFUZ515FE28,0000356028,2018.0,Q3YTD,2017-04-01,2017-12-31,,,basicdilutedeps,Basic & Diluted Earnings per Share,=,,usdpershare,0.63
CA Inc,CA,Y7ET3D9SDOFUZ515FE28,0000356028,2018.0,Q3YTD,2017-04-01,2017-12-31,,,cashdividendspershare,Cash Dividends to Common per Share,=,,usdpershare,0.26
CA Inc,CA,Y7ET3D9SDOFUZ515FE28,0000356028,2018.0,Q3TTM,2017-01-01,2017-12-31,,totalrevenue,operatingrevenue,Operating Revenue,+,credit,usd,3871000000.0
CA Inc,CA,Y7ET3D9SDOFUZ515FE28,0000356028,2018.0,Q3TTM,2017-01-01,2017-12-31,,totalrevenue,otherrevenue,Other Revenue,+,credit,usd,293000000.0
CA Inc,CA,Y7ET3D9SDOFUZ515FE28,0000356028,2018.0,Q3TTM,2017-01-01,2017-12-31,,totalgrossprofit,totalrevenue,Total Revenue,+,credit,usd,4164000000.0
CA Inc,CA,Y7ET3D9SDOFUZ515FE28,0000356028,2018.0,Q3TTM,2017-01-01,2017-12-31,,totalcostofrevenue,operatingcostofrevenue,Operating Cost of Revenue,+,debit,usd,595000000.0
CA Inc,CA,Y7ET3D9SDOFUZ515FE28,0000356028,2018.0,Q3TTM,2017-01-01,2017-12-31,,totalgrossprofit,totalcostofrevenue,Total Cost of Revenue,-,debit,usd,595000000.0
CA Inc,CA,Y7ET3D9SDOFUZ515FE28,0000356028,2018.0,Q3TTM,2017-01-01,2017-12-31,,totaloperatingincome,totalgrossprofit,Total Gross Profit,+,credit,usd,3569000000.0
CA Inc,CA,Y7ET3D9SDOFUZ515FE28,0000356028,2018.0,Q3TTM,2017-01-01,2017-12-31,,totaloperatingexpenses,sgaexpense,"Selling, General & Admin Expense",+,debit,usd,417000000.0
CA Inc,CA,Y7ET3D9SDOFUZ515FE28,0000356028,2018.0,Q3TTM,2017-01-01,2017-12-31,,totaloperatingexpenses,marketingexpense,Marketing Expense,+,debit,usd,1059000000.0
CA Inc,CA,Y7ET3D9SDOFUZ515FE28,0000356028,2018.0,Q3TTM,2017-01-01,2017-12-31,,totaloperatingexpenses,rdexpense,Research & Development Expense,+,debit,usd,634000000.0
CA Inc,CA,Y7ET3D9SDOFUZ515FE28,0000356028,2018.0,Q3TTM,2017-01-01,2017-12-31,,totaloperatingexpenses,depreciationexpense,Depreciation Expense,+,debit,usd,100000000.0
CA Inc,CA,Y7ET3D9SDOFUZ515FE28,0000356028,2018.0,Q3TTM,2017-01-01,2017-12-31,,totaloperatingexpenses,amortizationexpense,Amortization Expense,+,debit,usd,266000000.0
CA Inc,CA,Y7ET3D9SDOFUZ515FE28,0000356028,2018.0,Q3TTM,2017-01-01,2017-12-31,,totaloperatingexpenses,otheroperatingexpenses,Other Operating Expenses / (Income),+,debit,usd,26000000.0
CA Inc,CA,Y7ET3D9SDOFUZ515FE28,0000356028,2018.0,Q3TTM,2017-01-01,2017-12-31,,totaloperatingincome,totaloperatingexpenses,Total Operating Expenses,-,debit,usd,2502000000.0
CA Inc,CA,Y7ET3D9SDOFUZ515FE28,0000356028,2018.0,Q3TTM,2017-01-01,2017-12-31,,totalpretaxincome,totaloperatingincome,Total Operating Income,+,credit,usd,1067000000.0
CA Inc,CA,Y7ET3D9SDOFUZ515FE28,0000356028,2018.0,Q3TTM,2017-01-01,2017-12-31,,totalotherincome,totalinterestexpense,Interest Expense,-,debit,usd,91000000.0
CA Inc,CA,Y7ET3D9SDOFUZ515FE28,0000356028,2018.0,Q3TTM,2017-01-01,2017-12-31,,totalpretaxincome,totalotherincome,"Total Other Income / (Expense), net",+,credit,usd,-91000000.0
CA Inc,CA,Y7ET3D9SDOFUZ515FE28,0000356028,2018.0,Q3TTM,2017-01-01,2017-12-31,,netincomecontinuing,totalpretaxincome,Total Pre-Tax Income ,+,credit,usd,976000000.0
CA Inc,CA,Y7ET3D9SDOFUZ515FE28,0000356028,2018.0,Q3TTM,2017-01-01,2017-12-31,,netincomecontinuing,incometaxexpense,Income Tax Expense,-,debit,usd,550000000.0
CA Inc,CA,Y7ET3D9SDOFUZ515FE28,0000356028,2018.0,Q3TTM,2017-01-01,2017-12-31,,netincome,netincomecontinuing,Net Income / (Loss) Continuing Operations,+,credit,usd,426000000.0
CA Inc,CA,Y7ET3D9SDOFUZ515FE28,0000356028,2018.0,Q3TTM,2017-01-01,2017-12-31,,netincometocommon,netincome,Consolidated Net Income / (Loss),+,credit,usd,426000000.0
CA Inc,CA,Y7ET3D9SDOFUZ515FE28,0000356028,2018.0,Q3TTM,2017-01-01,2017-12-31,,,netincometocommon,Net Income / (Loss) Attributable to Common Shareholders,=,credit,usd,426000000.0
CA Inc,CA,Y7ET3D9SDOFUZ515FE28,0000356028,2018.0,Q3TTM,2017-01-01,2017-12-31,,basiceps,weightedavebasicsharesos,Weighted Average Basic Shares Outstanding,/,,shares,413000000.0
CA Inc,CA,Y7ET3D9SDOFUZ515FE28,0000356028,2018.0,Q3TTM,2017-01-01,2017-12-31,,,basiceps,Basic Earnings per Share,=,,usdpershare,1.01
CA Inc,CA,Y7ET3D9SDOFUZ515FE28,0000356028,2018.0,Q3TTM,2017-01-01,2017-12-31,,dilutedeps,weightedavedilutedsharesos,Weighted Average Diluted Shares Outstanding,/,,shares,413000000.0
CA Inc,CA,Y7ET3D9SDOFUZ515FE28,0000356028,2018.0,Q3TTM,2017-01-01,2017-12-31,,,dilutedeps,Diluted Earnings per Share,=,,usdpershare,1.01
CA Inc,CA,Y7ET3D9SDOFUZ515FE28,0000356028,2018.0,Q3TTM,2017-01-01,2017-12-31,,basicdilutedeps,weightedavebasicdilutedsharesos,Weighted Average Basic & Diluted Shares Outstanding,/,,shares,404300000.0
CA Inc,CA,Y7ET3D9SDOFUZ515FE28,0000356028,2018.0,Q3TTM,2017-01-01,2017-12-31,,,basicdilutedeps,Basic & Diluted Earnings per Share,=,,usdpershare,1.01
CA Inc,CA,Y7ET3D9SDOFUZ515FE28,0000356028,2018.0,Q3TTM,2017-01-01,2017-12-31,,,cashdividendspershare,Cash Dividends to Common per Share,=,,usdpershare,-0.51
CA Inc,CA,Y7ET3D9SDOFUZ515FE28,0000356028,2018.0,Q3,2017-10-01,2017-12-31,2018-01-31 16:53:39+00:00,totalrevenue,operatingrevenue,Operating Revenue,+,credit,usd,923000000.0
CA Inc,CA,Y7ET3D9SDOFUZ515FE28,0000356028,2018.0,Q3,2017-10-01,2017-12-31,2018-01-31 16:53:39+00:00,totalrevenue,otherrevenue,Other Revenue,+,credit,usd,170000000.0
CA Inc,CA,Y7ET3D9SDOFUZ515FE28,0000356028,2018.0,Q3,2017-10-01,2017-12-31,2018-01-31 16:53:39+00:00,totalgrossprofit,totalrevenue,Total Revenue,+,credit,usd,1093000000.0
CA Inc,CA,Y7ET3D9SDOFUZ515FE28,0000356028,2018.0,Q3,2017-10-01,2017-12-31,2018-01-31 16:53:39+00:00,totalcostofrevenue,operatingcostofrevenue,Operating Cost of Revenue,+,debit,usd,155000000.0
CA Inc,CA,Y7ET3D9SDOFUZ515FE28,0000356028,2018.0,Q3,2017-10-01,2017-12-31,2018-01-31 16:53:39+00:00,totalgrossprofit,totalcostofrevenue,Total Cost of Revenue,-,debit,usd,155000000.0
CA Inc,CA,Y7ET3D9SDOFUZ515FE28,0000356028,2018.0,Q3,2017-10-01,2017-12-31,2018-01-31 16:53:39+00:00,totaloperatingincome,totalgrossprofit,Total Gross Profit,+,credit,usd,938000000.0
CA Inc,CA,Y7ET3D9SDOFUZ515FE28,0000356028,2018.0,Q3,2017-10-01,2017-12-31,2018-01-31 16:53:39+00:00,totaloperatingexpenses,sgaexpense,"Selling, General & Admin Expense",+,debit,usd,95000000.0
CA Inc,CA,Y7ET3D9SDOFUZ515FE28,0000356028,2018.0,Q3,2017-10-01,2017-12-31,2018-01-31 16:53:39+00:00,totaloperatingexpenses,marketingexpense,Marketing Expense,+,debit,usd,288000000.0
CA Inc,CA,Y7ET3D9SDOFUZ515FE28,0000356028,2018.0,Q3,2017-10-01,2017-12-31,2018-01-31 16:53:39+00:00,totaloperatingexpenses,rdexpense,Research & Development Expense,+,debit,usd,157000000.0
CA Inc,CA,Y7ET3D9SDOFUZ515FE28,0000356028,2018.0,Q3,2017-10-01,2017-12-31,2018-01-31 16:53:39+00:00,totaloperatingexpenses,depreciationexpense,Depreciation Expense,+,debit,usd,26000000.0
CA Inc,CA,Y7ET3D9SDOFUZ515FE28,0000356028,2018.0,Q3,2017-10-01,2017-12-31,2018-01-31 16:53:39+00:00,totaloperatingexpenses,amortizationexpense,Amortization Expense,+,debit,usd,68000000.0
CA Inc,CA,Y7ET3D9SDOFUZ515FE28,0000356028,2018.0,Q3,2017-10-01,2017-12-31,2018-01-31 16:53:39+00:00,totaloperatingexpenses,otheroperatingexpenses,Other Operating Expenses / (Income),+,debit,usd,-3000000.0
CA Inc,CA,Y7ET3D9SDOFUZ515FE28,0000356028,2018.0,Q3,2017-10-01,2017-12-31,2018-01-31 16:53:39+00:00,totaloperatingincome,totaloperatingexpenses,Total Operating Expenses,-,debit,usd,631000000.0
CA Inc,CA,Y7ET3D9SDOFUZ515FE28,0000356028,2018.0,Q3,2017-10-01,2017-12-31,2018-01-31 16:53:39+00:00,totalpretaxincome,totaloperatingincome,Total Operating Income,+,credit,usd,307000000.0
CA Inc,CA,Y7ET3D9SDOFUZ515FE28,0000356028,2018.0,Q3,2017-10-01,2017-12-31,2018-01-31 16:53:39+00:00,totalotherincome,totalinterestexpense,Interest Expense,-,debit,usd,25000000.0
CA Inc,CA,Y7ET3D9SDOFUZ515FE28,0000356028,2018.0,Q3,2017-10-01,2017-12-31,2018-01-31 16:53:39+00:00,totalpretaxincome,totalotherincome,"Total Other Income / (Expense), net",+,credit,usd,-25000000.0
CA Inc,CA,Y7ET3D9SDOFUZ515FE28,0000356028,2018.0,Q3,2017-10-01,2017-12-31,2018-01-31 16:53:39+00:00,netincomecontinuing,totalpretaxincome,Total Pre-Tax Income ,+,credit,usd,282000000.0
CA Inc,CA,Y7ET3D9SDOFUZ515FE28,0000356028,2018.0,Q3,2017-10-01,2017-12-31,2018-01-31 16:53:39+00:00,netincomecontinuing,incometaxexpense,Income Tax Expense,-,debit,usd,375000000.0
CA Inc,CA,Y7ET3D9SDOFUZ515FE28,0000356028,2018.0,Q3,2017-10-01,2017-12-31,2018-01-31 16:53:39+00:00,netincome,netincomecontinuing,Net Income / (Loss) Continuing Operations,+,credit,usd,-93000000.0
CA Inc,CA,Y7ET3D9SDOFUZ515FE28,0000356028,2018.0,Q3,2017-10-01,2017-12-31,2018-01-31 16:53:39+00:00,netincometocommon,netincome,Consolidated Net Income / (Loss),+,credit,usd,-93000000.0
CA Inc,CA,Y7ET3D9SDOFUZ515FE28,0000356028,2018.0,Q3,2017-10-01,2017-12-31,2018-01-31 16:53:39+00:00,,netincometocommon,Net Income / (Loss) Attributable to Common Shareholders,=,credit,usd,-93000000.0
CA Inc,CA,Y7ET3D9SDOFUZ515FE28,0000356028,2018.0,Q3,2017-10-01,2017-12-31,2018-01-31 16:53:39+00:00,basiceps,weightedavebasicsharesos,Weighted Average Basic Shares Outstanding,/,,shares,413000000.0
CA Inc,CA,Y7ET3D9SDOFUZ515FE28,0000356028,2018.0,Q3,2017-10-01,2017-12-31,2018-01-31 16:53:39+00:00,,basiceps,Basic Earnings per Share,=,,usdpershare,-0.23
CA Inc,CA,Y7ET3D9SDOFUZ515FE28,0000356028,2018.0,Q3,2017-10-01,2017-12-31,2018-01-31 16:53:39+00:00,dilutedeps,weightedavedilutedsharesos,Weighted Average Diluted Shares Outstanding,/,,shares,413000000.0
CA Inc,CA,Y7ET3D9SDOFUZ515FE28,0000356028,2018.0,Q3,2017-10-01,2017-12-31,2018-01-31 16:53:39+00:00,,dilutedeps,Diluted Earnings per Share,=,,usdpershare,-0.23
CA Inc,CA,Y7ET3D9SDOFUZ515FE28,0000356028,2018.0,Q3,2017-10-01,2017-12-31,2018-01-31 16:53:39+00:00,basicdilutedeps,weightedavebasicdilutedsharesos,Weighted Average Basic & Diluted Shares Outstanding,/,,shares,404300000.0
CA Inc,CA,Y7ET3D9SDOFUZ515FE28,0000356028,2018.0,Q3,2017-10-01,2017-12-31,2018-01-31 16:53:39+00:00,,basicdilutedeps,Basic & Diluted Earnings per Share,=,,usdpershare,-0.23
CA Inc,CA,Y7ET3D9SDOFUZ515FE28,0000356028,2018.0,Q3,2017-10-01,2017-12-31,2018-01-31 16:53:39+00:00,,cashdividendspershare,Cash Dividends to Common per Share,=,,usdpershare,0.255
CA Inc,CA,Y7ET3D9SDOFUZ515FE28,0000356028,2018.0,Q2,2017-07-01,2017-09-30,2018-11-07 16:05:40+00:00,totalrevenue,operatingrevenue,Operating Revenue,+,credit,usd,1034000000.0
CA Inc,CA,Y7ET3D9SDOFUZ515FE28,0000356028,2018.0,Q2,2017-07-01,2017-09-30,2018-11-07 16:05:40+00:00,totalgrossprofit,totalrevenue,Total Revenue,+,credit,usd,1034000000.0
CA Inc,CA,Y7ET3D9SDOFUZ515FE28,0000356028,2018.0,Q2,2017-07-01,2017-09-30,2018-11-07 16:05:40+00:00,totalcostofrevenue,operatingcostofrevenue,Operating Cost of Revenue,+,debit,usd,147000000.0
CA Inc,CA,Y7ET3D9SDOFUZ515FE28,0000356028,2018.0,Q2,2017-07-01,2017-09-30,2018-11-07 16:05:40+00:00,totalgrossprofit,totalcostofrevenue,Total Cost of Revenue,-,debit,usd,147000000.0
CA Inc,CA,Y7ET3D9SDOFUZ515FE28,0000356028,2018.0,Q2,2017-07-01,2017-09-30,2018-11-07 16:05:40+00:00,totaloperatingincome,totalgrossprofit,Total Gross Profit,+,credit,usd,887000000.0
CA Inc,CA,Y7ET3D9SDOFUZ515FE28,0000356028,2018.0,Q2,2017-07-01,2017-09-30,2018-11-07 16:05:40+00:00,totaloperatingexpenses,sgaexpense,"Selling, General & Admin Expense",+,debit,usd,97000000.0
CA Inc,CA,Y7ET3D9SDOFUZ515FE28,0000356028,2018.0,Q2,2017-07-01,2017-09-30,2018-11-07 16:05:40+00:00,totaloperatingexpenses,marketingexpense,Marketing Expense,+,debit,usd,244000000.0
CA Inc,CA,Y7ET3D9SDOFUZ515FE28,0000356028,2018.0,Q2,2017-07-01,2017-09-30,2018-11-07 16:05:40+00:00,totaloperatingexpenses,rdexpense,Research & Development Expense,+,debit,usd,161000000.0
CA Inc,CA,Y7ET3D9SDOFUZ515FE28,0000356028,2018.0,Q2,2017-07-01,2017-09-30,2018-11-07 16:05:40+00:00,totaloperatingexpenses,depreciationexpense,Depreciation Expense,+,debit,usd,27000000.0
CA Inc,CA,Y7ET3D9SDOFUZ515FE28,0000356028,2018.0,Q2,2017-07-01,2017-09-30,2018-11-07 16:05:40+00:00,totaloperatingexpenses,amortizationexpense,Amortization Expense,+,debit,usd,67000000.0
CA Inc,CA,Y7ET3D9SDOFUZ515FE28,0000356028,2018.0,Q2,2017-07-01,2017-09-30,2018-11-07 16:05:40+00:00,totaloperatingexpenses,otheroperatingexpenses,Other Operating Expenses / (Income),+,debit,usd,9000000.0
CA Inc,CA,Y7ET3D9SDOFUZ515FE28,0000356028,2018.0,Q2,2017-07-01,2017-09-30,2018-11-07 16:05:40+00:00,totaloperatingincome,totaloperatingexpenses,Total Operating Expenses,-,debit,usd,605000000.0
CA Inc,CA,Y7ET3D9SDOFUZ515FE28,0000356028,2018.0,Q2,2017-07-01,2017-09-30,2018-11-07 16:05:40+00:00,totalpretaxincome,totaloperatingincome,Total Operating Income,+,credit,usd,282000000.0
CA Inc,CA,Y7ET3D9SDOFUZ515FE28,0000356028,2018.0,Q2,2017-07-01,2017-09-30,2018-11-07 16:05:40+00:00,totalotherincome,totalinterestexpense,Interest Expense,-,debit,usd,24000000.0
CA Inc,CA,Y7ET3D9SDOFUZ515FE28,0000356028,2018.0,Q2,2017-07-01,2017-09-30,2018-11-07 16:05:40+00:00,totalpretaxincome,totalotherincome,"Total Other Income / (Expense), net",+,credit,usd,-24000000.0
CA Inc,CA,Y7ET3D9SDOFUZ515FE28,0000356028,2018.0,Q2,2017-07-01,2017-09-30,2018-11-07 16:05:40+00:00,netincomecontinuing,totalpretaxincome,Total Pre-Tax Income ,+,credit,usd,258000000.0
CA Inc,CA,Y7ET3D9SDOFUZ515FE28,0000356028,2018.0,Q2,2017-07-01,2017-09-30,2018-11-07 16:05:40+00:00,netincomecontinuing,incometaxexpense,Income Tax Expense,-,debit,usd,74000000.0
CA Inc,CA,Y7ET3D9SDOFUZ515FE28,0000356028,2018.0,Q2,2017-07-01,2017-09-30,2018-11-07 16:05:40+00:00,netincome,netincomecontinuing,Net Income / (Loss) Continuing Operations,+,credit,usd,184000000.0
CA Inc,CA,Y7ET3D9SDOFUZ515FE28,0000356028,2018.0,Q2,2017-07-01,2017-09-30,2018-11-07 16:05:40+00:00,netincometocommon,netincome,Consolidated Net Income / (Loss),+,credit,usd,184000000.0
CA Inc,CA,Y7ET3D9SDOFUZ515FE28,0000356028,2018.0,Q2,2017-07-01,2017-09-30,2018-11-07 16:05:40+00:00,,netincometocommon,Net Income / (Loss) Attributable to Common Shareholders,=,credit,usd,184000000.0
CA Inc,CA,Y7ET3D9SDOFUZ515FE28,0000356028,2018.0,Q2,2017-07-01,2017-09-30,2018-11-07 16:05:40+00:00,basiceps,weightedavebasicsharesos,Weighted Average Basic Shares Outstanding,/,,shares,415000000.0
CA Inc,CA,Y7ET3D9SDOFUZ515FE28,0000356028,2018.0,Q2,2017-07-01,2017-09-30,2018-11-07 16:05:40+00:00,,basiceps,Basic Earnings per Share,=,,usdpershare,0.44
CA Inc,CA,Y7ET3D9SDOFUZ515FE28,0000356028,2018.0,Q2,2017-07-01,2017-09-30,2018-11-07 16:05:40+00:00,dilutedeps,weightedavedilutedsharesos,Weighted Average Diluted Shares Outstanding,/,,shares,416000000.0
CA Inc,CA,Y7ET3D9SDOFUZ515FE28,0000356028,2018.0,Q2,2017-07-01,2017-09-30,2018-11-07 16:05:40+00:00,,dilutedeps,Diluted Earnings per Share,=,,usdpershare,0.44
CA Inc,CA,Y7ET3D9SDOFUZ515FE28,0000356028,2018.0,Q2,2017-07-01,2017-09-30,2018-11-07 16:05:40+00:00,basicdilutedeps,weightedavebasicdilutedsharesos,Weighted Average Basic & Diluted Shares Outstanding,/,,shares,418200000.0
CA Inc,CA,Y7ET3D9SDOFUZ515FE28,0000356028,2018.0,Q2,2017-07-01,2017-09-30,2018-11-07 16:05:40+00:00,,basicdilutedeps,Basic & Diluted Earnings per Share,=,,usdpershare,0.44
CA Inc,CA,Y7ET3D9SDOFUZ515FE28,0000356028,2018.0,Q2YTD,2017-04-01,2017-09-30,,totalrevenue,operatingrevenue,Operating Revenue,+,credit,usd,2059000000.0
CA Inc,CA,Y7ET3D9SDOFUZ515FE28,0000356028,2018.0,Q2YTD,2017-04-01,2017-09-30,,totalgrossprofit,totalrevenue,Total Revenue,+,credit,usd,2059000000.0
CA Inc,CA,Y7ET3D9SDOFUZ515FE28,0000356028,2018.0,Q2YTD,2017-04-01,2017-09-30,,totalcostofrevenue,operatingcostofrevenue,Operating Cost of Revenue,+,debit,usd,291000000.0
CA Inc,CA,Y7ET3D9SDOFUZ515FE28,0000356028,2018.0,Q2YTD,2017-04-01,2017-09-30,,totalgrossprofit,totalcostofrevenue,Total Cost of Revenue,-,debit,usd,291000000.0
CA Inc,CA,Y7ET3D9SDOFUZ515FE28,0000356028,2018.0,Q2YTD,2017-04-01,2017-09-30,,totaloperatingincome,totalgrossprofit,Total Gross Profit,+,credit,usd,1768000000.0
CA Inc,CA,Y7ET3D9SDOFUZ515FE28,0000356028,2018.0,Q2YTD,2017-04-01,2017-09-30,,totaloperatingexpenses,sgaexpense,"Selling, General & Admin Expense",+,debit,usd,204000000.0
CA Inc,CA,Y7ET3D9SDOFUZ515FE28,0000356028,2018.0,Q2YTD,2017-04-01,2017-09-30,,totaloperatingexpenses,marketingexpense,Marketing Expense,+,debit,usd,490000000.0
CA Inc,CA,Y7ET3D9SDOFUZ515FE28,0000356028,2018.0,Q2YTD,2017-04-01,2017-09-30,,totaloperatingexpenses,rdexpense,Research & Development Expense,+,debit,usd,319000000.0
CA Inc,CA,Y7ET3D9SDOFUZ515FE28,0000356028,2018.0,Q2YTD,2017-04-01,2017-09-30,,totaloperatingexpenses,depreciationexpense,Depreciation Expense,+,debit,usd,53000000.0
CA Inc,CA,Y7ET3D9SDOFUZ515FE28,0000356028,2018.0,Q2YTD,2017-04-01,2017-09-30,,totaloperatingexpenses,amortizationexpense,Amortization Expense,+,debit,usd,137000000.0
CA Inc,CA,Y7ET3D9SDOFUZ515FE28,0000356028,2018.0,Q2YTD,2017-04-01,2017-09-30,,totaloperatingexpenses,otheroperatingexpenses,Other Operating Expenses / (Income),+,debit,usd,20000000.0
CA Inc,CA,Y7ET3D9SDOFUZ515FE28,0000356028,2018.0,Q2YTD,2017-04-01,2017-09-30,,totaloperatingincome,totaloperatingexpenses,Total Operating Expenses,-,debit,usd,1223000000.0
CA Inc,CA,Y7ET3D9SDOFUZ515FE28,0000356028,2018.0,Q2YTD,2017-04-01,2017-09-30,,totalpretaxincome,totaloperatingincome,Total Operating Income,+,credit,usd,545000000.0
CA Inc,CA,Y7ET3D9SDOFUZ515FE28,0000356028,2018.0,Q2YTD,2017-04-01,2017-09-30,,totalotherincome,totalinterestexpense,Interest Expense,-,debit,usd,49000000.0
CA Inc,CA,Y7ET3D9SDOFUZ515FE28,0000356028,2018.0,Q2YTD,2017-04-01,2017-09-30,,totalpretaxincome,totalotherincome,"Total Other Income / (Expense), net",+,credit,usd,-49000000.0
CA Inc,CA,Y7ET3D9SDOFUZ515FE28,0000356028,2018.0,Q2YTD,2017-04-01,2017-09-30,,netincomecontinuing,totalpretaxincome,Total Pre-Tax Income ,+,credit,usd,496000000.0
CA Inc,CA,Y7ET3D9SDOFUZ515FE28,0000356028,2018.0,Q2YTD,2017-04-01,2017-09-30,,netincomecontinuing,incometaxexpense,Income Tax Expense,-,debit,usd,134000000.0
CA Inc,CA,Y7ET3D9SDOFUZ515FE28,0000356028,2018.0,Q2YTD,2017-04-01,2017-09-30,,netincome,netincomecontinuing,Net Income / (Loss) Continuing Operations,+,credit,usd,362000000.0
CA Inc,CA,Y7ET3D9SDOFUZ515FE28,0000356028,2018.0,Q2YTD,2017-04-01,2017-09-30,,netincometocommon,netincome,Consolidated Net Income / (Loss),+,credit,usd,362000000.0
CA Inc,CA,Y7ET3D9SDOFUZ515FE28,0000356028,2018.0,Q2YTD,2017-04-01,2017-09-30,,,netincometocommon,Net Income / (Loss) Attributable to Common Shareholders,=,credit,usd,362000000.0
CA Inc,CA,Y7ET3D9SDOFUZ515FE28,0000356028,2018.0,Q2YTD,2017-04-01,2017-09-30,,basiceps,weightedavebasicsharesos,Weighted Average Basic Shares Outstanding,/,,shares,415000000.0
CA Inc,CA,Y7ET3D9SDOFUZ515FE28,0000356028,2018.0,Q2YTD,2017-04-01,2017-09-30,,,basiceps,Basic Earnings per Share,=,,usdpershare,0.86
CA Inc,CA,Y7ET3D9SDOFUZ515FE28,0000356028,2018.0,Q2YTD,2017-04-01,2017-09-30,,dilutedeps,weightedavedilutedsharesos,Weighted Average Diluted Shares Outstanding,/,,shares,416000000.0
CA Inc,CA,Y7ET3D9SDOFUZ515FE28,0000356028,2018.0,Q2YTD,2017-04-01,2017-09-30,,,dilutedeps,Diluted Earnings per Share,=,,usdpershare,0.86
CA Inc,CA,Y7ET3D9SDOFUZ515FE28,0000356028,2018.0,Q2YTD,2017-04-01,2017-09-30,,basicdilutedeps,weightedavebasicdilutedsharesos,Weighted Average Basic & Diluted Shares Outstanding,/,,shares,418200000.0
CA Inc,CA,Y7ET3D9SDOFUZ515FE28,0000356028,2018.0,Q2YTD,2017-04-01,2017-09-30,,,basicdilutedeps,Basic & Diluted Earnings per Share,=,,usdpershare,0.86
CA Inc,CA,Y7ET3D9SDOFUZ515FE28,0000356028,2018.0,Q2TTM,2016-10-01,2017-09-30,,totalrevenue,operatingrevenue,Operating Revenue,+,credit,usd,3837000000.0
CA Inc,CA,Y7ET3D9SDOFUZ515FE28,0000356028,2018.0,Q2TTM,2016-10-01,2017-09-30,,totalrevenue,otherrevenue,Other Revenue,+,credit,usd,241000000.0
CA Inc,CA,Y7ET3D9SDOFUZ515FE28,0000356028,2018.0,Q2TTM,2016-10-01,2017-09-30,,totalgrossprofit,totalrevenue,Total Revenue,+,credit,usd,4078000000.0
CA Inc,CA,Y7ET3D9SDOFUZ515FE28,0000356028,2018.0,Q2TTM,2016-10-01,2017-09-30,,totalcostofrevenue,operatingcostofrevenue,Operating Cost of Revenue,+,debit,usd,582000000.0
CA Inc,CA,Y7ET3D9SDOFUZ515FE28,0000356028,2018.0,Q2TTM,2016-10-01,2017-09-30,,totalgrossprofit,totalcostofrevenue,Total Cost of Revenue,-,debit,usd,582000000.0
CA Inc,CA,Y7ET3D9SDOFUZ515FE28,0000356028,2018.0,Q2TTM,2016-10-01,2017-09-30,,totaloperatingincome,totalgrossprofit,Total Gross Profit,+,credit,usd,3496000000.0
CA Inc,CA,Y7ET3D9SDOFUZ515FE28,0000356028,2018.0,Q2TTM,2016-10-01,2017-09-30,,totaloperatingexpenses,sgaexpense,"Selling, General & Admin Expense",+,debit,usd,407000000.0
CA Inc,CA,Y7ET3D9SDOFUZ515FE28,0000356028,2018.0,Q2TTM,2016-10-01,2017-09-30,,totaloperatingexpenses,marketingexpense,Marketing Expense,+,debit,usd,1041000000.0
CA Inc,CA,Y7ET3D9SDOFUZ515FE28,0000356028,2018.0,Q2TTM,2016-10-01,2017-09-30,,totaloperatingexpenses,rdexpense,Research & Development Expense,+,debit,usd,621000000.0
CA Inc,CA,Y7ET3D9SDOFUZ515FE28,0000356028,2018.0,Q2TTM,2016-10-01,2017-09-30,,totaloperatingexpenses,depreciationexpense,Depreciation Expense,+,debit,usd,92000000.0
CA Inc,CA,Y7ET3D9SDOFUZ515FE28,0000356028,2018.0,Q2TTM,2016-10-01,2017-09-30,,totaloperatingexpenses,amortizationexpense,Amortization Expense,+,debit,usd,255000000.0
CA Inc,CA,Y7ET3D9SDOFUZ515FE28,0000356028,2018.0,Q2TTM,2016-10-01,2017-09-30,,totaloperatingexpenses,otheroperatingexpenses,Other Operating Expenses / (Income),+,debit,usd,12000000.0
CA Inc,CA,Y7ET3D9SDOFUZ515FE28,0000356028,2018.0,Q2TTM,2016-10-01,2017-09-30,,totaloperatingincome,totaloperatingexpenses,Total Operating Expenses,-,debit,usd,2428000000.0
CA Inc,CA,Y7ET3D9SDOFUZ515FE28,0000356028,2018.0,Q2TTM,2016-10-01,2017-09-30,,totalpretaxincome,totaloperatingincome,Total Operating Income,+,credit,usd,1068000000.0
CA Inc,CA,Y7ET3D9SDOFUZ515FE28,0000356028,2018.0,Q2TTM,2016-10-01,2017-09-30,,totalotherincome,totalinterestexpense,Interest Expense,-,debit,usd,82000000.0
CA Inc,CA,Y7ET3D9SDOFUZ515FE28,0000356028,2018.0,Q2TTM,2016-10-01,2017-09-30,,totalpretaxincome,totalotherincome,"Total Other Income / (Expense), net",+,credit,usd,-82000000.0
CA Inc,CA,Y7ET3D9SDOFUZ515FE28,0000356028,2018.0,Q2TTM,2016-10-01,2017-09-30,,netincomecontinuing,totalpretaxincome,Total Pre-Tax Income ,+,credit,usd,986000000.0
CA Inc,CA,Y7ET3D9SDOFUZ515FE28,0000356028,2018.0,Q2TTM,2016-10-01,2017-09-30,,netincomecontinuing,incometaxexpense,Income Tax Expense,-,debit,usd,259000000.0
CA Inc,CA,Y7ET3D9SDOFUZ515FE28,0000356028,2018.0,Q2TTM,2016-10-01,2017-09-30,,netincome,netincomecontinuing,Net Income / (Loss) Continuing Operations,+,credit,usd,727000000.0
CA Inc,CA,Y7ET3D9SDOFUZ515FE28,0000356028,2018.0,Q2TTM,2016-10-01,2017-09-30,,netincometocommon,netincome,Consolidated Net Income / (Loss),+,credit,usd,727000000.0
CA Inc,CA,Y7ET3D9SDOFUZ515FE28,0000356028,2018.0,Q2TTM,2016-10-01,2017-09-30,,,netincometocommon,Net Income / (Loss) Attributable to Common Shareholders,=,credit,usd,727000000.0
CA Inc,CA,Y7ET3D9SDOFUZ515FE28,0000356028,2018.0,Q2TTM,2016-10-01,2017-09-30,,basiceps,weightedavebasicsharesos,Weighted Average Basic Shares Outstanding,/,,shares,415000000.0
CA Inc,CA,Y7ET3D9SDOFUZ515FE28,0000356028,2018.0,Q2TTM,2016-10-01,2017-09-30,,,basiceps,Basic Earnings per Share,=,,usdpershare,1.74
CA Inc,CA,Y7ET3D9SDOFUZ515FE28,0000356028,2018.0,Q2TTM,2016-10-01,2017-09-30,,dilutedeps,weightedavedilutedsharesos,Weighted Average Diluted Shares Outstanding,/,,shares,416000000.0
CA Inc,CA,Y7ET3D9SDOFUZ515FE28,0000356028,2018.0,Q2TTM,2016-10-01,2017-09-30,,,dilutedeps,Diluted Earnings per Share,=,,usdpershare,1.74
CA Inc,CA,Y7ET3D9SDOFUZ515FE28,0000356028,2018.0,Q2TTM,2016-10-01,2017-09-30,,basicdilutedeps,weightedavebasicdilutedsharesos,Weighted Average Basic & Diluted Shares Outstanding,/,,shares,418200000.0
CA Inc,CA,Y7ET3D9SDOFUZ515FE28,0000356028,2018.0,Q2TTM,2016-10-01,2017-09-30,,,basicdilutedeps,Basic & Diluted Earnings per Share,=,,usdpershare,1.74
CA Inc,CA,Y7ET3D9SDOFUZ515FE28,0000356028,2018.0,Q2TTM,2016-10-01,2017-09-30,,,cashdividendspershare,Cash Dividends to Common per Share,=,,usdpershare,-0.51
CA Inc,CA,Y7ET3D9SDOFUZ515FE28,0000356028,2018.0,Q1,2017-04-01,2017-06-30,2018-08-07 16:32:38+00:00,totalrevenue,operatingrevenue,Operating Revenue,+,credit,usd,1025000000.0
CA Inc,CA,Y7ET3D9SDOFUZ515FE28,0000356028,2018.0,Q1,2017-04-01,2017-06-30,2018-08-07 16:32:38+00:00,totalgrossprofit,totalrevenue,Total Revenue,+,credit,usd,1025000000.0
CA Inc,CA,Y7ET3D9SDOFUZ515FE28,0000356028,2018.0,Q1,2017-04-01,2017-06-30,2018-08-07 16:32:38+00:00,totalcostofrevenue,operatingcostofrevenue,Operating Cost of Revenue,+,debit,usd,144000000.0
CA Inc,CA,Y7ET3D9SDOFUZ515FE28,0000356028,2018.0,Q1,2017-04-01,2017-06-30,2018-08-07 16:32:38+00:00,totalgrossprofit,totalcostofrevenue,Total Cost of Revenue,-,debit,usd,144000000.0
CA Inc,CA,Y7ET3D9SDOFUZ515FE28,0000356028,2018.0,Q1,2017-04-01,2017-06-30,2018-08-07 16:32:38+00:00,totaloperatingincome,totalgrossprofit,Total Gross Profit,+,credit,usd,881000000.0
CA Inc,CA,Y7ET3D9SDOFUZ515FE28,0000356028,2018.0,Q1,2017-04-01,2017-06-30,2018-08-07 16:32:38+00:00,totaloperatingexpenses,sgaexpense,"Selling, General & Admin Expense",+,debit,usd,107000000.0
CA Inc,CA,Y7ET3D9SDOFUZ515FE28,0000356028,2018.0,Q1,2017-04-01,2017-06-30,2018-08-07 16:32:38+00:00,totaloperatingexpenses,marketingexpense,Marketing Expense,+,debit,usd,246000000.0
CA Inc,CA,Y7ET3D9SDOFUZ515FE28,0000356028,2018.0,Q1,2017-04-01,2017-06-30,2018-08-07 16:32:38+00:00,totaloperatingexpenses,rdexpense,Research & Development Expense,+,debit,usd,158000000.0
CA Inc,CA,Y7ET3D9SDOFUZ515FE28,0000356028,2018.0,Q1,2017-04-01,2017-06-30,2018-08-07 16:32:38+00:00,totaloperatingexpenses,depreciationexpense,Depreciation Expense,+,debit,usd,26000000.0
CA Inc,CA,Y7ET3D9SDOFUZ515FE28,0000356028,2018.0,Q1,2017-04-01,2017-06-30,2018-08-07 16:32:38+00:00,totaloperatingexpenses,amortizationexpense,Amortization Expense,+,debit,usd,70000000.0
CA Inc,CA,Y7ET3D9SDOFUZ515FE28,0000356028,2018.0,Q1,2017-04-01,2017-06-30,2018-08-07 16:32:38+00:00,totaloperatingexpenses,otheroperatingexpenses,Other Operating Expenses / (Income),+,debit,usd,11000000.0
CA Inc,CA,Y7ET3D9SDOFUZ515FE28,0000356028,2018.0,Q1,2017-04-01,2017-06-30,2018-08-07 16:32:38+00:00,totaloperatingincome,totaloperatingexpenses,Total Operating Expenses,-,debit,usd,618000000.0
CA Inc,CA,Y7ET3D9SDOFUZ515FE28,0000356028,2018.0,Q1,2017-04-01,2017-06-30,2018-08-07 16:32:38+00:00,totalpretaxincome,totaloperatingincome,Total Operating Income,+,credit,usd,263000000.0
CA Inc,CA,Y7ET3D9SDOFUZ515FE28,0000356028,2018.0,Q1,2017-04-01,2017-06-30,2018-08-07 16:32:38+00:00,totalotherincome,totalinterestexpense,Interest Expense,-,debit,usd,25000000.0
CA Inc,CA,Y7ET3D9SDOFUZ515FE28,0000356028,2018.0,Q1,2017-04-01,2017-06-30,2018-08-07 16:32:38+00:00,totalpretaxincome,totalotherincome,"Total Other Income / (Expense), net",+,credit,usd,-25000000.0
CA Inc,CA,Y7ET3D9SDOFUZ515FE28,0000356028,2018.0,Q1,2017-04-01,2017-06-30,2018-08-07 16:32:38+00:00,netincomecontinuing,totalpretaxincome,Total Pre-Tax Income ,+,credit,usd,238000000.0
CA Inc,CA,Y7ET3D9SDOFUZ515FE28,0000356028,2018.0,Q1,2017-04-01,2017-06-30,2018-08-07 16:32:38+00:00,netincomecontinuing,incometaxexpense,Income Tax Expense,-,debit,usd,60000000.0
CA Inc,CA,Y7ET3D9SDOFUZ515FE28,0000356028,2018.0,Q1,2017-04-01,2017-06-30,2018-08-07 16:32:38+00:00,netincome,netincomecontinuing,Net Income / (Loss) Continuing Operations,+,credit,usd,178000000.0
CA Inc,CA,Y7ET3D9SDOFUZ515FE28,0000356028,2018.0,Q1,2017-04-01,2017-06-30,2018-08-07 16:32:38+00:00,netincometocommon,netincome,Consolidated Net Income / (Loss),+,credit,usd,178000000.0
CA Inc,CA,Y7ET3D9SDOFUZ515FE28,0000356028,2018.0,Q1,2017-04-01,2017-06-30,2018-08-07 16:32:38+00:00,,netincometocommon,Net Income / (Loss) Attributable to Common Shareholders,=,credit,usd,178000000.0
CA Inc,CA,Y7ET3D9SDOFUZ515FE28,0000356028,2018.0,Q1,2017-04-01,2017-06-30,2018-08-07 16:32:38+00:00,basiceps,weightedavebasicsharesos,Weighted Average Basic Shares Outstanding,/,,shares,415000000.0
CA Inc,CA,Y7ET3D9SDOFUZ515FE28,0000356028,2018.0,Q1,2017-04-01,2017-06-30,2018-08-07 16:32:38+00:00,,basiceps,Basic Earnings per Share,=,,usdpershare,0.42
CA Inc,CA,Y7ET3D9SDOFUZ515FE28,0000356028,2018.0,Q1,2017-04-01,2017-06-30,2018-08-07 16:32:38+00:00,dilutedeps,weightedavedilutedsharesos,Weighted Average Diluted Shares Outstanding,/,,shares,417000000.0
CA Inc,CA,Y7ET3D9SDOFUZ515FE28,0000356028,2018.0,Q1,2017-04-01,2017-06-30,2018-08-07 16:32:38+00:00,,dilutedeps,Diluted Earnings per Share,=,,usdpershare,0.42
CA Inc,CA,Y7ET3D9SDOFUZ515FE28,0000356028,2018.0,Q1,2017-04-01,2017-06-30,2018-08-07 16:32:38+00:00,basicdilutedeps,weightedavebasicdilutedsharesos,Weighted Average Basic & Diluted Shares Outstanding,/,,shares,423800000.0
CA Inc,CA,Y7ET3D9SDOFUZ515FE28,0000356028,2018.0,Q1,2017-04-01,2017-06-30,2018-08-07 16:32:38+00:00,,basicdilutedeps,Basic & Diluted Earnings per Share,=,,usdpershare,0.42
CA Inc,CA,Y7ET3D9SDOFUZ515FE28,0000356028,2018.0,Q1,2017-04-01,2017-06-30,2018-08-07 16:32:38+00:00,,cashdividendspershare,Cash Dividends to Common per Share,=,,usdpershare,0.255
CA Inc,CA,Y7ET3D9SDOFUZ515FE28,0000356028,2018.0,Q1TTM,2016-07-01,2017-06-30,,totalrevenue,operatingrevenue,Operating Revenue,+,credit,usd,3702000000.0
CA Inc,CA,Y7ET3D9SDOFUZ515FE28,0000356028,2018.0,Q1TTM,2016-07-01,2017-06-30,,totalrevenue,otherrevenue,Other Revenue,+,credit,usd,360000000.0
CA Inc,CA,Y7ET3D9SDOFUZ515FE28,0000356028,2018.0,Q1TTM,2016-07-01,2017-06-30,,totalgrossprofit,totalrevenue,Total Revenue,+,credit,usd,4062000000.0
CA Inc,CA,Y7ET3D9SDOFUZ515FE28,0000356028,2018.0,Q1TTM,2016-07-01,2017-06-30,,totalcostofrevenue,operatingcostofrevenue,Operating Cost of Revenue,+,debit,usd,574000000.0
CA Inc,CA,Y7ET3D9SDOFUZ515FE28,0000356028,2018.0,Q1TTM,2016-07-01,2017-06-30,,totalgrossprofit,totalcostofrevenue,Total Cost of Revenue,-,debit,usd,574000000.0
CA Inc,CA,Y7ET3D9SDOFUZ515FE28,0000356028,2018.0,Q1TTM,2016-07-01,2017-06-30,,totaloperatingincome,totalgrossprofit,Total Gross Profit,+,credit,usd,3488000000.0
CA Inc,CA,Y7ET3D9SDOFUZ515FE28,0000356028,2018.0,Q1TTM,2016-07-01,2017-06-30,,totaloperatingexpenses,sgaexpense,"Selling, General & Admin Expense",+,debit,usd,394000000.0
CA Inc,CA,Y7ET3D9SDOFUZ515FE28,0000356028,2018.0,Q1TTM,2016-07-01,2017-06-30,,totaloperatingexpenses,marketingexpense,Marketing Expense,+,debit,usd,1032000000.0
CA Inc,CA,Y7ET3D9SDOFUZ515FE28,0000356028,2018.0,Q1TTM,2016-07-01,2017-06-30,,totaloperatingexpenses,rdexpense,Research & Development Expense,+,debit,usd,596000000.0
CA Inc,CA,Y7ET3D9SDOFUZ515FE28,0000356028,2018.0,Q1TTM,2016-07-01,2017-06-30,,totaloperatingexpenses,depreciationexpense,Depreciation Expense,+,debit,usd,83000000.0
CA Inc,CA,Y7ET3D9SDOFUZ515FE28,0000356028,2018.0,Q1TTM,2016-07-01,2017-06-30,,totaloperatingexpenses,amortizationexpense,Amortization Expense,+,debit,usd,247000000.0
CA Inc,CA,Y7ET3D9SDOFUZ515FE28,0000356028,2018.0,Q1TTM,2016-07-01,2017-06-30,,totaloperatingexpenses,otheroperatingexpenses,Other Operating Expenses / (Income),+,debit,usd,30000000.0
CA Inc,CA,Y7ET3D9SDOFUZ515FE28,0000356028,2018.0,Q1TTM,2016-07-01,2017-06-30,,totaloperatingincome,totaloperatingexpenses,Total Operating Expenses,-,debit,usd,2382000000.0
CA Inc,CA,Y7ET3D9SDOFUZ515FE28,0000356028,2018.0,Q1TTM,2016-07-01,2017-06-30,,totalpretaxincome,totaloperatingincome,Total Operating Income,+,credit,usd,1106000000.0
CA Inc,CA,Y7ET3D9SDOFUZ515FE28,0000356028,2018.0,Q1TTM,2016-07-01,2017-06-30,,totalotherincome,totalinterestexpense,Interest Expense,-,debit,usd,72000000.0
CA Inc,CA,Y7ET3D9SDOFUZ515FE28,0000356028,2018.0,Q1TTM,2016-07-01,2017-06-30,,totalpretaxincome,totalotherincome,"Total Other Income / (Expense), net",+,credit,usd,-72000000.0
CA Inc,CA,Y7ET3D9SDOFUZ515FE28,0000356028,2018.0,Q1TTM,2016-07-01,2017-06-30,,netincomecontinuing,totalpretaxincome,Total Pre-Tax Income ,+,credit,usd,1034000000.0
CA Inc,CA,Y7ET3D9SDOFUZ515FE28,0000356028,2018.0,Q1TTM,2016-07-01,2017-06-30,,netincomecontinuing,incometaxexpense,Income Tax Expense,-,debit,usd,279000000.0
CA Inc,CA,Y7ET3D9SDOFUZ515FE28,0000356028,2018.0,Q1TTM,2016-07-01,2017-06-30,,netincome,netincomecontinuing,Net Income / (Loss) Continuing Operations,+,credit,usd,755000000.0
CA Inc,CA,Y7ET3D9SDOFUZ515FE28,0000356028,2018.0,Q1TTM,2016-07-01,2017-06-30,,netincometocommon,netincome,Consolidated Net Income / (Loss),+,credit,usd,755000000.0
CA Inc,CA,Y7ET3D9SDOFUZ515FE28,0000356028,2018.0,Q1TTM,2016-07-01,2017-06-30,,,netincometocommon,Net Income / (Loss) Attributable to Common Shareholders,=,credit,usd,755000000.0
CA Inc,CA,Y7ET3D9SDOFUZ515FE28,0000356028,2018.0,Q1TTM,2016-07-01,2017-06-30,,basiceps,weightedavebasicsharesos,Weighted Average Basic Shares Outstanding,/,,shares,415000000.0
CA Inc,CA,Y7ET3D9SDOFUZ515FE28,0000356028,2018.0,Q1TTM,2016-07-01,2017-06-30,,,basiceps,Basic Earnings per Share,=,,usdpershare,1.8
CA Inc,CA,Y7ET3D9SDOFUZ515FE28,0000356028,2018.0,Q1TTM,2016-07-01,2017-06-30,,dilutedeps,weightedavedilutedsharesos,Weighted Average Diluted Shares Outstanding,/,,shares,417000000.0
CA Inc,CA,Y7ET3D9SDOFUZ515FE28,0000356028,2018.0,Q1TTM,2016-07-01,2017-06-30,,,dilutedeps,Diluted Earnings per Share,=,,usdpershare,1.8
CA Inc,CA,Y7ET3D9SDOFUZ515FE28,0000356028,2018.0,Q1TTM,2016-07-01,2017-06-30,,basicdilutedeps,weightedavebasicdilutedsharesos,Weighted Average Basic & Diluted Shares Outstanding,/,,shares,423800000.0
CA Inc,CA,Y7ET3D9SDOFUZ515FE28,0000356028,2018.0,Q1TTM,2016-07-01,2017-06-30,,,basicdilutedeps,Basic & Diluted Earnings per Share,=,,usdpershare,1.8
CA Inc,CA,Y7ET3D9SDOFUZ515FE28,0000356028,2018.0,Q1TTM,2016-07-01,2017-06-30,,,cashdividendspershare,Cash Dividends to Common per Share,=,,usdpershare,-0.26
CA Inc,CA,Y7ET3D9SDOFUZ515FE28,0000356028,2019.0,Q2,2018-07-01,2018-09-30,2018-11-07 16:05:40+00:00,totalrevenue,operatingrevenue,Operating Revenue,+,credit,usd,895000000.0
CA Inc,CA,Y7ET3D9SDOFUZ515FE28,0000356028,2019.0,Q2,2018-07-01,2018-09-30,2018-11-07 16:05:40+00:00,totalgrossprofit,totalrevenue,Total Revenue,+,credit,usd,895000000.0
CA Inc,CA,Y7ET3D9SDOFUZ515FE28,0000356028,2019.0,Q2,2018-07-01,2018-09-30,2018-11-07 16:05:40+00:00,totalcostofrevenue,operatingcostofrevenue,Operating Cost of Revenue,+,debit,usd,138000000.0
CA Inc,CA,Y7ET3D9SDOFUZ515FE28,0000356028,2019.0,Q2,2018-07-01,2018-09-30,2018-11-07 16:05:40+00:00,totalgrossprofit,totalcostofrevenue,Total Cost of Revenue,-,debit,usd,138000000.0
CA Inc,CA,Y7ET3D9SDOFUZ515FE28,0000356028,2019.0,Q2,2018-07-01,2018-09-30,2018-11-07 16:05:40+00:00,totaloperatingincome,totalgrossprofit,Total Gross Profit,+,credit,usd,757000000.0
CA Inc,CA,Y7ET3D9SDOFUZ515FE28,0000356028,2019.0,Q2,2018-07-01,2018-09-30,2018-11-07 16:05:40+00:00,totaloperatingexpenses,sgaexpense,"Selling, General & Admin Expense",+,debit,usd,99000000.0
CA Inc,CA,Y7ET3D9SDOFUZ515FE28,0000356028,2019.0,Q2,2018-07-01,2018-09-30,2018-11-07 16:05:40+00:00,totaloperatingexpenses,marketingexpense,Marketing Expense,+,debit,usd,252000000.0
CA Inc,CA,Y7ET3D9SDOFUZ515FE28,0000356028,2019.0,Q2,2018-07-01,2018-09-30,2018-11-07 16:05:40+00:00,totaloperatingexpenses,rdexpense,Research & Development Expense,+,debit,usd,158000000.0
CA Inc,CA,Y7ET3D9SDOFUZ515FE28,0000356028,2019.0,Q2,2018-07-01,2018-09-30,2018-11-07 16:05:40+00:00,totaloperatingexpenses,depreciationexpense,Depreciation Expense,+,debit,usd,28000000.0
CA Inc,CA,Y7ET3D9SDOFUZ515FE28,0000356028,2019.0,Q2,2018-07-01,2018-09-30,2018-11-07 16:05:40+00:00,totaloperatingexpenses,amortizationexpense,Amortization Expense,+,debit,usd,49000000.0
CA Inc,CA,Y7ET3D9SDOFUZ515FE28,0000356028,2019.0,Q2,2018-07-01,2018-09-30,2018-11-07 16:05:40+00:00,totaloperatingexpenses,otheroperatingexpenses,Other Operating Expenses / (Income),+,debit,usd,4000000.0
CA Inc,CA,Y7ET3D9SDOFUZ515FE28,0000356028,2019.0,Q2,2018-07-01,2018-09-30,2018-11-07 16:05:40+00:00,totaloperatingincome,totaloperatingexpenses,Total Operating Expenses,-,debit,usd,590000000.0
CA Inc,CA,Y7ET3D9SDOFUZ515FE28,0000356028,2019.0,Q2,2018-07-01,2018-09-30,2018-11-07 16:05:40+00:00,totalpretaxincome,totaloperatingincome,Total Operating Income,+,credit,usd,167000000.0
CA Inc,CA,Y7ET3D9SDOFUZ515FE28,0000356028,2019.0,Q2,2018-07-01,2018-09-30,2018-11-07 16:05:40+00:00,totalotherincome,totalinterestexpense,Interest Expense,-,debit,usd,19000000.0
CA Inc,CA,Y7ET3D9SDOFUZ515FE28,0000356028,2019.0,Q2,2018-07-01,2018-09-30,2018-11-07 16:05:40+00:00,totalpretaxincome,totalotherincome,"Total Other Income / (Expense), net",+,credit,usd,-19000000.0
CA Inc,CA,Y7ET3D9SDOFUZ515FE28,0000356028,2019.0,Q2,2018-07-01,2018-09-30,2018-11-07 16:05:40+00:00,netincomecontinuing,totalpretaxincome,Total Pre-Tax Income ,+,credit,usd,148000000.0
CA Inc,CA,Y7ET3D9SDOFUZ515FE28,0000356028,2019.0,Q2,2018-07-01,2018-09-30,2018-11-07 16:05:40+00:00,netincomecontinuing,incometaxexpense,Income Tax Expense,-,debit,usd,19000000.0
CA Inc,CA,Y7ET3D9SDOFUZ515FE28,0000356028,2019.0,Q2,2018-07-01,2018-09-30,2018-11-07 16:05:40+00:00,netincome,netincomecontinuing,Net Income / (Loss) Continuing Operations,+,credit,usd,129000000.0
CA Inc,CA,Y7ET3D9SDOFUZ515FE28,0000356028,2019.0,Q2,2018-07-01,2018-09-30,2018-11-07 16:05:40+00:00,netincometocommon,netincome,Consolidated Net Income / (Loss),+,credit,usd,129000000.0
CA Inc,CA,Y7ET3D9SDOFUZ515FE28,0000356028,2019.0,Q2,2018-07-01,2018-09-30,2018-11-07 16:05:40+00:00,,netincometocommon,Net Income / (Loss) Attributable to Common Shareholders,=,credit,usd,129000000.0
CA Inc,CA,Y7ET3D9SDOFUZ515FE28,0000356028,2019.0,Q2,2018-07-01,2018-09-30,2018-11-07 16:05:40+00:00,basiceps,weightedavebasicsharesos,Weighted Average Basic Shares Outstanding,/,,shares,413000000.0
CA Inc,CA,Y7ET3D9SDOFUZ515FE28,0000356028,2019.0,Q2,2018-07-01,2018-09-30,2018-11-07 16:05:40+00:00,,basiceps,Basic Earnings per Share,=,,usdpershare,0.31
CA Inc,CA,Y7ET3D9SDOFUZ515FE28,0000356028,2019.0,Q2,2018-07-01,2018-09-30,2018-11-07 16:05:40+00:00,dilutedeps,weightedavedilutedsharesos,Weighted Average Diluted Shares Outstanding,/,,shares,416000000.0
CA Inc,CA,Y7ET3D9SDOFUZ515FE28,0000356028,2019.0,Q2,2018-07-01,2018-09-30,2018-11-07 16:05:40+00:00,,dilutedeps,Diluted Earnings per Share,=,,usdpershare,0.31
CA Inc,CA,Y7ET3D9SDOFUZ515FE28,0000356028,2019.0,Q2,2018-07-01,2018-09-30,2018-11-07 16:05:40+00:00,basicdilutedeps,weightedavebasicdilutedsharesos,Weighted Average Basic & Diluted Shares Outstanding,/,,shares,416100000.0
CA Inc,CA,Y7ET3D9SDOFUZ515FE28,0000356028,2019.0,Q2,2018-07-01,2018-09-30,2018-11-07 16:05:40+00:00,,basicdilutedeps,Basic & Diluted Earnings per Share,=,,usdpershare,0.31
CA Inc,CA,Y7ET3D9SDOFUZ515FE28,0000356028,2019.0,Q2YTD,2018-04-01,2018-09-30,,totalrevenue,operatingrevenue,Operating Revenue,+,credit,usd,1833000000.0
CA Inc,CA,Y7ET3D9SDOFUZ515FE28,0000356028,2019.0,Q2YTD,2018-04-01,2018-09-30,,totalgrossprofit,totalrevenue,Total Revenue,+,credit,usd,1833000000.0
CA Inc,CA,Y7ET3D9SDOFUZ515FE28,0000356028,2019.0,Q2YTD,2018-04-01,2018-09-30,,totalcostofrevenue,operatingcostofrevenue,Operating Cost of Revenue,+,debit,usd,284000000.0
CA Inc,CA,Y7ET3D9SDOFUZ515FE28,0000356028,2019.0,Q2YTD,2018-04-01,2018-09-30,,totalgrossprofit,totalcostofrevenue,Total Cost of Revenue,-,debit,usd,284000000.0
CA Inc,CA,Y7ET3D9SDOFUZ515FE28,0000356028,2019.0,Q2YTD,2018-04-01,2018-09-30,,totaloperatingincome,totalgrossprofit,Total Gross Profit,+,credit,usd,1549000000.0
CA Inc,CA,Y7ET3D9SDOFUZ515FE28,0000356028,2019.0,Q2YTD,2018-04-01,2018-09-30,,totaloperatingexpenses,sgaexpense,"Selling, General & Admin Expense",+,debit,usd,203000000.0
CA Inc,CA,Y7ET3D9SDOFUZ515FE28,0000356028,2019.0,Q2YTD,2018-04-01,2018-09-30,,totaloperatingexpenses,marketingexpense,Marketing Expense,+,debit,usd,487000000.0
CA Inc,CA,Y7ET3D9SDOFUZ515FE28,0000356028,2019.0,Q2YTD,2018-04-01,2018-09-30,,totaloperatingexpenses,rdexpense,Research & Development Expense,+,debit,usd,320000000.0
CA Inc,CA,Y7ET3D9SDOFUZ515FE28,0000356028,2019.0,Q2YTD,2018-04-01,2018-09-30,,totaloperatingexpenses,depreciationexpense,Depreciation Expense,+,debit,usd,54000000.0
CA Inc,CA,Y7ET3D9SDOFUZ515FE28,0000356028,2019.0,Q2YTD,2018-04-01,2018-09-30,,totaloperatingexpenses,amortizationexpense,Amortization Expense,+,debit,usd,109000000.0
CA Inc,CA,Y7ET3D9SDOFUZ515FE28,0000356028,2019.0,Q2YTD,2018-04-01,2018-09-30,,totaloperatingexpenses,otheroperatingexpenses,Other Operating Expenses / (Income),+,debit,usd,107000000.0
CA Inc,CA,Y7ET3D9SDOFUZ515FE28,0000356028,2019.0,Q2YTD,2018-04-01,2018-09-30,,totaloperatingincome,totaloperatingexpenses,Total Operating Expenses,-,debit,usd,1280000000.0
CA Inc,CA,Y7ET3D9SDOFUZ515FE28,0000356028,2019.0,Q2YTD,2018-04-01,2018-09-30,,totalpretaxincome,totaloperatingincome,Total Operating Income,+,credit,usd,269000000.0
CA Inc,CA,Y7ET3D9SDOFUZ515FE28,0000356028,2019.0,Q2YTD,2018-04-01,2018-09-30,,totalotherincome,totalinterestexpense,Interest Expense,-,debit,usd,39000000.0
CA Inc,CA,Y7ET3D9SDOFUZ515FE28,0000356028,2019.0,Q2YTD,2018-04-01,2018-09-30,,totalpretaxincome,totalotherincome,"Total Other Income / (Expense), net",+,credit,usd,-39000000.0
CA Inc,CA,Y7ET3D9SDOFUZ515FE28,0000356028,2019.0,Q2YTD,2018-04-01,2018-09-30,,netincomecontinuing,totalpretaxincome,Total Pre-Tax Income ,+,credit,usd,230000000.0
CA Inc,CA,Y7ET3D9SDOFUZ515FE28,0000356028,2019.0,Q2YTD,2018-04-01,2018-09-30,,netincomecontinuing,incometaxexpense,Income Tax Expense,-,debit,usd,-65000000.0
CA Inc,CA,Y7ET3D9SDOFUZ515FE28,0000356028,2019.0,Q2YTD,2018-04-01,2018-09-30,,netincome,netincomecontinuing,Net Income / (Loss) Continuing Operations,+,credit,usd,295000000.0
CA Inc,CA,Y7ET3D9SDOFUZ515FE28,0000356028,2019.0,Q2YTD,2018-04-01,2018-09-30,,netincometocommon,netincome,Consolidated Net Income / (Loss),+,credit,usd,295000000.0
CA Inc,CA,Y7ET3D9SDOFUZ515FE28,0000356028,2019.0,Q2YTD,2018-04-01,2018-09-30,,,netincometocommon,Net Income / (Loss) Attributable to Common Shareholders,=,credit,usd,295000000.0
CA Inc,CA,Y7ET3D9SDOFUZ515FE28,0000356028,2019.0,Q2YTD,2018-04-01,2018-09-30,,basiceps,weightedavebasicsharesos,Weighted Average Basic Shares Outstanding,/,,shares,413000000.0
CA Inc,CA,Y7ET3D9SDOFUZ515FE28,0000356028,2019.0,Q2YTD,2018-04-01,2018-09-30,,,basiceps,Basic Earnings per Share,=,,usdpershare,0.71
CA Inc,CA,Y7ET3D9SDOFUZ515FE28,0000356028,2019.0,Q2YTD,2018-04-01,2018-09-30,,dilutedeps,weightedavedilutedsharesos,Weighted Average Diluted Shares Outstanding,/,,shares,416000000.0
CA Inc,CA,Y7ET3D9SDOFUZ515FE28,0000356028,2019.0,Q2YTD,2018-04-01,2018-09-30,,,dilutedeps,Diluted Earnings per Share,=,,usdpershare,0.71
CA Inc,CA,Y7ET3D9SDOFUZ515FE28,0000356028,2019.0,Q2YTD,2018-04-01,2018-09-30,,basicdilutedeps,weightedavebasicdilutedsharesos,Weighted Average Basic & Diluted Shares Outstanding,/,,shares,416100000.0
CA Inc,CA,Y7ET3D9SDOFUZ515FE28,0000356028,2019.0,Q2YTD,2018-04-01,2018-09-30,,,basicdilutedeps,Basic & Diluted Earnings per Share,=,,usdpershare,0.71
CA Inc,CA,Y7ET3D9SDOFUZ515FE28,0000356028,2019.0,Q2TTM,2017-10-01,2018-09-30,,totalrevenue,operatingrevenue,Operating Revenue,+,credit,usd,3411000000.0
CA Inc,CA,Y7ET3D9SDOFUZ515FE28,0000356028,2019.0,Q2TTM,2017-10-01,2018-09-30,,totalrevenue,otherrevenue,Other Revenue,+,credit,usd,598000000.0
CA Inc,CA,Y7ET3D9SDOFUZ515FE28,0000356028,2019.0,Q2TTM,2017-10-01,2018-09-30,,totalgrossprofit,totalrevenue,Total Revenue,+,credit,usd,4009000000.0
CA Inc,CA,Y7ET3D9SDOFUZ515FE28,0000356028,2019.0,Q2TTM,2017-10-01,2018-09-30,,totalcostofrevenue,operatingcostofrevenue,Operating Cost of Revenue,+,debit,usd,593000000.0
CA Inc,CA,Y7ET3D9SDOFUZ515FE28,0000356028,2019.0,Q2TTM,2017-10-01,2018-09-30,,totalgrossprofit,totalcostofrevenue,Total Cost of Revenue,-,debit,usd,593000000.0
CA Inc,CA,Y7ET3D9SDOFUZ515FE28,0000356028,2019.0,Q2TTM,2017-10-01,2018-09-30,,totaloperatingincome,totalgrossprofit,Total Gross Profit,+,credit,usd,3416000000.0
CA Inc,CA,Y7ET3D9SDOFUZ515FE28,0000356028,2019.0,Q2TTM,2017-10-01,2018-09-30,,totaloperatingexpenses,sgaexpense,"Selling, General & Admin Expense",+,debit,usd,405000000.0
CA Inc,CA,Y7ET3D9SDOFUZ515FE28,0000356028,2019.0,Q2TTM,2017-10-01,2018-09-30,,totaloperatingexpenses,marketingexpense,Marketing Expense,+,debit,usd,1058000000.0
CA Inc,CA,Y7ET3D9SDOFUZ515FE28,0000356028,2019.0,Q2TTM,2017-10-01,2018-09-30,,totaloperatingexpenses,rdexpense,Research & Development Expense,+,debit,usd,643000000.0
CA Inc,CA,Y7ET3D9SDOFUZ515FE28,0000356028,2019.0,Q2TTM,2017-10-01,2018-09-30,,totaloperatingexpenses,depreciationexpense,Depreciation Expense,+,debit,usd,108000000.0
CA Inc,CA,Y7ET3D9SDOFUZ515FE28,0000356028,2019.0,Q2TTM,2017-10-01,2018-09-30,,totaloperatingexpenses,amortizationexpense,Amortization Expense,+,debit,usd,243000000.0
CA Inc,CA,Y7ET3D9SDOFUZ515FE28,0000356028,2019.0,Q2TTM,2017-10-01,2018-09-30,,totaloperatingexpenses,otheroperatingexpenses,Other Operating Expenses / (Income),+,debit,usd,116000000.0
CA Inc,CA,Y7ET3D9SDOFUZ515FE28,0000356028,2019.0,Q2TTM,2017-10-01,2018-09-30,,totaloperatingincome,totaloperatingexpenses,Total Operating Expenses,-,debit,usd,2573000000.0
CA Inc,CA,Y7ET3D9SDOFUZ515FE28,0000356028,2019.0,Q2TTM,2017-10-01,2018-09-30,,totalpretaxincome,totaloperatingincome,Total Operating Income,+,credit,usd,843000000.0
CA Inc,CA,Y7ET3D9SDOFUZ515FE28,0000356028,2019.0,Q2TTM,2017-10-01,2018-09-30,,totalotherincome,totalinterestexpense,Interest Expense,-,debit,usd,88000000.0
CA Inc,CA,Y7ET3D9SDOFUZ515FE28,0000356028,2019.0,Q2TTM,2017-10-01,2018-09-30,,totalpretaxincome,totalotherincome,"Total Other Income / (Expense), net",+,credit,usd,-88000000.0
CA Inc,CA,Y7ET3D9SDOFUZ515FE28,0000356028,2019.0,Q2TTM,2017-10-01,2018-09-30,,netincomecontinuing,totalpretaxincome,Total Pre-Tax Income ,+,credit,usd,755000000.0
CA Inc,CA,Y7ET3D9SDOFUZ515FE28,0000356028,2019.0,Q2TTM,2017-10-01,2018-09-30,,netincomecontinuing,incometaxexpense,Income Tax Expense,-,debit,usd,346000000.0
CA Inc,CA,Y7ET3D9SDOFUZ515FE28,0000356028,2019.0,Q2TTM,2017-10-01,2018-09-30,,netincome,netincomecontinuing,Net Income / (Loss) Continuing Operations,+,credit,usd,409000000.0
CA Inc,CA,Y7ET3D9SDOFUZ515FE28,0000356028,2019.0,Q2TTM,2017-10-01,2018-09-30,,netincometocommon,netincome,Consolidated Net Income / (Loss),+,credit,usd,409000000.0
CA Inc,CA,Y7ET3D9SDOFUZ515FE28,0000356028,2019.0,Q2TTM,2017-10-01,2018-09-30,,,netincometocommon,Net Income / (Loss) Attributable to Common Shareholders,=,credit,usd,409000000.0
CA Inc,CA,Y7ET3D9SDOFUZ515FE28,0000356028,2019.0,Q2TTM,2017-10-01,2018-09-30,,basiceps,weightedavebasicsharesos,Weighted Average Basic Shares Outstanding,/,,shares,413000000.0
CA Inc,CA,Y7ET3D9SDOFUZ515FE28,0000356028,2019.0,Q2TTM,2017-10-01,2018-09-30,,,basiceps,Basic Earnings per Share,=,,usdpershare,0.99
CA Inc,CA,Y7ET3D9SDOFUZ515FE28,0000356028,2019.0,Q2TTM,2017-10-01,2018-09-30,,dilutedeps,weightedavedilutedsharesos,Weighted Average Diluted Shares Outstanding,/,,shares,416000000.0
CA Inc,CA,Y7ET3D9SDOFUZ515FE28,0000356028,2019.0,Q2TTM,2017-10-01,2018-09-30,,,dilutedeps,Diluted Earnings per Share,=,,usdpershare,0.98
CA Inc,CA,Y7ET3D9SDOFUZ515FE28,0000356028,2019.0,Q2TTM,2017-10-01,2018-09-30,,basicdilutedeps,weightedavebasicdilutedsharesos,Weighted Average Basic & Diluted Shares Outstanding,/,,shares,416100000.0
CA Inc,CA,Y7ET3D9SDOFUZ515FE28,0000356028,2019.0,Q2TTM,2017-10-01,2018-09-30,,,basicdilutedeps,Basic & Diluted Earnings per Share,=,,usdpershare,0.99
CA Inc,CA,Y7ET3D9SDOFUZ515FE28,0000356028,2019.0,Q1,2018-04-01,2018-06-30,2018-08-07 16:32:38+00:00,totalrevenue,operatingrevenue,Operating Revenue,+,credit,usd,938000000.0
CA Inc,CA,Y7ET3D9SDOFUZ515FE28,0000356028,2019.0,Q1,2018-04-01,2018-06-30,2018-08-07 16:32:38+00:00,totalgrossprofit,totalrevenue,Total Revenue,+,credit,usd,938000000.0
CA Inc,CA,Y7ET3D9SDOFUZ515FE28,0000356028,2019.0,Q1,2018-04-01,2018-06-30,2018-08-07 16:32:38+00:00,totalcostofrevenue,operatingcostofrevenue,Operating Cost of Revenue,+,debit,usd,146000000.0
CA Inc,CA,Y7ET3D9SDOFUZ515FE28,0000356028,2019.0,Q1,2018-04-01,2018-06-30,2018-08-07 16:32:38+00:00,totalgrossprofit,totalcostofrevenue,Total Cost of Revenue,-,debit,usd,146000000.0
CA Inc,CA,Y7ET3D9SDOFUZ515FE28,0000356028,2019.0,Q1,2018-04-01,2018-06-30,2018-08-07 16:32:38+00:00,totaloperatingincome,totalgrossprofit,Total Gross Profit,+,credit,usd,792000000.0
CA Inc,CA,Y7ET3D9SDOFUZ515FE28,0000356028,2019.0,Q1,2018-04-01,2018-06-30,2018-08-07 16:32:38+00:00,totaloperatingexpenses,sgaexpense,"Selling, General & Admin Expense",+,debit,usd,104000000.0
CA Inc,CA,Y7ET3D9SDOFUZ515FE28,0000356028,2019.0,Q1,2018-04-01,2018-06-30,2018-08-07 16:32:38+00:00,totaloperatingexpenses,marketingexpense,Marketing Expense,+,debit,usd,235000000.0
CA Inc,CA,Y7ET3D9SDOFUZ515FE28,0000356028,2019.0,Q1,2018-04-01,2018-06-30,2018-08-07 16:32:38+00:00,totaloperatingexpenses,rdexpense,Research & Development Expense,+,debit,usd,162000000.0
CA Inc,CA,Y7ET3D9SDOFUZ515FE28,0000356028,2019.0,Q1,2018-04-01,2018-06-30,2018-08-07 16:32:38+00:00,totaloperatingexpenses,depreciationexpense,Depreciation Expense,+,debit,usd,26000000.0
CA Inc,CA,Y7ET3D9SDOFUZ515FE28,0000356028,2019.0,Q1,2018-04-01,2018-06-30,2018-08-07 16:32:38+00:00,totaloperatingexpenses,amortizationexpense,Amortization Expense,+,debit,usd,60000000.0
CA Inc,CA,Y7ET3D9SDOFUZ515FE28,0000356028,2019.0,Q1,2018-04-01,2018-06-30,2018-08-07 16:32:38+00:00,totaloperatingexpenses,otheroperatingexpenses,Other Operating Expenses / (Income),+,debit,usd,103000000.0
CA Inc,CA,Y7ET3D9SDOFUZ515FE28,0000356028,2019.0,Q1,2018-04-01,2018-06-30,2018-08-07 16:32:38+00:00,totaloperatingincome,totaloperatingexpenses,Total Operating Expenses,-,debit,usd,690000000.0
CA Inc,CA,Y7ET3D9SDOFUZ515FE28,0000356028,2019.0,Q1,2018-04-01,2018-06-30,2018-08-07 16:32:38+00:00,totalpretaxincome,totaloperatingincome,Total Operating Income,+,credit,usd,102000000.0
CA Inc,CA,Y7ET3D9SDOFUZ515FE28,0000356028,2019.0,Q1,2018-04-01,2018-06-30,2018-08-07 16:32:38+00:00,totalotherincome,totalinterestexpense,Interest Expense,-,debit,usd,20000000.0
CA Inc,CA,Y7ET3D9SDOFUZ515FE28,0000356028,2019.0,Q1,2018-04-01,2018-06-30,2018-08-07 16:32:38+00:00,totalpretaxincome,totalotherincome,"Total Other Income / (Expense), net",+,credit,usd,-20000000.0
CA Inc,CA,Y7ET3D9SDOFUZ515FE28,0000356028,2019.0,Q1,2018-04-01,2018-06-30,2018-08-07 16:32:38+00:00,netincomecontinuing,totalpretaxincome,Total Pre-Tax Income ,+,credit,usd,82000000.0
CA Inc,CA,Y7ET3D9SDOFUZ515FE28,0000356028,2019.0,Q1,2018-04-01,2018-06-30,2018-08-07 16:32:38+00:00,netincomecontinuing,incometaxexpense,Income Tax Expense,-,debit,usd,-84000000.0
CA Inc,CA,Y7ET3D9SDOFUZ515FE28,0000356028,2019.0,Q1,2018-04-01,2018-06-30,2018-08-07 16:32:38+00:00,netincome,netincomecontinuing,Net Income / (Loss) Continuing Operations,+,credit,usd,166000000.0
CA Inc,CA,Y7ET3D9SDOFUZ515FE28,0000356028,2019.0,Q1,2018-04-01,2018-06-30,2018-08-07 16:32:38+00:00,netincometocommon,netincome,Consolidated Net Income / (Loss),+,credit,usd,166000000.0
CA Inc,CA,Y7ET3D9SDOFUZ515FE28,0000356028,2019.0,Q1,2018-04-01,2018-06-30,2018-08-07 16:32:38+00:00,,netincometocommon,Net Income / (Loss) Attributable to Common Shareholders,=,credit,usd,166000000.0
CA Inc,CA,Y7ET3D9SDOFUZ515FE28,0000356028,2019.0,Q1,2018-04-01,2018-06-30,2018-08-07 16:32:38+00:00,basiceps,weightedavebasicsharesos,Weighted Average Basic Shares Outstanding,/,,shares,413000000.0
CA Inc,CA,Y7ET3D9SDOFUZ515FE28,0000356028,2019.0,Q1,2018-04-01,2018-06-30,2018-08-07 16:32:38+00:00,,basiceps,Basic Earnings per Share,=,,usdpershare,0.4
CA Inc,CA,Y7ET3D9SDOFUZ515FE28,0000356028,2019.0,Q1,2018-04-01,2018-06-30,2018-08-07 16:32:38+00:00,dilutedeps,weightedavedilutedsharesos,Weighted Average Diluted Shares Outstanding,/,,shares,415000000.0
CA Inc,CA,Y7ET3D9SDOFUZ515FE28,0000356028,2019.0,Q1,2018-04-01,2018-06-30,2018-08-07 16:32:38+00:00,,dilutedeps,Diluted Earnings per Share,=,,usdpershare,0.4
CA Inc,CA,Y7ET3D9SDOFUZ515FE28,0000356028,2019.0,Q1,2018-04-01,2018-06-30,2018-08-07 16:32:38+00:00,basicdilutedeps,weightedavebasicdilutedsharesos,Weighted Average Basic & Diluted Shares Outstanding,/,,shares,415000000.0
CA Inc,CA,Y7ET3D9SDOFUZ515FE28,0000356028,2019.0,Q1,2018-04-01,2018-06-30,2018-08-07 16:32:38+00:00,,basicdilutedeps,Basic & Diluted Earnings per Share,=,,usdpershare,0.4
CA Inc,CA,Y7ET3D9SDOFUZ515FE28,0000356028,2019.0,Q1,2018-04-01,2018-06-30,2018-08-07 16:32:38+00:00,,cashdividendspershare,Cash Dividends to Common per Share,=,,usdpershare,0.255
CA Inc,CA,Y7ET3D9SDOFUZ515FE28,0000356028,2019.0,Q1TTM,2017-07-01,2018-06-30,,totalrevenue,operatingrevenue,Operating Revenue,+,credit,usd,3550000000.0
CA Inc,CA,Y7ET3D9SDOFUZ515FE28,0000356028,2019.0,Q1TTM,2017-07-01,2018-06-30,,totalrevenue,otherrevenue,Other Revenue,+,credit,usd,598000000.0
CA Inc,CA,Y7ET3D9SDOFUZ515FE28,0000356028,2019.0,Q1TTM,2017-07-01,2018-06-30,,totalgrossprofit,totalrevenue,Total Revenue,+,credit,usd,4148000000.0
CA Inc,CA,Y7ET3D9SDOFUZ515FE28,0000356028,2019.0,Q1TTM,2017-07-01,2018-06-30,,totalcostofrevenue,operatingcostofrevenue,Operating Cost of Revenue,+,debit,usd,602000000.0
CA Inc,CA,Y7ET3D9SDOFUZ515FE28,0000356028,2019.0,Q1TTM,2017-07-01,2018-06-30,,totalgrossprofit,totalcostofrevenue,Total Cost of Revenue,-,debit,usd,602000000.0
CA Inc,CA,Y7ET3D9SDOFUZ515FE28,0000356028,2019.0,Q1TTM,2017-07-01,2018-06-30,,totaloperatingincome,totalgrossprofit,Total Gross Profit,+,credit,usd,3546000000.0
CA Inc,CA,Y7ET3D9SDOFUZ515FE28,0000356028,2019.0,Q1TTM,2017-07-01,2018-06-30,,totaloperatingexpenses,sgaexpense,"Selling, General & Admin Expense",+,debit,usd,403000000.0
CA Inc,CA,Y7ET3D9SDOFUZ515FE28,0000356028,2019.0,Q1TTM,2017-07-01,2018-06-30,,totaloperatingexpenses,marketingexpense,Marketing Expense,+,debit,usd,1050000000.0
CA Inc,CA,Y7ET3D9SDOFUZ515FE28,0000356028,2019.0,Q1TTM,2017-07-01,2018-06-30,,totaloperatingexpenses,rdexpense,Research & Development Expense,+,debit,usd,646000000.0
CA Inc,CA,Y7ET3D9SDOFUZ515FE28,0000356028,2019.0,Q1TTM,2017-07-01,2018-06-30,,totaloperatingexpenses,depreciationexpense,Depreciation Expense,+,debit,usd,107000000.0
CA Inc,CA,Y7ET3D9SDOFUZ515FE28,0000356028,2019.0,Q1TTM,2017-07-01,2018-06-30,,totaloperatingexpenses,amortizationexpense,Amortization Expense,+,debit,usd,261000000.0
CA Inc,CA,Y7ET3D9SDOFUZ515FE28,0000356028,2019.0,Q1TTM,2017-07-01,2018-06-30,,totaloperatingexpenses,otheroperatingexpenses,Other Operating Expenses / (Income),+,debit,usd,121000000.0
CA Inc,CA,Y7ET3D9SDOFUZ515FE28,0000356028,2019.0,Q1TTM,2017-07-01,2018-06-30,,totaloperatingincome,totaloperatingexpenses,Total Operating Expenses,-,debit,usd,2588000000.0
CA Inc,CA,Y7ET3D9SDOFUZ515FE28,0000356028,2019.0,Q1TTM,2017-07-01,2018-06-30,,totalpretaxincome,totaloperatingincome,Total Operating Income,+,credit,usd,958000000.0
CA Inc,CA,Y7ET3D9SDOFUZ515FE28,0000356028,2019.0,Q1TTM,2017-07-01,2018-06-30,,totalotherincome,totalinterestexpense,Interest Expense,-,debit,usd,93000000.0
CA Inc,CA,Y7ET3D9SDOFUZ515FE28,0000356028,2019.0,Q1TTM,2017-07-01,2018-06-30,,totalpretaxincome,totalotherincome,"Total Other Income / (Expense), net",+,credit,usd,-93000000.0
CA Inc,CA,Y7ET3D9SDOFUZ515FE28,0000356028,2019.0,Q1TTM,2017-07-01,2018-06-30,,netincomecontinuing,totalpretaxincome,Total Pre-Tax Income ,+,credit,usd,865000000.0
CA Inc,CA,Y7ET3D9SDOFUZ515FE28,0000356028,2019.0,Q1TTM,2017-07-01,2018-06-30,,netincomecontinuing,incometaxexpense,Income Tax Expense,-,debit,usd,401000000.0
CA Inc,CA,Y7ET3D9SDOFUZ515FE28,0000356028,2019.0,Q1TTM,2017-07-01,2018-06-30,,netincome,netincomecontinuing,Net Income / (Loss) Continuing Operations,+,credit,usd,464000000.0
CA Inc,CA,Y7ET3D9SDOFUZ515FE28,0000356028,2019.0,Q1TTM,2017-07-01,2018-06-30,,netincometocommon,netincome,Consolidated Net Income / (Loss),+,credit,usd,464000000.0
CA Inc,CA,Y7ET3D9SDOFUZ515FE28,0000356028,2019.0,Q1TTM,2017-07-01,2018-06-30,,,netincometocommon,Net Income / (Loss) Attributable to Common Shareholders,=,credit,usd,464000000.0
CA Inc,CA,Y7ET3D9SDOFUZ515FE28,0000356028,2019.0,Q1TTM,2017-07-01,2018-06-30,,basiceps,weightedavebasicsharesos,Weighted Average Basic Shares Outstanding,/,,shares,413000000.0
CA Inc,CA,Y7ET3D9SDOFUZ515FE28,0000356028,2019.0,Q1TTM,2017-07-01,2018-06-30,,,basiceps,Basic Earnings per Share,=,,usdpershare,1.12
CA Inc,CA,Y7ET3D9SDOFUZ515FE28,0000356028,2019.0,Q1TTM,2017-07-01,2018-06-30,,dilutedeps,weightedavedilutedsharesos,Weighted Average Diluted Shares Outstanding,/,,shares,415000000.0
CA Inc,CA,Y7ET3D9SDOFUZ515FE28,0000356028,2019.0,Q1TTM,2017-07-01,2018-06-30,,,dilutedeps,Diluted Earnings per Share,=,,usdpershare,1.11
CA Inc,CA,Y7ET3D9SDOFUZ515FE28,0000356028,2019.0,Q1TTM,2017-07-01,2018-06-30,,basicdilutedeps,weightedavebasicdilutedsharesos,Weighted Average Basic & Diluted Shares Outstanding,/,,shares,415000000.0
CA Inc,CA,Y7ET3D9SDOFUZ515FE28,0000356028,2019.0,Q1TTM,2017-07-01,2018-06-30,,,basicdilutedeps,Basic & Diluted Earnings per Share,=,,usdpershare,1.12
