date,intraperiod,frequency,open,high,low,close,volume,adj_open,adj_high,adj_low,adj_close,adj_volume
1990-12-31,False,daily,10.22,10.72,10.22,10.6,33700.0,2.5298466642124,2.653616070485,2.5298466642124,2.6239114129796,134800.0
1990-12-28,False,daily,9.73,10.22,9.73,9.97,11100.0,2.4085526460653,2.5298466642124,2.4085526460653,2.4679619610761,44400.0
1990-12-27,False,daily,9.97,9.97,9.73,9.73,14900.0,2.4679619610761,2.4679619610761,2.4085526460653,2.4085526460653,59600.0
1990-12-26,False,daily,9.6,10.1,9.6,10.1,18000.0,2.3763726004344,2.500142006707,2.3763726004344,2.500142006707,72000.0
1990-12-24,False,daily,9.73,9.73,9.73,9.73,400.0,2.4085526460653,2.4085526460653,2.4085526460653,2.4085526460653,1600.0
1990-12-21,False,daily,9.48,9.6,9.23,9.6,26800.0,2.3466679429289,2.3763726004344,2.2847832397926,2.3763726004344,107200.0
1990-12-20,False,daily,9.1,9.6,8.98,9.23,60000.0,2.2526031941617,2.3763726004344,2.2228985366563,2.2847832397926,240000.0
1990-12-19,False,daily,9.48,9.97,9.35,9.73,19300.0,2.3466679429289,2.4679619610761,2.3144878972981,2.4085526460653,77200.0
1990-12-18,False,daily,9.97,10.22,9.48,9.48,80500.0,2.4679619610761,2.5298466642124,2.3466679429289,2.3466679429289,322000.0
1990-12-17,False,daily,9.73,10.22,9.73,9.97,45000.0,2.4085526460653,2.5298466642124,2.4085526460653,2.4679619610761,180000.0
1990-12-14,False,daily,9.97,10.22,9.73,10.22,43900.0,2.4679619610761,2.5298466642124,2.4085526460653,2.5298466642124,175600.0
1990-12-13,False,daily,9.97,10.47,9.97,10.1,15000.0,2.4679619610761,2.5917313673487,2.4679619610761,2.500142006707,60000.0
1990-12-12,False,daily,10.22,10.72,9.97,9.97,37800.0,2.5298466642124,2.653616070485,2.4679619610761,2.4679619610761,151200.0
1990-12-11,False,daily,10.22,10.72,9.97,10.72,44400.0,2.5298466642124,2.653616070485,2.4679619610761,2.653616070485,177600.0
1990-12-10,False,daily,10.47,10.72,9.97,10.1,19700.0,2.5917313673487,2.653616070485,2.4679619610761,2.500142006707,78800.0
1990-12-07,False,daily,10.22,10.72,10.22,10.47,85700.0,2.5298466642124,2.653616070485,2.5298466642124,2.5917313673487,342800.0
1990-12-06,False,daily,10.97,10.97,9.97,10.22,304000.0,2.7155007736214,2.7155007736214,2.4679619610761,2.5298466642124,1216000.0
1990-12-05,False,daily,9.73,11.22,9.48,10.72,158800.0,2.4085526460653,2.7773854767577,2.3466679429289,2.653616070485,635200.0
1990-12-04,False,daily,9.48,9.73,9.48,9.73,3700.0,2.3466679429289,2.4085526460653,2.3466679429289,2.4085526460653,14800.0
1990-12-03,False,daily,9.48,9.73,9.23,9.48,22700.0,2.3466679429289,2.4085526460653,2.2847832397926,2.3466679429289,90800.0
1990-11-30,False,daily,8.73,9.48,8.73,9.48,131700.0,2.16101383352,2.3466679429289,2.16101383352,2.3466679429289,526800.0
1990-11-29,False,daily,8.23,8.73,8.23,8.73,141000.0,2.0372444272474,2.16101383352,2.0372444272474,2.16101383352,564000.0
1990-11-28,False,daily,8.73,8.73,8.23,8.23,31000.0,2.16101383352,2.16101383352,2.0372444272474,2.0372444272474,124000.0
1990-11-27,False,daily,8.48,8.73,8.48,8.73,10800.0,2.0991291303837,2.16101383352,2.0991291303837,2.16101383352,43200.0
1990-11-26,False,daily,8.48,8.6,8.48,8.6,11100.0,2.0991291303837,2.1288337878891,2.0991291303837,2.1288337878891,44400.0
1990-11-23,False,daily,8.73,8.73,8.48,8.48,1900.0,2.16101383352,2.16101383352,2.0991291303837,2.0991291303837,7600.0
1990-11-21,False,daily,8.48,8.98,8.48,8.73,12600.0,2.0991291303837,2.2228985366563,2.0991291303837,2.16101383352,50400.0
1990-11-20,False,daily,9.23,9.23,8.6,8.98,4700.0,2.2847832397926,2.2847832397926,2.1288337878891,2.2228985366563,18800.0
1990-11-19,False,daily,8.98,9.48,8.98,8.98,22800.0,2.2228985366563,2.3466679429289,2.2228985366563,2.2228985366563,91200.0
1990-11-16,False,daily,9.73,9.73,8.73,8.98,35200.0,2.4085526460653,2.4085526460653,2.16101383352,2.2228985366563,140800.0
1990-11-15,False,daily,9.48,9.73,9.23,9.6,32600.0,2.3466679429289,2.4085526460653,2.2847832397926,2.3763726004344,130400.0
1990-11-14,False,daily,8.48,9.97,8.48,9.48,190100.0,2.0991291303837,2.4679619610761,2.0991291303837,2.3466679429289,760400.0
1990-11-13,False,daily,7.98,8.73,7.98,8.73,127700.0,1.9753597241111,2.16101383352,1.9753597241111,2.16101383352,510800.0
1990-11-12,False,daily,7.48,7.98,7.48,7.98,39600.0,1.8515903178384,1.9753597241111,1.8515903178384,1.9753597241111,158400.0
1990-11-09,False,daily,7.23,7.48,6.98,7.48,31800.0,1.7897056147021,1.8515903178384,1.7278209115658,1.8515903178384,127200.0
1990-11-08,False,daily,7.23,7.36,6.98,6.98,28500.0,1.7897056147021,1.821885660333,1.7278209115658,1.7278209115658,114000.0
1990-11-07,False,daily,7.23,7.23,6.98,7.23,26500.0,1.7897056147021,1.7897056147021,1.7278209115658,1.7897056147021,106000.0
1990-11-06,False,daily,7.48,7.61,6.98,7.61,29400.0,1.8515903178384,1.8837703634693,1.7278209115658,1.8837703634693,117600.0
1990-11-05,False,daily,6.98,7.48,6.98,6.98,12500.0,1.7278209115658,1.8515903178384,1.7278209115658,1.7278209115658,50000.0
1990-11-02,False,daily,6.98,7.48,6.98,7.48,45300.0,1.7278209115658,1.8515903178384,1.7278209115658,1.8515903178384,181200.0
1990-11-01,False,daily,7.23,7.23,6.98,7.23,64600.0,1.7897056147021,1.7897056147021,1.7278209115658,1.7897056147021,258400.0
1990-10-31,False,daily,6.98,7.23,6.98,7.23,40600.0,1.7278209115658,1.7897056147021,1.7278209115658,1.7897056147021,162400.0
1990-10-30,False,daily,7.73,7.73,6.98,7.11,29900.0,1.9134750209748,1.9134750209748,1.7278209115658,1.7600009571967,119600.0
1990-10-29,False,daily,7.48,7.73,7.23,7.36,48600.0,1.8515903178384,1.9134750209748,1.7897056147021,1.821885660333,194400.0
1990-10-26,False,daily,7.98,7.98,7.48,7.73,54000.0,1.9753597241111,1.9753597241111,1.8515903178384,1.9134750209748,216000.0
1990-10-25,False,daily,7.48,7.98,7.48,7.98,15800.0,1.8515903178384,1.9753597241111,1.8515903178384,1.9753597241111,63200.0
1990-10-24,False,daily,7.23,7.73,7.23,7.73,12100.0,1.7897056147021,1.9134750209748,1.7897056147021,1.9134750209748,48400.0
1990-10-23,False,daily,7.48,7.86,7.23,7.73,35900.0,1.8515903178384,1.9456550666056,1.7897056147021,1.9134750209748,143600.0
1990-10-22,False,daily,7.48,7.98,7.48,7.73,2500.0,1.8515903178384,1.9753597241111,1.8515903178384,1.9134750209748,10000.0
1990-10-19,False,daily,7.73,7.98,7.48,7.98,18200.0,1.9134750209748,1.9753597241111,1.8515903178384,1.9753597241111,72800.0
1990-10-18,False,daily,7.48,7.73,7.23,7.48,69500.0,1.8515903178384,1.9134750209748,1.7897056147021,1.8515903178384,278000.0
1990-10-17,False,daily,7.73,7.73,7.48,7.48,27000.0,1.9134750209748,1.9134750209748,1.8515903178384,1.8515903178384,108000.0
1990-10-16,False,daily,7.98,7.98,7.48,7.48,13900.0,1.9753597241111,1.9753597241111,1.8515903178384,1.8515903178384,55600.0
1990-10-15,False,daily,8.23,8.23,7.61,7.73,62900.0,2.0372444272474,2.0372444272474,1.8837703634693,1.9134750209748,251600.0
1990-10-12,False,daily,7.98,8.23,7.73,8.23,26900.0,1.9753597241111,2.0372444272474,1.9134750209748,2.0372444272474,107600.0
1990-10-11,False,daily,8.98,8.98,7.98,8.1,180000.0,2.2228985366563,2.2228985366563,1.9753597241111,2.0050643816165,720000.0
1990-10-10,False,daily,8.98,9.23,8.73,8.73,52600.0,2.2228985366563,2.2847832397926,2.16101383352,2.16101383352,210400.0
1990-10-09,False,daily,8.98,9.35,8.73,8.98,113800.0,2.2228985366563,2.3144878972981,2.16101383352,2.2228985366563,455200.0
1990-10-08,False,daily,8.48,8.98,7.98,8.73,39300.0,2.0991291303837,2.2228985366563,1.9753597241111,2.16101383352,157200.0
1990-10-05,False,daily,8.23,8.23,7.73,8.1,23900.0,2.0372444272474,2.0372444272474,1.9134750209748,2.0050643816165,95600.0
1990-10-04,False,daily,7.73,8.23,7.73,7.98,96500.0,1.9134750209748,2.0372444272474,1.9134750209748,1.9753597241111,386000.0
1990-10-03,False,daily,7.48,8.1,7.48,8.1,31200.0,1.8515903178384,2.0050643816165,1.8515903178384,2.0050643816165,124800.0
1990-10-02,False,daily,7.98,7.98,7.48,7.98,40400.0,1.9753597241111,1.9753597241111,1.8515903178384,1.9753597241111,161600.0
1990-10-01,False,daily,7.73,8.23,7.73,7.73,22100.0,1.9134750209748,2.0372444272474,1.9134750209748,1.9134750209748,88400.0
1990-09-28,False,daily,7.48,7.73,7.23,7.73,42300.0,1.8515903178384,1.9134750209748,1.7897056147021,1.9134750209748,169200.0
1990-09-27,False,daily,8.48,8.48,7.23,7.48,133300.0,2.0991291303837,2.0991291303837,1.7897056147021,1.8515903178384,533200.0
1990-09-26,False,daily,8.98,8.98,8.23,8.23,42500.0,2.2228985366563,2.2228985366563,2.0372444272474,2.0372444272474,170000.0
1990-09-25,False,daily,8.23,8.98,8.23,8.48,15200.0,2.0372444272474,2.2228985366563,2.0372444272474,2.0991291303837,60800.0
1990-09-24,False,daily,8.23,8.73,8.23,8.73,21400.0,2.0372444272474,2.16101383352,2.0372444272474,2.16101383352,85600.0
1990-09-21,False,daily,8.73,8.98,8.23,8.73,15800.0,2.16101383352,2.2228985366563,2.0372444272474,2.16101383352,63200.0
1990-09-20,False,daily,8.73,9.23,8.73,8.73,23900.0,2.16101383352,2.2847832397926,2.16101383352,2.16101383352,95600.0
1990-09-19,False,daily,8.23,8.98,8.23,8.98,55000.0,2.0372444272474,2.2228985366563,2.0372444272474,2.2228985366563,220000.0
1990-09-18,False,daily,7.98,8.48,7.98,8.23,76400.0,1.9753597241111,2.0991291303837,1.9753597241111,2.0372444272474,305600.0
1990-09-17,False,daily,8.48,8.48,7.98,8.48,15300.0,2.0991291303837,2.0991291303837,1.9753597241111,2.0991291303837,61200.0
1990-09-14,False,daily,8.48,8.48,7.98,8.23,47200.0,2.0991291303837,2.0991291303837,1.9753597241111,2.0372444272474,188800.0
1990-09-13,False,daily,8.23,8.48,7.98,8.48,77200.0,2.0372444272474,2.0991291303837,1.9753597241111,2.0991291303837,308800.0
1990-09-12,False,daily,8.23,8.48,7.98,8.23,166500.0,2.0372444272474,2.0991291303837,1.9753597241111,2.0372444272474,666000.0
1990-09-11,False,daily,8.48,8.73,8.23,8.35,45200.0,2.0991291303837,2.16101383352,2.0372444272474,2.0669490847528,180800.0
1990-09-10,False,daily,8.73,8.98,8.48,8.73,90800.0,2.16101383352,2.2228985366563,2.0991291303837,2.16101383352,363200.0
1990-09-07,False,daily,8.48,8.73,8.23,8.73,40900.0,2.0991291303837,2.16101383352,2.0372444272474,2.16101383352,163600.0
1990-09-06,False,daily,9.35,9.35,7.73,7.98,103900.0,2.3144878972981,2.3144878972981,1.9134750209748,1.9753597241111,415600.0
1990-09-05,False,daily,9.48,9.73,8.98,9.23,18300.0,2.3466679429289,2.4085526460653,2.2228985366563,2.2847832397926,73200.0
1990-09-04,False,daily,9.73,9.97,9.48,9.6,14000.0,2.4085526460653,2.4679619610761,2.3466679429289,2.3763726004344,56000.0
1990-08-31,False,daily,9.73,10.22,9.73,9.73,41200.0,2.4085526460653,2.5298466642124,2.4085526460653,2.4085526460653,164800.0
1990-08-30,False,daily,9.97,10.22,9.97,9.97,10400.0,2.4679619610761,2.5298466642124,2.4679619610761,2.4679619610761,41600.0
1990-08-29,False,daily,10.47,10.47,9.97,10.22,7500.0,2.5917313673487,2.5917313673487,2.4679619610761,2.5298466642124,30000.0
1990-08-28,False,daily,10.22,10.72,9.97,9.97,25900.0,2.5298466642124,2.653616070485,2.4679619610761,2.4679619610761,103600.0
1990-08-27,False,daily,10.22,10.97,10.22,10.72,33100.0,2.5298466642124,2.7155007736214,2.5298466642124,2.653616070485,132400.0
1990-08-24,False,daily,9.97,9.97,9.48,9.97,28400.0,2.4679619610761,2.4679619610761,2.3466679429289,2.4679619610761,113600.0
1990-08-23,False,daily,8.98,9.73,8.98,9.48,29600.0,2.2228985366563,2.4085526460653,2.2228985366563,2.3466679429289,118400.0
1990-08-22,False,daily,9.97,9.97,9.48,9.97,26800.0,2.4679619610761,2.4679619610761,2.3466679429289,2.4679619610761,107200.0
1990-08-21,False,daily,10.47,10.47,9.73,10.22,13700.0,2.5917313673487,2.5917313673487,2.4085526460653,2.5298466642124,54800.0
1990-08-20,False,daily,10.22,10.47,9.97,10.47,41400.0,2.5298466642124,2.5917313673487,2.4679619610761,2.5917313673487,165600.0
1990-08-17,False,daily,9.97,10.22,9.73,10.22,68100.0,2.4679619610761,2.5298466642124,2.4085526460653,2.5298466642124,272400.0
1990-08-16,False,daily,10.22,10.72,9.97,9.97,24800.0,2.5298466642124,2.653616070485,2.4679619610761,2.4679619610761,99200.0
1990-08-15,False,daily,11.47,11.47,10.47,10.47,27700.0,2.839270179894,2.839270179894,2.5917313673487,2.5917313673487,110800.0
1990-08-14,False,daily,11.47,11.47,10.72,11.22,34300.0,2.839270179894,2.839270179894,2.653616070485,2.7773854767577,137200.0
1990-08-13,False,daily,10.47,10.47,9.73,10.47,50600.0,2.5917313673487,2.5917313673487,2.4085526460653,2.5917313673487,202400.0
1990-08-10,False,daily,11.7,11.7,10.46,10.46,37000.0,2.8879292379029,2.8879292379029,2.5818581049969,2.5818581049969,148000.0
1990-08-09,False,daily,10.96,11.7,10.71,11.7,19100.0,2.7052738843945,2.8879292379029,2.6435659946957,2.8879292379029,76400.0
1990-08-08,False,daily,10.71,12.2,10.71,11.21,100700.0,2.6435659946957,3.0113450173004,2.6435659946957,2.7669817740933,402800.0
1990-08-07,False,daily,9.96,10.71,9.96,10.71,17400.0,2.4584423255994,2.6435659946957,2.4584423255994,2.6435659946957,69600.0
1990-08-06,False,daily,9.96,10.21,8.96,9.96,52900.0,2.4584423255994,2.5201502152982,2.2116107668043,2.4584423255994,211600.0
1990-08-03,False,daily,10.21,10.46,9.46,9.96,67500.0,2.5201502152982,2.5818581049969,2.3350265462018,2.4584423255994,270000.0
1990-08-02,False,daily,9.96,10.21,9.46,10.21,68700.0,2.4584423255994,2.5201502152982,2.3350265462018,2.5201502152982,274800.0
1990-08-01,False,daily,10.96,11.21,8.96,10.21,467900.0,2.7052738843945,2.7669817740933,2.2116107668043,2.5201502152982,1871600.0
1990-07-31,False,daily,11.95,11.95,10.96,10.96,43000.0,2.9496371276017,2.9496371276017,2.7052738843945,2.7052738843945,172000.0
1990-07-30,False,daily,11.7,12.2,11.7,11.7,26500.0,2.8879292379029,3.0113450173004,2.8879292379029,2.8879292379029,106000.0
1990-07-27,False,daily,12.2,12.2,11.7,11.95,29300.0,3.0113450173004,3.0113450173004,2.8879292379029,2.9496371276017,117200.0
1990-07-26,False,daily,12.45,12.45,11.7,12.2,79300.0,3.0730529069992,3.0730529069992,2.8879292379029,3.0113450173004,317200.0
1990-07-25,False,daily,11.7,11.95,11.45,11.95,70200.0,2.8879292379029,2.9496371276017,2.8262213482041,2.9496371276017,280800.0
1990-07-24,False,daily,11.21,11.7,11.21,11.45,24800.0,2.7669817740933,2.8879292379029,2.7669817740933,2.8262213482041,99200.0
1990-07-23,False,daily,11.21,11.7,10.71,11.45,74000.0,2.7669817740933,2.8879292379029,2.6435659946957,2.8262213482041,296000.0
1990-07-20,False,daily,11.95,12.2,11.21,11.7,113200.0,2.9496371276017,3.0113450173004,2.7669817740933,2.8879292379029,452800.0
1990-07-19,False,daily,12.7,12.7,12.2,12.45,72700.0,3.134760796698,3.134760796698,3.0113450173004,3.0730529069992,290800.0
1990-07-18,False,daily,12.95,13.45,12.7,12.95,51400.0,3.1964686863968,3.3198844657943,3.134760796698,3.1964686863968,205600.0
1990-07-17,False,daily,14.69,14.69,12.45,13.2,243900.0,3.6259555987003,3.6259555987003,3.0730529069992,3.2581765760956,975600.0
1990-07-16,False,daily,15.19,15.44,14.19,14.19,154000.0,3.7493713780978,3.8110792677966,3.5025398193027,3.5025398193027,616000.0
1990-07-13,False,daily,15.44,15.44,14.94,15.44,88100.0,3.8110792677966,3.8110792677966,3.6876634883991,3.8110792677966,352400.0
1990-07-12,False,daily,15.19,15.19,14.94,15.19,106700.0,3.7493713780978,3.7493713780978,3.6876634883991,3.7493713780978,426800.0
1990-07-11,False,daily,14.94,15.44,14.82,14.94,94100.0,3.6876634883991,3.8110792677966,3.6580437013436,3.6876634883991,376400.0
1990-07-10,False,daily,16.31,16.43,14.19,14.94,141400.0,4.0258227239484,4.0554425110038,3.5025398193027,3.6876634883991,565600.0
1990-07-09,False,daily,14.69,16.68,14.69,16.19,238800.0,3.6259555987003,4.1171504007026,3.6259555987003,3.996202936893,955200.0
1990-07-06,False,daily,14.94,14.94,14.69,14.82,46700.0,3.6876634883991,3.6876634883991,3.6259555987003,3.6580437013436,186800.0
1990-07-05,False,daily,15.19,15.19,14.69,14.94,47800.0,3.7493713780978,3.7493713780978,3.6259555987003,3.6876634883991,191200.0
1990-07-03,False,daily,15.19,15.19,14.69,14.94,81600.0,3.7493713780978,3.7493713780978,3.6259555987003,3.6876634883991,326400.0
1990-07-02,False,daily,14.44,14.94,14.19,14.69,25700.0,3.5642477090015,3.6876634883991,3.5025398193027,3.6259555987003,102800.0
1990-06-29,False,daily,14.44,14.44,14.32,14.44,24300.0,3.5642477090015,3.5642477090015,3.5346279219461,3.5642477090015,97200.0
1990-06-28,False,daily,14.44,14.44,14.19,14.19,24600.0,3.5642477090015,3.5642477090015,3.5025398193027,3.5025398193027,98400.0
1990-06-27,False,daily,14.44,14.44,14.19,14.44,10000.0,3.5642477090015,3.5642477090015,3.5025398193027,3.5642477090015,40000.0
1990-06-26,False,daily,14.69,14.69,13.94,14.19,30900.0,3.6259555987003,3.6259555987003,3.4408319296039,3.5025398193027,123600.0
1990-06-25,False,daily,14.69,15.19,14.19,14.19,52600.0,3.6259555987003,3.7493713780978,3.5025398193027,3.5025398193027,210400.0
1990-06-22,False,daily,14.94,15.19,14.57,14.94,148800.0,3.6876634883991,3.7493713780978,3.5963358116449,3.6876634883991,595200.0
1990-06-21,False,daily,14.69,14.94,14.69,14.94,10700.0,3.6259555987003,3.6876634883991,3.6259555987003,3.6876634883991,42800.0
1990-06-20,False,daily,14.69,14.94,14.69,14.69,49800.0,3.6259555987003,3.6876634883991,3.6259555987003,3.6259555987003,199200.0
1990-06-19,False,daily,14.69,15.19,14.69,14.94,47800.0,3.6259555987003,3.7493713780978,3.6259555987003,3.6876634883991,191200.0
1990-06-18,False,daily,15.19,15.19,14.69,15.19,27400.0,3.7493713780978,3.7493713780978,3.6259555987003,3.7493713780978,109600.0
1990-06-15,False,daily,13.7,15.44,13.7,14.94,83200.0,3.3815923554931,3.8110792677966,3.3815923554931,3.6876634883991,332800.0
1990-06-14,False,daily,13.7,14.19,13.7,13.94,15800.0,3.3815923554931,3.5025398193027,3.3815923554931,3.4408319296039,63200.0
1990-06-13,False,daily,13.45,14.19,13.45,13.94,34800.0,3.3198844657943,3.5025398193027,3.3198844657943,3.4408319296039,139200.0
1990-06-12,False,daily,13.7,13.94,13.45,13.94,17900.0,3.3815923554931,3.4408319296039,3.3198844657943,3.4408319296039,71600.0
1990-06-11,False,daily,13.7,13.7,13.7,13.7,1800.0,3.3815923554931,3.3815923554931,3.3815923554931,3.3815923554931,7200.0
1990-06-08,False,daily,13.45,13.7,13.2,13.7,28400.0,3.3198844657943,3.3815923554931,3.2581765760956,3.3815923554931,113600.0
1990-06-07,False,daily,13.7,13.94,13.45,13.7,40700.0,3.3815923554931,3.4408319296039,3.3198844657943,3.3815923554931,162800.0
1990-06-06,False,daily,14.19,14.44,13.45,13.7,37400.0,3.5025398193027,3.5642477090015,3.3198844657943,3.3815923554931,149600.0
1990-06-05,False,daily,11.95,13.7,11.95,13.7,39200.0,2.9496371276017,3.3815923554931,2.9496371276017,3.3815923554931,156800.0
1990-06-04,False,daily,11.95,12.2,11.45,12.2,39400.0,2.9496371276017,3.0113450173004,2.8262213482041,3.0113450173004,157600.0
1990-06-01,False,daily,11.45,11.95,11.45,11.95,67300.0,2.8262213482041,2.9496371276017,2.8262213482041,2.9496371276017,269200.0
1990-05-31,False,daily,11.95,11.95,11.45,11.45,4900.0,2.9496371276017,2.9496371276017,2.8262213482041,2.8262213482041,19600.0
1990-05-30,False,daily,11.95,11.95,11.45,11.45,40600.0,2.9496371276017,2.9496371276017,2.8262213482041,2.8262213482041,162400.0
1990-05-29,False,daily,11.45,11.95,11.45,11.58,36500.0,2.8262213482041,2.9496371276017,2.8262213482041,2.8583094508475,146000.0
1990-05-25,False,daily,11.95,11.95,11.45,11.45,20700.0,2.9496371276017,2.9496371276017,2.8262213482041,2.8262213482041,82800.0
1990-05-24,False,daily,11.45,11.95,11.45,11.45,76200.0,2.8262213482041,2.9496371276017,2.8262213482041,2.8262213482041,304800.0
1990-05-23,False,daily,11.95,11.95,11.45,11.45,5500.0,2.9496371276017,2.9496371276017,2.8262213482041,2.8262213482041,22000.0
1990-05-22,False,daily,12.7,12.7,11.21,11.95,40700.0,3.134760796698,3.134760796698,2.7669817740933,2.9496371276017,162800.0
1990-05-21,False,daily,11.95,12.7,11.95,12.2,21300.0,2.9496371276017,3.134760796698,2.9496371276017,3.0113450173004,85200.0
1990-05-18,False,daily,11.95,12.7,11.45,11.95,69600.0,2.9496371276017,3.134760796698,2.8262213482041,2.9496371276017,278400.0
1990-05-17,False,daily,11.95,11.95,11.45,11.95,21000.0,2.9496371276017,2.9496371276017,2.8262213482041,2.9496371276017,84000.0
1990-05-16,False,daily,11.7,11.95,11.45,11.58,31200.0,2.8879292379029,2.9496371276017,2.8262213482041,2.8583094508475,124800.0
1990-05-15,False,daily,22.16,22.66,22.16,22.66,5300.0,2.7348936714499,2.7966015611487,2.7348936714499,2.7966015611487,42400.0
1990-05-14,False,daily,22.66,22.66,22.16,22.16,4300.0,2.7966015611487,2.7966015611487,2.7348936714499,2.7348936714499,34400.0
1990-05-11,False,daily,22.16,22.66,22.16,22.66,5000.0,2.7348936714499,2.7966015611487,2.7348936714499,2.7966015611487,40000.0
1990-05-10,False,daily,22.66,22.66,22.16,22.16,4700.0,2.7966015611487,2.7966015611487,2.7348936714499,2.7348936714499,37600.0
1990-05-09,False,daily,22.91,22.91,22.16,22.16,6200.0,2.8274555059981,2.8274555059981,2.7348936714499,2.7348936714499,49600.0
1990-05-08,False,daily,22.16,22.91,21.91,22.91,9000.0,2.7348936714499,2.8274555059981,2.7040397266005,2.8274555059981,72000.0
1990-05-07,False,daily,21.91,21.91,21.41,21.91,6500.0,2.7040397266005,2.7040397266005,2.6423318369017,2.7040397266005,52000.0
1990-05-04,False,daily,21.66,21.91,21.41,21.41,16600.0,2.6731857817511,2.7040397266005,2.6423318369017,2.6423318369017,132800.0
1990-05-03,False,daily,21.66,21.66,21.41,21.66,15100.0,2.6731857817511,2.6731857817511,2.6423318369017,2.6731857817511,120800.0
1990-05-02,False,daily,21.41,21.41,21.41,21.41,2000.0,2.6423318369017,2.6423318369017,2.6423318369017,2.6423318369017,16000.0
1990-05-01,False,daily,21.66,21.66,21.17,21.17,900.0,2.6731857817511,2.6731857817511,2.6127120498463,2.6127120498463,7200.0
1990-04-30,False,daily,21.66,21.66,21.17,21.17,5700.0,2.6731857817511,2.6731857817511,2.6127120498463,2.6127120498463,45600.0
1990-04-27,False,daily,21.66,21.91,21.66,21.66,11400.0,2.6731857817511,2.7040397266005,2.6731857817511,2.6731857817511,91200.0
1990-04-26,False,daily,22.41,22.41,21.66,21.91,63500.0,2.7657476162993,2.7657476162993,2.6731857817511,2.7040397266005,508000.0
1990-04-25,False,daily,22.41,22.41,21.91,22.41,2600.0,2.7657476162993,2.7657476162993,2.7040397266005,2.7657476162993,20800.0
1990-04-24,False,daily,22.16,22.41,21.79,22.41,5600.0,2.7348936714499,2.7657476162993,2.6892298330728,2.7657476162993,44800.0
1990-04-23,False,daily,22.5,22.5,22.5,22.5,0.0,2.7768550364451,2.7768550364451,2.7768550364451,2.7768550364451,0.0
1990-04-20,False,daily,22.5,22.5,22.5,22.5,0.0,2.7768550364451,2.7768550364451,2.7768550364451,2.7768550364451,0.0
1990-04-19,False,daily,22.5,22.5,22.5,22.5,0.0,2.7768550364451,2.7768550364451,2.7768550364451,2.7768550364451,0.0
1990-04-18,False,daily,22.5,22.5,22.5,22.5,0.0,2.7768550364451,2.7768550364451,2.7768550364451,2.7768550364451,0.0
1990-04-17,False,daily,22.5,22.5,22.5,22.5,0.0,2.7768550364451,2.7768550364451,2.7768550364451,2.7768550364451,0.0
1990-04-16,False,daily,22.5,22.5,22.5,22.5,0.0,2.7768550364451,2.7768550364451,2.7768550364451,2.7768550364451,0.0
1990-04-12,False,daily,22.5,22.5,22.5,22.5,0.0,2.7768550364451,2.7768550364451,2.7768550364451,2.7768550364451,0.0
1990-04-11,False,daily,22.66,22.66,22.41,22.41,18200.0,2.7966015611487,2.7966015611487,2.7657476162993,2.7657476162993,145600.0
1990-04-10,False,daily,22.66,22.66,22.16,22.41,65900.0,2.7966015611487,2.7966015611487,2.7348936714499,2.7657476162993,527200.0
1990-04-09,False,daily,21.41,22.66,21.41,22.16,35100.0,2.6423318369017,2.7966015611487,2.6423318369017,2.7348936714499,280800.0
1990-04-06,False,daily,21.66,21.91,21.17,21.17,5800.0,2.6731857817511,2.7040397266005,2.6127120498463,2.6127120498463,46400.0
1990-04-05,False,daily,21.17,21.66,20.67,21.66,14600.0,2.6127120498463,2.6731857817511,2.5510041601475,2.6731857817511,116800.0
1990-04-04,False,daily,20.92,21.17,20.67,20.67,22100.0,2.5818581049969,2.6127120498463,2.5510041601475,2.5510041601475,176800.0
1990-04-03,False,daily,21.17,21.17,20.67,20.67,15800.0,2.6127120498463,2.6127120498463,2.5510041601475,2.5510041601475,126400.0
1990-04-02,False,daily,20.92,21.17,20.42,21.17,6400.0,2.5818581049969,2.6127120498463,2.5201502152982,2.6127120498463,51200.0
1990-03-30,False,daily,20.42,20.67,20.42,20.67,6700.0,2.5201502152982,2.5510041601475,2.5201502152982,2.5510041601475,53600.0
1990-03-29,False,daily,20.67,20.67,20.67,20.67,1600.0,2.5510041601475,2.5510041601475,2.5510041601475,2.5510041601475,12800.0
1990-03-28,False,daily,20.42,20.67,20.29,20.67,14800.0,2.5201502152982,2.5510041601475,2.5041061639765,2.5510041601475,118400.0
1990-03-27,False,daily,19.92,20.42,19.92,20.42,8600.0,2.4584423255994,2.5201502152982,2.4584423255994,2.5201502152982,68800.0
1990-03-26,False,daily,20.42,20.42,19.92,19.92,1400.0,2.5201502152982,2.5201502152982,2.4584423255994,2.4584423255994,11200.0
1991-12-31,False,daily,13.23,13.73,13.23,13.73,23400.0,3.2907579299962,3.4151251987035,3.2907579299962,3.4151251987035,93600.0
1991-12-30,False,daily,13.23,13.98,12.73,13.73,24600.0,3.2907579299962,3.4773088330572,3.1663906612888,3.4151251987035,98400.0
1991-12-27,False,daily,12.73,13.11,12.73,12.98,8700.0,3.1663906612888,3.2609097855064,3.1663906612888,3.2285742956425,34800.0
1991-12-26,False,daily,12.73,12.98,12.73,12.73,12900.0,3.1663906612888,3.2285742956425,3.1663906612888,3.1663906612888,51600.0
1991-12-24,False,daily,12.98,12.98,12.73,12.98,19700.0,3.2285742956425,3.2285742956425,3.1663906612888,3.2285742956425,78800.0
1991-12-23,False,daily,12.98,12.98,12.73,12.73,5700.0,3.2285742956425,3.2285742956425,3.1663906612888,3.1663906612888,22800.0
1991-12-20,False,daily,13.23,13.23,12.73,12.73,35900.0,3.2907579299962,3.2907579299962,3.1663906612888,3.1663906612888,143600.0
1991-12-19,False,daily,12.73,12.98,12.73,12.98,6100.0,3.1663906612888,3.2285742956425,3.1663906612888,3.2285742956425,24400.0
1991-12-18,False,daily,12.98,13.48,12.73,12.73,29800.0,3.2285742956425,3.3529415643498,3.1663906612888,3.1663906612888,119200.0
1991-12-17,False,daily,12.98,13.48,12.98,13.11,5900.0,3.2285742956425,3.3529415643498,3.2285742956425,3.2609097855064,23600.0
1991-12-16,False,daily,12.98,13.48,12.98,13.48,2900.0,3.2285742956425,3.3529415643498,3.2285742956425,3.3529415643498,11600.0
1991-12-13,False,daily,12.73,13.73,12.73,12.98,11400.0,3.1663906612888,3.4151251987035,3.1663906612888,3.2285742956425,45600.0
1991-12-12,False,daily,12.73,12.98,12.73,12.98,6300.0,3.1663906612888,3.2285742956425,3.1663906612888,3.2285742956425,25200.0
1991-12-11,False,daily,12.48,12.98,12.48,12.73,27400.0,3.1042070269352,3.2285742956425,3.1042070269352,3.1663906612888,109600.0
1991-12-10,False,daily,12.48,12.98,12.48,12.61,82900.0,3.1042070269352,3.2285742956425,3.1042070269352,3.1365425167991,331600.0
1991-12-09,False,daily,12.98,12.98,12.48,12.98,11000.0,3.2285742956425,3.2285742956425,3.1042070269352,3.2285742956425,44000.0
1991-12-06,False,daily,12.48,12.73,12.48,12.48,39300.0,3.1042070269352,3.1663906612888,3.1042070269352,3.1042070269352,157200.0
1991-12-05,False,daily,12.48,12.73,12.48,12.48,65500.0,3.1042070269352,3.1663906612888,3.1042070269352,3.1042070269352,262000.0
1991-12-04,False,daily,12.48,12.73,12.48,12.73,8600.0,3.1042070269352,3.1663906612888,3.1042070269352,3.1663906612888,34400.0
1991-12-03,False,daily,12.48,12.73,12.48,12.73,4400.0,3.1042070269352,3.1663906612888,3.1042070269352,3.1663906612888,17600.0
1991-12-02,False,daily,12.98,12.98,12.48,12.73,39400.0,3.2285742956425,3.2285742956425,3.1042070269352,3.1663906612888,157600.0
1991-11-29,False,daily,12.98,12.98,12.48,12.98,11500.0,3.2285742956425,3.2285742956425,3.1042070269352,3.2285742956425,46000.0
1991-11-27,False,daily,12.98,12.98,12.48,12.73,6800.0,3.2285742956425,3.2285742956425,3.1042070269352,3.1663906612888,27200.0
1991-11-26,False,daily,12.48,12.73,12.48,12.73,38900.0,3.1042070269352,3.1663906612888,3.1042070269352,3.1663906612888,155600.0
1991-11-25,False,daily,12.48,12.73,12.48,12.73,40900.0,3.1042070269352,3.1663906612888,3.1042070269352,3.1663906612888,163600.0
1991-11-22,False,daily,12.48,12.98,12.48,12.98,25600.0,3.1042070269352,3.2285742956425,3.1042070269352,3.2285742956425,102400.0
1991-11-21,False,daily,12.48,12.98,12.48,12.73,4400.0,3.1042070269352,3.2285742956425,3.1042070269352,3.1663906612888,17600.0
1991-11-20,False,daily,12.48,12.98,12.48,12.48,3200.0,3.1042070269352,3.2285742956425,3.1042070269352,3.1042070269352,12800.0
1991-11-19,False,daily,12.73,13.23,12.48,12.73,40800.0,3.1663906612888,3.2907579299962,3.1042070269352,3.1663906612888,163200.0
1991-11-18,False,daily,12.73,13.36,12.73,13.11,65900.0,3.1663906612888,3.3230934198601,3.1663906612888,3.2609097855064,263600.0
1991-11-15,False,daily,13.48,13.73,12.98,12.98,20800.0,3.3529415643498,3.4151251987035,3.2285742956425,3.2285742956425,83200.0
1991-11-14,False,daily,13.73,13.73,12.98,13.48,13100.0,3.4151251987035,3.4151251987035,3.2285742956425,3.3529415643498,52400.0
1991-11-13,False,daily,13.73,13.73,12.98,12.98,6500.0,3.4151251987035,3.4151251987035,3.2285742956425,3.2285742956425,26000.0
1991-11-12,False,daily,13.48,13.73,12.98,13.23,19700.0,3.3529415643498,3.4151251987035,3.2285742956425,3.2907579299962,78800.0
1991-11-11,False,daily,12.98,13.48,12.98,13.48,22700.0,3.2285742956425,3.3529415643498,3.2285742956425,3.3529415643498,90800.0
1991-11-08,False,daily,13.23,13.23,12.73,13.23,27700.0,3.2907579299962,3.2907579299962,3.1663906612888,3.2907579299962,110800.0
1991-11-07,False,daily,13.23,13.23,12.98,12.98,16800.0,3.2907579299962,3.2907579299962,3.2285742956425,3.2285742956425,67200.0
1991-11-06,False,daily,12.73,13.23,12.73,13.23,95100.0,3.1663906612888,3.2907579299962,3.1663906612888,3.2907579299962,380400.0
1991-11-05,False,daily,12.98,12.98,12.73,12.73,5200.0,3.2285742956425,3.2285742956425,3.1663906612888,3.1663906612888,20800.0
1991-11-04,False,daily,12.73,12.98,12.73,12.73,40900.0,3.1663906612888,3.2285742956425,3.1663906612888,3.1663906612888,163600.0
1991-11-01,False,daily,13.23,13.23,12.73,12.73,69400.0,3.2907579299962,3.2907579299962,3.1663906612888,3.1663906612888,277600.0
1991-10-31,False,daily,13.23,13.23,12.73,12.73,187400.0,3.2907579299962,3.2907579299962,3.1663906612888,3.1663906612888,749600.0
1991-10-30,False,daily,12.48,13.23,12.48,12.98,56000.0,3.1042070269352,3.2907579299962,3.1042070269352,3.2285742956425,224000.0
1991-10-29,False,daily,12.48,12.98,12.48,12.48,9200.0,3.1042070269352,3.2285742956425,3.1042070269352,3.1042070269352,36800.0
1991-10-28,False,daily,12.48,12.98,12.48,12.48,41500.0,3.1042070269352,3.2285742956425,3.1042070269352,3.1042070269352,166000.0
1991-10-25,False,daily,12.48,12.98,12.48,12.61,37100.0,3.1042070269352,3.2285742956425,3.1042070269352,3.1365425167991,148400.0
1991-10-24,False,daily,12.48,12.98,12.48,12.86,62100.0,3.1042070269352,3.2285742956425,3.1042070269352,3.1987261511527,248400.0
1991-10-23,False,daily,12.48,12.98,12.48,12.48,12300.0,3.1042070269352,3.2285742956425,3.1042070269352,3.1042070269352,49200.0
1991-10-22,False,daily,12.73,12.98,12.48,12.61,114600.0,3.1663906612888,3.2285742956425,3.1042070269352,3.1365425167991,458400.0
1991-10-21,False,daily,12.23,12.73,12.23,12.61,23500.0,3.0420233925815,3.1663906612888,3.0420233925815,3.1365425167991,94000.0
1991-10-18,False,daily,12.48,12.48,11.99,12.48,212300.0,3.1042070269352,3.1042070269352,2.982327103602,3.1042070269352,849200.0
1991-10-17,False,daily,12.48,12.48,11.99,12.23,6500.0,3.1042070269352,3.1042070269352,2.982327103602,3.0420233925815,26000.0
1991-10-16,False,daily,12.48,12.48,11.99,12.23,58100.0,3.1042070269352,3.1042070269352,2.982327103602,3.0420233925815,232400.0
1991-10-15,False,daily,11.99,12.48,11.99,11.99,20100.0,2.982327103602,3.1042070269352,2.982327103602,2.982327103602,80400.0
1991-10-14,False,daily,11.74,12.48,11.74,11.99,5500.0,2.9201434692483,3.1042070269352,2.9201434692483,2.982327103602,22000.0
1991-10-11,False,daily,11.49,12.48,11.49,12.23,45800.0,2.8579598348946,3.1042070269352,2.8579598348946,3.0420233925815,183200.0
1991-10-10,False,daily,11.49,11.74,10.99,11.74,362100.0,2.8579598348946,2.9201434692483,2.7335925661873,2.9201434692483,1448400.0
1991-10-09,False,daily,10.99,11.99,10.74,11.24,153100.0,2.7335925661873,2.982327103602,2.6714089318336,2.795776200541,612400.0
1991-10-08,False,daily,10.99,10.99,10.74,10.99,1800.0,2.7335925661873,2.7335925661873,2.6714089318336,2.7335925661873,7200.0
1991-10-07,False,daily,10.99,10.99,10.49,10.86,75300.0,2.7335925661873,2.7335925661873,2.60922529748,2.7012570763234,301200.0
1991-10-04,False,daily,10.74,10.99,10.49,10.99,9300.0,2.6714089318336,2.7335925661873,2.60922529748,2.7335925661873,37200.0
1991-10-03,False,daily,10.49,10.99,10.49,10.49,77200.0,2.60922529748,2.7335925661873,2.60922529748,2.60922529748,308800.0
1991-10-02,False,daily,11.11,11.24,10.49,10.99,113200.0,2.7634407106771,2.795776200541,2.60922529748,2.7335925661873,452800.0
1991-10-01,False,daily,10.99,11.24,10.99,10.99,37300.0,2.7335925661873,2.795776200541,2.7335925661873,2.7335925661873,149200.0
1991-09-30,False,daily,11.24,11.24,10.99,11.24,5300.0,2.795776200541,2.795776200541,2.7335925661873,2.795776200541,21200.0
1991-09-27,False,daily,11.24,11.24,10.99,10.99,92900.0,2.795776200541,2.795776200541,2.7335925661873,2.7335925661873,371600.0
1991-09-26,False,daily,10.99,11.49,10.86,10.99,22500.0,2.7335925661873,2.8579598348946,2.7012570763234,2.7335925661873,90000.0
1991-09-25,False,daily,10.99,11.36,10.99,11.24,123000.0,2.7335925661873,2.8256243450307,2.7335925661873,2.795776200541,492000.0
1991-09-24,False,daily,10.99,11.49,10.99,11.49,6300.0,2.7335925661873,2.8579598348946,2.7335925661873,2.8579598348946,25200.0
1991-09-23,False,daily,10.99,10.99,10.99,10.99,2600.0,2.7335925661873,2.7335925661873,2.7335925661873,2.7335925661873,10400.0
1991-09-20,False,daily,10.99,11.74,10.99,11.74,12100.0,2.7335925661873,2.9201434692483,2.7335925661873,2.9201434692483,48400.0
1991-09-19,False,daily,10.99,11.74,10.99,10.99,5400.0,2.7335925661873,2.9201434692483,2.7335925661873,2.7335925661873,21600.0
1991-09-18,False,daily,11.74,11.74,10.99,11.49,222800.0,2.9201434692483,2.9201434692483,2.7335925661873,2.8579598348946,891200.0
1991-09-17,False,daily,11.49,11.74,11.24,11.24,19500.0,2.8579598348946,2.9201434692483,2.795776200541,2.795776200541,78000.0
1991-09-16,False,daily,11.24,11.99,11.24,11.74,12000.0,2.795776200541,2.982327103602,2.795776200541,2.9201434692483,48000.0
1991-09-13,False,daily,11.49,11.99,11.24,11.61,3700.0,2.8579598348946,2.982327103602,2.795776200541,2.8878079793844,14800.0
1991-09-12,False,daily,11.74,11.74,11.24,11.24,3000.0,2.9201434692483,2.9201434692483,2.795776200541,2.795776200541,12000.0
1991-09-11,False,daily,11.74,11.74,11.24,11.24,3200.0,2.9201434692483,2.9201434692483,2.795776200541,2.795776200541,12800.0
1991-09-10,False,daily,11.74,11.74,11.24,11.74,700.0,2.9201434692483,2.9201434692483,2.795776200541,2.9201434692483,2800.0
1991-09-09,False,daily,11.47,11.72,11.22,11.47,10600.0,2.8457133043567,2.9077384417664,2.783688166947,2.8457133043567,42400.0
1991-09-06,False,daily,11.47,11.72,10.72,11.72,27800.0,2.8457133043567,2.9077384417664,2.6596378921276,2.9077384417664,111200.0
1991-09-05,False,daily,11.22,11.47,10.97,10.97,78700.0,2.783688166947,2.8457133043567,2.7216630295373,2.7216630295373,314800.0
1991-09-04,False,daily,11.97,12.47,11.22,11.22,90300.0,2.9697635791761,3.0938138539954,2.783688166947,2.783688166947,361200.0
1991-09-03,False,daily,12.47,12.47,11.97,11.97,52300.0,3.0938138539954,3.0938138539954,2.9697635791761,2.9697635791761,209200.0
1991-08-30,False,daily,12.22,12.47,12.22,12.34,16400.0,3.0317887165858,3.0938138539954,3.0317887165858,3.0615607825424,65600.0
1991-08-29,False,daily,12.47,12.47,12.22,12.22,4500.0,3.0938138539954,3.0938138539954,3.0317887165858,3.0317887165858,18000.0
1991-08-28,False,daily,12.22,12.34,12.22,12.22,58300.0,3.0317887165858,3.0615607825424,3.0317887165858,3.0317887165858,233200.0
1991-08-27,False,daily,12.22,12.47,12.22,12.22,83800.0,3.0317887165858,3.0938138539954,3.0317887165858,3.0317887165858,335200.0
1991-08-26,False,daily,12.22,12.47,12.22,12.34,72600.0,3.0317887165858,3.0938138539954,3.0317887165858,3.0615607825424,290400.0
1991-08-23,False,daily,12.47,12.47,12.22,12.47,6000.0,3.0938138539954,3.0938138539954,3.0317887165858,3.0938138539954,24000.0
1991-08-22,False,daily,12.47,12.47,12.22,12.47,81500.0,3.0938138539954,3.0938138539954,3.0317887165858,3.0938138539954,326000.0
1991-08-21,False,daily,12.22,12.47,12.22,12.22,118000.0,3.0317887165858,3.0938138539954,3.0317887165858,3.0317887165858,472000.0
1991-08-20,False,daily,11.97,12.22,11.47,12.22,31100.0,2.9697635791761,3.0317887165858,2.8457133043567,3.0317887165858,124400.0
1991-08-19,False,daily,11.72,11.97,10.97,11.6,29100.0,2.9077384417664,2.9697635791761,2.7216630295373,2.8779663758097,116400.0
1991-08-16,False,daily,12.22,12.47,11.72,12.22,22500.0,3.0317887165858,3.0938138539954,2.9077384417664,3.0317887165858,90000.0
1991-08-15,False,daily,12.22,12.22,11.72,12.22,23700.0,3.0317887165858,3.0317887165858,2.9077384417664,3.0317887165858,94800.0
1991-08-14,False,daily,11.97,12.22,11.72,12.22,80600.0,2.9697635791761,3.0317887165858,2.9077384417664,3.0317887165858,322400.0
1991-08-13,False,daily,11.47,12.22,11.47,11.72,36800.0,2.8457133043567,3.0317887165858,2.8457133043567,2.9077384417664,147200.0
1991-08-12,False,daily,11.22,11.72,10.97,11.47,48100.0,2.783688166947,2.9077384417664,2.7216630295373,2.8457133043567,192400.0
1991-08-09,False,daily,10.97,11.47,10.97,11.47,10600.0,2.7216630295373,2.8457133043567,2.7216630295373,2.8457133043567,42400.0
1991-08-08,False,daily,11.47,11.47,10.97,10.97,63100.0,2.8457133043567,2.8457133043567,2.7216630295373,2.7216630295373,252400.0
1991-08-07,False,daily,11.22,11.22,10.97,11.22,62200.0,2.783688166947,2.783688166947,2.7216630295373,2.783688166947,248800.0
1991-08-06,False,daily,11.22,11.22,10.97,11.22,25600.0,2.783688166947,2.783688166947,2.7216630295373,2.783688166947,102400.0
1991-08-05,False,daily,11.22,11.22,10.97,11.22,73600.0,2.783688166947,2.783688166947,2.7216630295373,2.783688166947,294400.0
1991-08-02,False,daily,11.35,11.47,10.97,11.1,75300.0,2.8159412384,2.8457133043567,2.7216630295373,2.7539161009903,301200.0
1991-08-01,False,daily,10.97,11.47,10.97,11.1,409700.0,2.7216630295373,2.8457133043567,2.7216630295373,2.7539161009903,1638800.0
1991-07-31,False,daily,11.22,11.47,11.22,11.35,160800.0,2.783688166947,2.8457133043567,2.783688166947,2.8159412384,643200.0
1991-07-30,False,daily,11.22,11.72,11.22,11.47,3600.0,2.783688166947,2.9077384417664,2.783688166947,2.8457133043567,14400.0
1991-07-29,False,daily,11.22,11.72,11.22,11.47,18700.0,2.783688166947,2.9077384417664,2.783688166947,2.8457133043567,74800.0
1991-07-26,False,daily,11.97,11.97,11.22,11.22,86900.0,2.9697635791761,2.9697635791761,2.783688166947,2.783688166947,347600.0
1991-07-25,False,daily,11.72,11.97,11.72,11.72,87200.0,2.9077384417664,2.9697635791761,2.9077384417664,2.9077384417664,348800.0
1991-07-24,False,daily,11.97,12.22,11.72,11.84,13900.0,2.9697635791761,3.0317887165858,2.9077384417664,2.937510507723,55600.0
1991-07-23,False,daily,12.22,12.47,11.97,12.22,75300.0,3.0317887165858,3.0938138539954,2.9697635791761,3.0317887165858,301200.0
1991-07-22,False,daily,12.47,12.59,11.97,12.22,126500.0,3.0938138539954,3.1235859199521,2.9697635791761,3.0317887165858,506000.0
1991-07-19,False,daily,12.47,12.72,12.22,12.72,85000.0,3.0938138539954,3.1558389914051,3.0317887165858,3.1558389914051,340000.0
1991-07-18,False,daily,12.47,12.59,12.22,12.59,71600.0,3.0938138539954,3.1235859199521,3.0317887165858,3.1235859199521,286400.0
1991-07-17,False,daily,11.97,12.97,11.47,12.34,268800.0,2.9697635791761,3.2178641288148,2.8457133043567,3.0615607825424,1075200.0
1991-07-16,False,daily,10.97,11.97,10.97,11.72,316700.0,2.7216630295373,2.9697635791761,2.7216630295373,2.9077384417664,1266800.0
1991-07-15,False,daily,11.47,11.47,10.97,11.22,138600.0,2.8457133043567,2.8457133043567,2.7216630295373,2.783688166947,554400.0
1991-07-12,False,daily,10.72,11.47,10.72,11.1,456800.0,2.6596378921276,2.8457133043567,2.6596378921276,2.7539161009903,1827200.0
1991-07-11,False,daily,10.47,10.97,10.47,10.72,18400.0,2.5976127547179,2.7216630295373,2.5976127547179,2.6596378921276,73600.0
1991-07-10,False,daily,11.47,11.47,10.72,10.72,92700.0,2.8457133043567,2.8457133043567,2.6596378921276,2.6596378921276,370800.0
1991-07-09,False,daily,11.22,11.47,10.97,11.22,78400.0,2.783688166947,2.8457133043567,2.7216630295373,2.783688166947,313600.0
1991-07-08,False,daily,10.97,11.47,10.97,11.1,56700.0,2.7216630295373,2.8457133043567,2.7216630295373,2.7539161009903,226800.0
1991-07-05,False,daily,11.22,11.47,11.22,11.22,51800.0,2.783688166947,2.8457133043567,2.783688166947,2.783688166947,207200.0
1991-07-03,False,daily,11.6,11.6,11.22,11.22,66300.0,2.8779663758097,2.8779663758097,2.783688166947,2.783688166947,265200.0
1991-07-02,False,daily,11.22,11.72,11.22,11.22,63200.0,2.783688166947,2.9077384417664,2.783688166947,2.783688166947,252800.0
1991-07-01,False,daily,11.97,11.97,11.22,11.72,57300.0,2.9697635791761,2.9697635791761,2.783688166947,2.9077384417664,229200.0
1991-06-28,False,daily,12.22,12.22,10.97,11.6,95800.0,3.0317887165858,3.0317887165858,2.7216630295373,2.8779663758097,383200.0
1991-06-27,False,daily,10.97,12.22,10.72,11.97,35400.0,2.7216630295373,3.0317887165858,2.6596378921276,2.9697635791761,141600.0
1991-06-26,False,daily,11.22,11.22,10.47,10.47,29800.0,2.783688166947,2.783688166947,2.5976127547179,2.5976127547179,119200.0
1991-06-25,False,daily,11.47,11.72,10.72,10.72,37100.0,2.8457133043567,2.9077384417664,2.6596378921276,2.6596378921276,148400.0
1991-06-24,False,daily,11.97,11.97,11.47,11.47,18100.0,2.9697635791761,2.9697635791761,2.8457133043567,2.8457133043567,72400.0
1991-06-21,False,daily,12.22,12.47,11.97,12.22,16300.0,3.0317887165858,3.0938138539954,2.9697635791761,3.0317887165858,65200.0
1991-06-20,False,daily,12.47,12.72,11.97,12.47,29300.0,3.0938138539954,3.1558389914051,2.9697635791761,3.0938138539954,117200.0
1991-06-19,False,daily,11.97,12.47,11.97,12.34,16100.0,2.9697635791761,3.0938138539954,2.9697635791761,3.0615607825424,64400.0
1991-06-18,False,daily,12.22,12.47,11.97,12.47,2600.0,3.0317887165858,3.0938138539954,2.9697635791761,3.0938138539954,10400.0
1991-06-17,False,daily,11.97,12.47,11.97,12.47,18800.0,2.9697635791761,3.0938138539954,2.9697635791761,3.0938138539954,75200.0
1991-06-14,False,daily,11.97,12.47,11.97,12.22,29800.0,2.9697635791761,3.0938138539954,2.9697635791761,3.0317887165858,119200.0
1991-06-13,False,daily,12.22,12.47,11.22,11.97,201500.0,3.0317887165858,3.0938138539954,2.783688166947,2.9697635791761,806000.0
1991-06-12,False,daily,13.47,13.47,12.22,12.72,61200.0,3.3419144036342,3.3419144036342,3.0317887165858,3.1558389914051,244800.0
1991-06-11,False,daily,12.97,13.47,12.97,13.47,10200.0,3.2178641288148,3.3419144036342,3.2178641288148,3.3419144036342,40800.0
1991-06-10,False,daily,12.97,13.47,12.97,12.97,17900.0,3.2178641288148,3.3419144036342,3.2178641288148,3.2178641288148,71600.0
1991-06-07,False,daily,13.22,13.22,13.09,13.09,7100.0,3.2798892662245,3.2798892662245,3.2476361947715,3.2476361947715,28400.0
1991-06-06,False,daily,12.97,13.47,12.72,13.09,36500.0,3.2178641288148,3.3419144036342,3.1558389914051,3.2476361947715,146000.0
1991-06-05,False,daily,13.22,13.47,12.97,13.47,70100.0,3.2798892662245,3.3419144036342,3.2178641288148,3.3419144036342,280400.0
1991-06-04,False,daily,12.97,13.22,12.47,13.09,67100.0,3.2178641288148,3.2798892662245,3.0938138539954,3.2476361947715,268400.0
1991-06-03,False,daily,12.97,12.97,12.47,12.97,44700.0,3.2178641288148,3.2178641288148,3.0938138539954,3.2178641288148,178800.0
1991-05-31,False,daily,13.96,13.96,12.47,12.97,46400.0,3.4634836729572,3.4634836729572,3.0938138539954,3.2178641288148,185600.0
1991-05-30,False,daily,13.96,13.96,13.47,13.47,6600.0,3.4634836729572,3.4634836729572,3.3419144036342,3.3419144036342,26400.0
1991-05-29,False,daily,13.96,14.46,13.47,13.47,57700.0,3.4634836729572,3.5875339477766,3.3419144036342,3.3419144036342,230800.0
1991-05-28,False,daily,14.46,14.46,13.47,14.21,18100.0,3.5875339477766,3.5875339477766,3.3419144036342,3.5255088103669,72400.0
1991-05-24,False,daily,14.21,14.46,13.96,14.21,50200.0,3.5255088103669,3.5875339477766,3.4634836729572,3.5255088103669,200800.0
1991-05-23,False,daily,13.96,14.71,13.96,13.96,5400.0,3.4634836729572,3.6495590851863,3.4634836729572,3.4634836729572,21600.0
1991-05-22,False,daily,14.21,14.71,14.21,14.46,22200.0,3.5255088103669,3.6495590851863,3.5255088103669,3.5875339477766,88800.0
1991-05-21,False,daily,13.72,14.09,13.47,14.09,21400.0,3.4039395410439,3.4957367444103,3.3419144036342,3.4957367444103,85600.0
1991-05-20,False,daily,13.47,13.72,13.47,13.72,50400.0,3.3419144036342,3.4039395410439,3.3419144036342,3.4039395410439,201600.0
1991-05-17,False,daily,13.47,13.72,13.47,13.72,62700.0,3.3419144036342,3.4039395410439,3.3419144036342,3.4039395410439,250800.0
1991-05-16,False,daily,13.47,13.72,13.47,13.72,4300.0,3.3419144036342,3.4039395410439,3.3419144036342,3.4039395410439,17200.0
1991-05-15,False,daily,13.72,14.21,13.47,13.47,39700.0,3.4039395410439,3.5255088103669,3.3419144036342,3.3419144036342,158800.0
1991-05-14,False,daily,13.72,14.21,13.72,13.96,2800.0,3.4039395410439,3.5255088103669,3.4039395410439,3.4634836729572,11200.0
1991-05-13,False,daily,14.46,14.46,13.84,13.96,107900.0,3.5875339477766,3.5875339477766,3.4337116070006,3.4634836729572,431600.0
1991-05-10,False,daily,14.21,14.21,13.72,13.84,56400.0,3.5255088103669,3.5255088103669,3.4039395410439,3.4337116070006,225600.0
1991-05-09,False,daily,13.96,13.96,13.72,13.96,17200.0,3.4634836729572,3.4634836729572,3.4039395410439,3.4634836729572,68800.0
1991-05-08,False,daily,14.21,14.46,13.96,14.21,46000.0,3.5255088103669,3.5875339477766,3.4634836729572,3.5255088103669,184000.0
1991-05-07,False,daily,14.96,14.96,13.96,14.21,89100.0,3.711584222596,3.711584222596,3.4634836729572,3.5255088103669,356400.0
1991-05-06,False,daily,15.21,15.21,14.46,14.46,22400.0,3.7736093600057,3.7736093600057,3.5875339477766,3.5875339477766,89600.0
1991-05-03,False,daily,15.21,15.21,14.71,15.21,9000.0,3.7736093600057,3.7736093600057,3.6495590851863,3.7736093600057,36000.0
1991-05-02,False,daily,14.96,15.46,14.71,14.71,53800.0,3.711584222596,3.8356344974154,3.6495590851863,3.6495590851863,215200.0
1991-05-01,False,daily,15.46,15.46,14.71,14.96,16200.0,3.8356344974154,3.8356344974154,3.6495590851863,3.711584222596,64800.0
1991-04-30,False,daily,14.46,15.09,14.46,14.96,113900.0,3.5875339477766,3.743837294049,3.5875339477766,3.711584222596,455600.0
1991-04-29,False,daily,14.46,14.59,14.46,14.59,4400.0,3.5875339477766,3.6197870192296,3.5875339477766,3.6197870192296,17600.0
1991-04-26,False,daily,14.71,14.71,14.46,14.71,8500.0,3.6495590851863,3.6495590851863,3.5875339477766,3.6495590851863,34000.0
1991-04-25,False,daily,14.71,14.71,13.96,14.46,10300.0,3.6495590851863,3.6495590851863,3.4634836729572,3.5875339477766,41200.0
1991-04-24,False,daily,14.46,14.71,13.96,14.71,35900.0,3.5875339477766,3.6495590851863,3.4634836729572,3.6495590851863,143600.0
1991-04-23,False,daily,14.21,14.46,13.72,14.21,35100.0,3.5255088103669,3.5875339477766,3.4039395410439,3.5255088103669,140400.0
1991-04-22,False,daily,13.72,14.21,13.72,13.72,37200.0,3.4039395410439,3.5255088103669,3.4039395410439,3.4039395410439,148800.0
1991-04-19,False,daily,14.21,14.21,13.72,14.21,38900.0,3.5255088103669,3.5255088103669,3.4039395410439,3.5255088103669,155600.0
1991-04-18,False,daily,13.72,14.46,13.72,13.72,4700.0,3.4039395410439,3.5875339477766,3.4039395410439,3.4039395410439,18800.0
1991-04-17,False,daily,14.21,14.46,13.72,13.72,14500.0,3.5255088103669,3.5875339477766,3.4039395410439,3.4039395410439,58000.0
1991-04-16,False,daily,14.96,14.96,13.59,14.21,52700.0,3.711584222596,3.711584222596,3.3716864695909,3.5255088103669,210800.0
1991-04-15,False,daily,14.46,15.21,13.96,14.46,142600.0,3.5875339477766,3.7736093600057,3.4634836729572,3.5875339477766,570400.0
1991-04-12,False,daily,13.22,14.21,13.22,14.21,22200.0,3.2798892662245,3.5255088103669,3.2798892662245,3.5255088103669,88800.0
1991-04-11,False,daily,13.47,13.72,13.22,13.34,32500.0,3.3419144036342,3.4039395410439,3.2798892662245,3.3096613321812,130000.0
1991-04-10,False,daily,13.96,13.96,13.47,13.47,11000.0,3.4634836729572,3.4634836729572,3.3419144036342,3.3419144036342,44000.0
1991-04-09,False,daily,13.22,13.96,13.22,13.96,13700.0,3.2798892662245,3.4634836729572,3.2798892662245,3.4634836729572,54800.0
1991-04-08,False,daily,13.22,13.47,12.72,13.47,21300.0,3.2798892662245,3.3419144036342,3.1558389914051,3.3419144036342,85200.0
1991-04-05,False,daily,12.97,13.22,12.72,12.97,68500.0,3.2178641288148,3.2798892662245,3.1558389914051,3.2178641288148,274000.0
1991-04-04,False,daily,12.97,12.97,12.72,12.97,78300.0,3.2178641288148,3.2178641288148,3.1558389914051,3.2178641288148,313200.0
1991-04-03,False,daily,12.97,12.97,12.72,12.97,28300.0,3.2178641288148,3.2178641288148,3.1558389914051,3.2178641288148,113200.0
1991-04-02,False,daily,12.97,12.97,12.72,12.84,119000.0,3.2178641288148,3.2178641288148,3.1558389914051,3.1856110573618,476000.0
1991-04-01,False,daily,12.47,12.97,12.47,12.84,153300.0,3.0938138539954,3.2178641288148,3.0938138539954,3.1856110573618,613200.0
1991-03-28,False,daily,12.97,12.97,12.47,12.84,54700.0,3.2178641288148,3.2178641288148,3.0938138539954,3.1856110573618,218800.0
1991-03-27,False,daily,11.97,12.97,11.97,12.97,124500.0,2.9697635791761,3.2178641288148,2.9697635791761,3.2178641288148,498000.0
1991-03-26,False,daily,11.97,12.47,11.72,12.22,59800.0,2.9697635791761,3.0938138539954,2.9077384417664,3.0317887165858,239200.0
1991-03-25,False,daily,12.97,12.97,11.47,11.84,108400.0,3.2178641288148,3.2178641288148,2.8457133043567,2.937510507723,433600.0
1991-03-22,False,daily,12.72,12.97,12.47,12.72,101600.0,3.1558389914051,3.2178641288148,3.0938138539954,3.1558389914051,406400.0
1991-03-21,False,daily,13.96,13.96,12.72,12.72,86300.0,3.4634836729572,3.4634836729572,3.1558389914051,3.1558389914051,345200.0
1991-03-20,False,daily,13.96,14.21,13.47,13.72,46000.0,3.4634836729572,3.5255088103669,3.3419144036342,3.4039395410439,184000.0
1991-03-19,False,daily,12.72,13.72,12.72,13.47,131200.0,3.1558389914051,3.4039395410439,3.1558389914051,3.3419144036342,524800.0
1991-03-18,False,daily,14.21,14.71,12.47,13.72,189500.0,3.5255088103669,3.6495590851863,3.0938138539954,3.4039395410439,758000.0
1991-03-15,False,daily,15.96,15.96,13.47,14.34,283000.0,3.9596847722347,3.9596847722347,3.3419144036342,3.5577618818199,1132000.0
1991-03-14,False,daily,15.96,16.46,15.71,15.71,46800.0,3.9596847722347,4.0837350470541,3.8976596348251,3.8976596348251,187200.0
1991-03-13,False,daily,15.71,16.71,15.71,16.71,65000.0,3.8976596348251,4.1457601844638,3.8976596348251,4.1457601844638,260000.0
1991-03-12,False,daily,16.21,16.46,15.71,15.71,104700.0,4.0217099096444,4.0837350470541,3.8976596348251,3.8976596348251,418800.0
1991-03-11,False,daily,16.96,16.96,16.21,16.46,102000.0,4.2077853218735,4.2077853218735,4.0217099096444,4.0837350470541,408000.0
1991-03-08,False,daily,17.46,17.46,16.71,16.71,26700.0,4.3318355966929,4.3318355966929,4.1457601844638,4.1457601844638,106800.0
1991-03-07,False,daily,16.96,17.46,16.46,16.71,119100.0,4.2077853218735,4.3318355966929,4.0837350470541,4.1457601844638,476400.0
1991-03-06,False,daily,15.96,17.21,15.71,16.71,337700.0,3.9596847722347,4.2698104592832,3.8976596348251,4.1457601844638,1350800.0
1991-03-05,False,daily,15.46,16.21,15.21,15.71,307700.0,3.8356344974154,4.0217099096444,3.7736093600057,3.8976596348251,1230800.0
1991-03-04,False,daily,14.46,15.46,14.21,15.21,152100.0,3.5875339477766,3.8356344974154,3.5255088103669,3.7736093600057,608400.0
1991-03-01,False,daily,13.72,14.71,13.47,14.34,263600.0,3.4039395410439,3.6495590851863,3.3419144036342,3.5577618818199,1054400.0
1991-02-28,False,daily,13.22,13.72,13.22,13.59,25300.0,3.2798892662245,3.4039395410439,3.2798892662245,3.3716864695909,101200.0
1991-02-27,False,daily,13.72,13.72,13.22,13.34,17400.0,3.4039395410439,3.4039395410439,3.2798892662245,3.3096613321812,69600.0
1991-02-26,False,daily,13.72,13.96,13.22,13.47,140100.0,3.4039395410439,3.4634836729572,3.2798892662245,3.3419144036342,560400.0
1991-02-25,False,daily,13.72,13.84,13.22,13.72,84800.0,3.4039395410439,3.4337116070006,3.2798892662245,3.4039395410439,339200.0
1991-02-22,False,daily,13.47,13.72,12.97,13.22,28200.0,3.3419144036342,3.4039395410439,3.2178641288148,3.2798892662245,112800.0
1991-02-21,False,daily,13.47,13.47,12.97,13.47,14500.0,3.3419144036342,3.3419144036342,3.2178641288148,3.3419144036342,58000.0
1991-02-20,False,daily,13.72,13.72,13.22,13.47,29100.0,3.4039395410439,3.4039395410439,3.2798892662245,3.3419144036342,116400.0
1991-02-19,False,daily,13.72,13.96,13.22,13.96,42300.0,3.4039395410439,3.4634836729572,3.2798892662245,3.4634836729572,169200.0
1991-02-15,False,daily,13.47,13.72,13.22,13.22,96400.0,3.3419144036342,3.4039395410439,3.2798892662245,3.2798892662245,385600.0
1991-02-14,False,daily,13.47,13.96,12.72,13.47,72000.0,3.3419144036342,3.4634836729572,3.1558389914051,3.3419144036342,288000.0
1991-02-13,False,daily,14.21,14.21,13.72,13.72,17100.0,3.5255088103669,3.5255088103669,3.4039395410439,3.4039395410439,68400.0
1991-02-12,False,daily,14.21,14.46,13.72,14.21,58300.0,3.5255088103669,3.5875339477766,3.4039395410439,3.5255088103669,233200.0
1991-02-11,False,daily,13.47,14.46,13.47,14.46,100400.0,3.3419144036342,3.5875339477766,3.3419144036342,3.5875339477766,401600.0
1991-02-08,False,daily,13.47,13.96,13.22,13.96,45100.0,3.3419144036342,3.4634836729572,3.2798892662245,3.4634836729572,180400.0
1991-02-07,False,daily,14.21,14.21,13.72,13.72,163200.0,3.5255088103669,3.5255088103669,3.4039395410439,3.4039395410439,652800.0
1991-02-06,False,daily,13.72,14.71,13.72,14.46,222200.0,3.4039395410439,3.6495590851863,3.4039395410439,3.5875339477766,888800.0
1991-02-05,False,daily,13.47,14.71,13.22,14.21,253600.0,3.3419144036342,3.6495590851863,3.2798892662245,3.5255088103669,1014400.0
1991-02-04,False,daily,12.72,13.22,12.22,13.22,83800.0,3.1558389914051,3.2798892662245,3.0317887165858,3.2798892662245,335200.0
1991-02-01,False,daily,12.22,12.97,12.22,12.72,68900.0,3.0249242893029,3.2105783987119,3.0249242893029,3.1486936955755,275600.0
1991-01-31,False,daily,12.22,12.72,11.72,12.47,44100.0,3.0249242893029,3.1486936955755,2.9011548830303,3.0868089924392,176400.0
1991-01-30,False,daily,11.47,12.22,11.22,12.22,108800.0,2.839270179894,3.0249242893029,2.7773854767577,3.0249242893029,435200.0
1991-01-29,False,daily,10.97,11.22,10.72,11.22,36800.0,2.7155007736214,2.7773854767577,2.653616070485,2.7773854767577,147200.0
1991-01-28,False,daily,10.97,10.97,10.72,10.97,11400.0,2.7155007736214,2.7155007736214,2.653616070485,2.7155007736214,45600.0
1991-01-25,False,daily,10.72,10.97,10.47,10.97,21900.0,2.653616070485,2.7155007736214,2.5917313673487,2.7155007736214,87600.0
1991-01-24,False,daily,10.22,10.97,10.22,10.72,70600.0,2.5298466642124,2.7155007736214,2.5298466642124,2.653616070485,282400.0
1991-01-23,False,daily,10.47,10.72,10.22,10.72,4300.0,2.5917313673487,2.653616070485,2.5298466642124,2.653616070485,17200.0
1991-01-22,False,daily,10.72,10.72,10.47,10.6,108700.0,2.653616070485,2.653616070485,2.5917313673487,2.6239114129796,434800.0
1991-01-21,False,daily,10.47,10.72,10.22,10.6,75200.0,2.5917313673487,2.653616070485,2.5298466642124,2.6239114129796,300800.0
1991-01-18,False,daily,10.22,10.72,10.22,10.47,24100.0,2.5298466642124,2.653616070485,2.5298466642124,2.5917313673487,96400.0
1991-01-17,False,daily,10.47,10.72,9.73,10.47,91900.0,2.5917313673487,2.653616070485,2.4085526460653,2.5917313673487,367600.0
1991-01-16,False,daily,9.23,9.73,9.23,9.73,16300.0,2.2847832397926,2.4085526460653,2.2847832397926,2.4085526460653,65200.0
1991-01-15,False,daily,9.23,9.48,8.98,9.48,31400.0,2.2847832397926,2.3466679429289,2.2228985366563,2.3466679429289,125600.0
1991-01-14,False,daily,9.48,9.73,8.73,8.98,84600.0,2.3466679429289,2.4085526460653,2.16101383352,2.2228985366563,338400.0
1991-01-11,False,daily,10.22,10.22,9.73,9.85,81900.0,2.5298466642124,2.5298466642124,2.4085526460653,2.4382573035707,327600.0
1991-01-10,False,daily,9.97,10.22,9.48,10.1,96100.0,2.4679619610761,2.5298466642124,2.3466679429289,2.500142006707,384400.0
1991-01-09,False,daily,9.73,9.97,9.73,9.73,12800.0,2.4085526460653,2.4679619610761,2.4085526460653,2.4085526460653,51200.0
1991-01-08,False,daily,9.48,9.73,9.48,9.48,6200.0,2.3466679429289,2.4085526460653,2.3466679429289,2.3466679429289,24800.0
1991-01-07,False,daily,9.73,9.73,9.48,9.73,44100.0,2.4085526460653,2.4085526460653,2.3466679429289,2.4085526460653,176400.0
1991-01-04,False,daily,9.97,9.97,9.73,9.85,49700.0,2.4679619610761,2.4679619610761,2.4085526460653,2.4382573035707,198800.0
1991-01-03,False,daily,9.73,10.22,9.73,9.73,39500.0,2.4085526460653,2.5298466642124,2.4085526460653,2.4085526460653,158000.0
1991-01-02,False,daily,10.35,10.35,9.73,9.73,25900.0,2.5620267098433,2.5620267098433,2.4085526460653,2.4085526460653,103600.0
1992-12-31,False,daily,8.25,8.75,8.25,8.25,28900.0,2.0625,2.1875,2.0625,2.0625,115600.0
1992-12-30,False,daily,8.25,9.0,8.25,8.5,99300.0,2.0625,2.25,2.0625,2.125,397200.0
1992-12-29,False,daily,9.0,9.0,8.25,9.0,65700.0,2.25,2.25,2.0625,2.25,262800.0
1992-12-28,False,daily,9.25,9.25,8.75,9.0,57500.0,2.3125,2.3125,2.1875,2.25,230000.0
1992-12-24,False,daily,8.5,9.0,8.5,9.0,7000.0,2.125,2.25,2.125,2.25,28000.0
1992-12-23,False,daily,7.75,8.87,7.75,8.87,59600.0,1.9375,2.2175,1.9375,2.2175,238400.0
1992-12-22,False,daily,7.75,8.25,7.75,8.0,50200.0,1.9375,2.0625,1.9375,2.0,200800.0
1992-12-21,False,daily,7.5,8.0,7.5,8.0,19000.0,1.875,2.0,1.875,2.0,76000.0
1992-12-18,False,daily,7.5,7.75,7.5,7.63,30300.0,1.875,1.9375,1.875,1.9075,121200.0
1992-12-17,False,daily,7.88,7.88,7.5,7.75,41800.0,1.97,1.97,1.875,1.9375,167200.0
1992-12-16,False,daily,7.5,8.0,7.5,7.75,70700.0,1.875,2.0,1.875,1.9375,282800.0
1992-12-15,False,daily,7.5,8.0,7.5,8.0,16000.0,1.875,2.0,1.875,2.0,64000.0
1992-12-14,False,daily,7.5,8.0,7.5,7.5,51100.0,1.875,2.0,1.875,1.875,204400.0
1992-12-11,False,daily,7.75,7.88,7.5,7.75,13600.0,1.9375,1.97,1.875,1.9375,54400.0
1992-12-10,False,daily,7.75,7.75,7.5,7.75,127000.0,1.9375,1.9375,1.875,1.9375,508000.0
1992-12-09,False,daily,7.37,7.75,7.37,7.75,57000.0,1.8425,1.9375,1.8425,1.9375,228000.0
1992-12-08,False,daily,7.25,7.63,7.25,7.37,6700.0,1.8125,1.9075,1.8125,1.8425,26800.0
1992-12-07,False,daily,7.63,7.75,7.25,7.5,59100.0,1.9075,1.9375,1.8125,1.875,236400.0
1992-12-04,False,daily,7.5,7.75,7.25,7.75,18500.0,1.875,1.9375,1.8125,1.9375,74000.0
1992-12-03,False,daily,7.63,7.63,7.37,7.5,29200.0,1.9075,1.9075,1.8425,1.875,116800.0
1992-12-02,False,daily,7.63,7.63,7.37,7.37,16800.0,1.9075,1.9075,1.8425,1.8425,67200.0
1992-12-01,False,daily,7.37,7.63,7.37,7.63,12300.0,1.8425,1.9075,1.8425,1.9075,49200.0
1992-11-30,False,daily,7.63,7.63,7.37,7.5,18000.0,1.9075,1.9075,1.8425,1.875,72000.0
1992-11-27,False,daily,7.5,7.63,7.5,7.63,36600.0,1.875,1.9075,1.875,1.9075,146400.0
1992-11-25,False,daily,7.75,7.75,7.25,7.5,52100.0,1.9375,1.9375,1.8125,1.875,208400.0
1992-11-24,False,daily,7.37,8.0,7.37,7.37,56100.0,1.8425,2.0,1.8425,1.8425,224400.0
1992-11-23,False,daily,7.0,7.63,6.88,7.5,68800.0,1.75,1.9075,1.72,1.875,275200.0
1992-11-20,False,daily,6.88,7.0,6.75,7.0,57100.0,1.72,1.75,1.6875,1.75,228400.0
1992-11-19,False,daily,6.5,6.88,6.5,6.75,77600.0,1.625,1.72,1.625,1.6875,310400.0
1992-11-18,False,daily,6.88,6.88,6.5,6.5,10200.0,1.72,1.72,1.625,1.625,40800.0
1992-11-17,False,daily,6.38,6.88,6.38,6.5,10200.0,1.595,1.72,1.595,1.625,40800.0
1992-11-16,False,daily,6.5,6.88,6.38,6.62,35600.0,1.625,1.72,1.595,1.655,142400.0
1992-11-13,False,daily,6.88,7.0,6.62,6.88,42300.0,1.72,1.75,1.655,1.72,169200.0
1992-11-12,False,daily,6.13,6.75,6.13,6.75,45000.0,1.5325,1.6875,1.5325,1.6875,180000.0
1992-11-11,False,daily,6.25,6.38,6.13,6.38,65700.0,1.5625,1.595,1.5325,1.595,262800.0
1992-11-10,False,daily,6.25,6.25,6.13,6.25,108500.0,1.5625,1.5625,1.5325,1.5625,434000.0
1992-11-09,False,daily,6.5,6.5,6.0,6.0,61800.0,1.625,1.625,1.5,1.5,247200.0
1992-11-06,False,daily,6.25,6.5,6.25,6.5,12900.0,1.5625,1.625,1.5625,1.625,51600.0
1992-11-05,False,daily,6.5,6.5,6.25,6.5,8400.0,1.625,1.625,1.5625,1.625,33600.0
1992-11-04,False,daily,6.5,6.5,6.25,6.25,8100.0,1.625,1.625,1.5625,1.5625,32400.0
1992-11-03,False,daily,6.5,6.62,6.25,6.5,48000.0,1.625,1.655,1.5625,1.625,192000.0
1992-11-02,False,daily,6.38,6.75,6.25,6.75,320900.0,1.595,1.6875,1.5625,1.6875,1283600.0
1992-10-30,False,daily,6.5,6.5,6.25,6.38,198600.0,1.625,1.625,1.5625,1.595,794400.0
1992-10-29,False,daily,6.75,6.75,6.25,6.5,50000.0,1.6875,1.6875,1.5625,1.625,200000.0
1992-10-28,False,daily,6.75,6.75,6.25,6.25,8800.0,1.6875,1.6875,1.5625,1.5625,35200.0
1992-10-27,False,daily,7.0,7.0,6.25,6.38,99800.0,1.75,1.75,1.5625,1.595,399200.0
1992-10-26,False,daily,7.0,7.0,6.75,6.75,1800.0,1.75,1.75,1.6875,1.6875,7200.0
1992-10-23,False,daily,7.25,7.25,6.75,6.75,1900.0,1.8125,1.8125,1.6875,1.6875,7600.0
1992-10-22,False,daily,7.25,7.25,6.75,6.75,26900.0,1.8125,1.8125,1.6875,1.6875,107600.0
1992-10-21,False,daily,7.25,7.25,6.75,6.75,48700.0,1.8125,1.8125,1.6875,1.6875,194800.0
1992-10-20,False,daily,7.25,7.5,6.75,6.88,49800.0,1.8125,1.875,1.6875,1.72,199200.0
1992-10-19,False,daily,6.75,7.5,6.75,7.5,9800.0,1.6875,1.875,1.6875,1.875,39200.0
1992-10-16,False,daily,6.75,7.25,6.75,7.25,20400.0,1.6875,1.8125,1.6875,1.8125,81600.0
1992-10-15,False,daily,7.25,7.25,6.5,7.0,27200.0,1.8125,1.8125,1.625,1.75,108800.0
1992-10-14,False,daily,6.5,7.0,6.25,7.0,16000.0,1.625,1.75,1.5625,1.75,64000.0
1992-10-13,False,daily,6.25,6.5,5.75,6.5,14200.0,1.5625,1.625,1.4375,1.625,56800.0
1992-10-12,False,daily,6.25,6.25,5.75,6.25,122700.0,1.5625,1.5625,1.4375,1.5625,490800.0
1992-10-09,False,daily,7.0,7.0,6.5,6.62,31800.0,1.75,1.75,1.625,1.655,127200.0
1992-10-08,False,daily,6.5,7.0,6.5,6.5,4800.0,1.625,1.75,1.625,1.625,19200.0
1992-10-07,False,daily,6.5,7.0,6.5,6.62,55900.0,1.625,1.75,1.625,1.655,223600.0
1992-10-06,False,daily,7.0,7.0,6.5,6.75,19400.0,1.75,1.75,1.625,1.6875,77600.0
1992-10-05,False,daily,6.5,7.0,6.25,6.75,26500.0,1.625,1.75,1.5625,1.6875,106000.0
1992-10-02,False,daily,7.0,7.0,6.5,6.62,7200.0,1.75,1.75,1.625,1.655,28800.0
1992-10-01,False,daily,6.75,7.25,6.75,6.75,7900.0,1.6875,1.8125,1.6875,1.6875,31600.0
1992-09-30,False,daily,7.0,7.25,6.75,7.12,33100.0,1.75,1.8125,1.6875,1.78,132400.0
1992-09-29,False,daily,6.88,7.25,6.75,7.0,11000.0,1.72,1.8125,1.6875,1.75,44000.0
1992-09-28,False,daily,7.5,7.5,6.75,7.25,28300.0,1.875,1.875,1.6875,1.8125,113200.0
1992-09-25,False,daily,7.5,7.5,7.25,7.25,18100.0,1.875,1.875,1.8125,1.8125,72400.0
1992-09-24,False,daily,7.75,7.75,7.0,7.25,73400.0,1.9375,1.9375,1.75,1.8125,293600.0
1992-09-23,False,daily,7.5,7.75,7.0,7.25,8000.0,1.875,1.9375,1.75,1.8125,32000.0
1992-09-22,False,daily,7.75,7.75,7.0,7.75,19400.0,1.9375,1.9375,1.75,1.9375,77600.0
1992-09-21,False,daily,7.75,7.75,7.0,7.0,79300.0,1.9375,1.9375,1.75,1.75,317200.0
1992-09-18,False,daily,7.25,8.0,7.25,7.25,20900.0,1.8125,2.0,1.8125,1.8125,83600.0
1992-09-17,False,daily,8.0,8.0,7.25,7.25,3000.0,2.0,2.0,1.8125,1.8125,12000.0
1992-09-16,False,daily,7.5,8.0,7.25,7.25,10200.0,1.875,2.0,1.8125,1.8125,40800.0
1992-09-15,False,daily,8.0,8.0,7.5,7.5,2800.0,2.0,2.0,1.875,1.875,11200.0
1992-09-14,False,daily,7.75,8.0,7.5,7.75,87200.0,1.9375,2.0,1.875,1.9375,348800.0
1992-09-11,False,daily,8.0,8.0,8.0,8.0,700.0,2.0,2.0,2.0,2.0,2800.0
1992-09-10,False,daily,8.0,8.0,7.5,8.0,3300.0,2.0,2.0,1.875,2.0,13200.0
1992-09-09,False,daily,8.5,8.5,7.5,7.5,47900.0,2.125,2.125,1.875,1.875,191600.0
1992-09-08,False,daily,8.38,8.75,8.38,8.38,102500.0,2.095,2.1875,2.095,2.095,410000.0
1992-09-04,False,daily,8.38,8.38,8.38,8.38,1000.0,2.095,2.095,2.095,2.095,4000.0
1992-09-03,False,daily,8.75,8.75,8.38,8.62,14300.0,2.1875,2.1875,2.095,2.155,57200.0
1992-09-02,False,daily,8.38,8.75,8.38,8.75,33700.0,2.095,2.1875,2.095,2.1875,134800.0
1992-09-01,False,daily,8.87,8.87,8.38,8.62,36500.0,2.2175,2.2175,2.095,2.155,146000.0
1992-08-31,False,daily,8.87,8.87,8.38,8.38,69900.0,2.2175,2.2175,2.095,2.095,279600.0
1992-08-28,False,daily,8.38,8.62,8.38,8.5,52600.0,2.095,2.155,2.095,2.125,210400.0
1992-08-27,False,daily,8.62,8.62,8.38,8.38,900.0,2.155,2.155,2.095,2.095,3600.0
1992-08-26,False,daily,8.25,8.62,8.25,8.5,14300.0,2.0625,2.155,2.0625,2.125,57200.0
1992-08-25,False,daily,8.62,8.62,8.25,8.25,1600.0,2.155,2.155,2.0625,2.0625,6400.0
1992-08-24,False,daily,8.75,8.87,8.5,8.5,53900.0,2.1875,2.2175,2.125,2.125,215600.0
1992-08-21,False,daily,8.5,9.0,8.5,8.75,4000.0,2.125,2.25,2.125,2.1875,16000.0
1992-08-20,False,daily,9.0,9.0,8.62,8.62,5600.0,2.25,2.25,2.155,2.155,22400.0
1992-08-19,False,daily,9.0,9.0,8.62,9.0,3400.0,2.25,2.25,2.155,2.25,13600.0
1992-08-18,False,daily,8.75,9.0,8.75,9.0,36600.0,2.1875,2.25,2.1875,2.25,146400.0
1992-08-17,False,daily,9.0,9.13,8.75,9.0,8100.0,2.25,2.2825,2.1875,2.25,32400.0
1992-08-14,False,daily,9.25,9.25,8.75,8.75,1200.0,2.3125,2.3125,2.1875,2.1875,4800.0
1992-08-13,False,daily,9.0,9.25,8.75,9.25,2300.0,2.25,2.3125,2.1875,2.3125,9200.0
1992-08-12,False,daily,8.62,8.62,8.5,8.62,40500.0,2.155,2.155,2.125,2.155,162000.0
1992-08-11,False,daily,9.13,9.13,9.13,9.13,500.0,2.2825,2.2825,2.2825,2.2825,2000.0
1992-08-10,False,daily,8.75,9.13,8.75,9.0,37000.0,2.1875,2.2825,2.1875,2.25,148000.0
1992-08-07,False,daily,9.0,9.13,9.0,9.13,600.0,2.25,2.2825,2.25,2.2825,2400.0
1992-08-06,False,daily,8.75,9.13,8.75,8.75,17700.0,2.1875,2.2825,2.1875,2.1875,70800.0
1992-08-05,False,daily,9.25,9.25,8.62,9.0,153800.0,2.3125,2.3125,2.155,2.25,615200.0
1992-08-04,False,daily,9.0,9.13,8.75,9.13,67300.0,2.25,2.2825,2.1875,2.2825,269200.0
1992-08-03,False,daily,9.25,9.25,8.75,9.25,6600.0,2.3125,2.3125,2.1875,2.3125,26400.0
1992-07-31,False,daily,9.0,9.25,8.75,9.13,68900.0,2.25,2.3125,2.1875,2.2825,275600.0
1992-07-30,False,daily,9.0,9.25,9.0,9.13,6700.0,2.25,2.3125,2.25,2.2825,26800.0
1992-07-29,False,daily,9.25,9.25,9.0,9.25,31500.0,2.3125,2.3125,2.25,2.3125,126000.0
1992-07-28,False,daily,9.0,9.25,8.87,9.13,9100.0,2.25,2.3125,2.2175,2.2825,36400.0
1992-07-27,False,daily,9.0,9.13,8.75,9.0,108200.0,2.25,2.2825,2.1875,2.25,432800.0
1992-07-24,False,daily,9.13,9.25,8.75,9.0,26300.0,2.2825,2.3125,2.1875,2.25,105200.0
1992-07-23,False,daily,9.13,9.25,9.0,9.0,34900.0,2.2825,2.3125,2.25,2.25,139600.0
1992-07-22,False,daily,9.5,9.5,9.0,9.0,51700.0,2.375,2.375,2.25,2.25,206800.0
1992-07-21,False,daily,9.0,9.5,9.0,9.5,63300.0,2.25,2.375,2.25,2.375,253200.0
1992-07-20,False,daily,8.75,9.5,8.75,9.0,7200.0,2.1875,2.375,2.1875,2.25,28800.0
1992-07-17,False,daily,9.0,9.0,9.0,9.0,1400.0,2.25,2.25,2.25,2.25,5600.0
1992-07-16,False,daily,8.87,9.25,8.75,8.75,3000.0,2.2175,2.3125,2.1875,2.1875,12000.0
1992-07-15,False,daily,9.0,9.5,8.75,9.0,22200.0,2.25,2.375,2.1875,2.25,88800.0
1992-07-14,False,daily,9.5,9.5,9.0,9.25,22100.0,2.375,2.375,2.25,2.3125,88400.0
1992-07-13,False,daily,9.5,9.5,9.0,9.25,1600.0,2.375,2.375,2.25,2.3125,6400.0
1992-07-10,False,daily,9.5,9.5,9.0,9.0,20800.0,2.375,2.375,2.25,2.25,83200.0
1992-07-09,False,daily,9.25,9.5,9.0,9.25,17100.0,2.3125,2.375,2.25,2.3125,68400.0
1992-07-08,False,daily,9.5,10.0,8.75,9.13,140000.0,2.375,2.5,2.1875,2.2825,560000.0
1992-07-07,False,daily,10.25,10.25,9.5,9.5,34700.0,2.5625,2.5625,2.375,2.375,138800.0
1992-07-06,False,daily,10.25,10.25,9.75,10.25,6000.0,2.5625,2.5625,2.4375,2.5625,24000.0
1992-07-02,False,daily,10.25,10.5,10.0,10.25,9300.0,2.5625,2.625,2.5,2.5625,37200.0
1992-07-01,False,daily,11.0,11.0,10.0,10.0,40800.0,2.75,2.75,2.5,2.5,163200.0
1992-06-30,False,daily,10.5,11.0,10.5,11.0,5300.0,2.625,2.75,2.625,2.75,21200.0
1992-06-29,False,daily,10.75,11.0,10.5,10.5,24200.0,2.6875,2.75,2.625,2.625,96800.0
1992-06-26,False,daily,11.25,11.25,11.25,11.25,100.0,2.8125,2.8125,2.8125,2.8125,400.0
1992-06-25,False,daily,10.75,11.25,10.75,10.88,8600.0,2.6875,2.8125,2.6875,2.72,34400.0
1992-06-24,False,daily,11.0,11.0,10.88,11.0,2000.0,2.75,2.75,2.72,2.75,8000.0
1992-06-23,False,daily,11.12,11.25,10.75,10.88,47800.0,2.78,2.8125,2.6875,2.72,191200.0
1992-06-22,False,daily,11.5,11.62,11.0,11.25,30900.0,2.875,2.905,2.75,2.8125,123600.0
1992-06-19,False,daily,11.5,11.75,11.5,11.62,24700.0,2.875,2.9375,2.875,2.905,98800.0
1992-06-18,False,daily,11.5,12.0,11.5,11.5,5200.0,2.875,3.0,2.875,2.875,20800.0
1992-06-17,False,daily,12.0,12.25,11.75,12.0,79200.0,3.0,3.0625,2.9375,3.0,316800.0
1992-06-16,False,daily,11.75,12.25,11.75,12.0,17200.0,2.9375,3.0625,2.9375,3.0,68800.0
1992-06-15,False,daily,12.25,12.25,12.25,12.25,500.0,3.0625,3.0625,3.0625,3.0625,2000.0
1992-06-12,False,daily,11.75,11.87,11.75,11.87,10400.0,2.9375,2.9675,2.9375,2.9675,41600.0
1992-06-11,False,daily,11.75,11.75,11.75,11.75,1100.0,2.9375,2.9375,2.9375,2.9375,4400.0
1992-06-10,False,daily,11.75,12.25,11.75,12.13,5300.0,2.9375,3.0625,2.9375,3.0325,21200.0
1992-06-09,False,daily,11.75,11.87,11.75,11.75,7300.0,2.9375,2.9675,2.9375,2.9375,29200.0
1992-06-08,False,daily,12.0,12.0,12.0,12.0,100.0,3.0,3.0,3.0,3.0,400.0
1992-06-05,False,daily,11.75,12.0,11.75,12.0,86700.0,2.9375,3.0,2.9375,3.0,346800.0
1992-06-04,False,daily,12.0,12.0,12.0,12.0,1000.0,3.0,3.0,3.0,3.0,4000.0
1992-06-03,False,daily,12.0,12.0,11.75,11.87,700.0,3.0,3.0,2.9375,2.9675,2800.0
1992-06-02,False,daily,11.75,12.0,11.75,12.0,1300.0,2.9375,3.0,2.9375,3.0,5200.0
1992-06-01,False,daily,11.75,11.75,11.75,11.75,300.0,2.9375,2.9375,2.9375,2.9375,1200.0
1992-05-29,False,daily,11.75,12.0,11.75,12.0,29900.0,2.9375,3.0,2.9375,3.0,119600.0
1992-05-28,False,daily,11.75,11.75,11.75,11.75,24500.0,2.9375,2.9375,2.9375,2.9375,98000.0
1992-05-27,False,daily,11.87,12.0,11.75,11.75,20400.0,2.9675,3.0,2.9375,2.9375,81600.0
1992-05-26,False,daily,12.0,12.0,11.75,11.75,30000.0,3.0,3.0,2.9375,2.9375,120000.0
1992-05-22,False,daily,11.87,11.87,11.75,11.75,5300.0,2.9675,2.9675,2.9375,2.9375,21200.0
1992-05-21,False,daily,11.75,11.87,11.62,11.75,22800.0,2.9375,2.9675,2.905,2.9375,91200.0
1992-05-20,False,daily,12.13,12.13,12.0,12.0,14900.0,3.0325,3.0325,3.0,3.0,59600.0
1992-05-19,False,daily,12.0,12.25,12.0,12.25,13700.0,3.0,3.0625,3.0,3.0625,54800.0
1992-05-18,False,daily,12.0,12.25,12.0,12.0,16100.0,3.0,3.0625,3.0,3.0,64400.0
1992-05-15,False,daily,12.5,12.5,12.0,12.0,400.0,3.125,3.125,3.0,3.0,1600.0
1992-05-14,False,daily,12.38,12.38,12.38,12.38,300.0,3.095,3.095,3.095,3.095,1200.0
1992-05-13,False,daily,12.0,12.62,12.0,12.0,5200.0,3.0,3.155,3.0,3.0,20800.0
1992-05-12,False,daily,11.75,12.75,11.75,12.0,4100.0,2.9375,3.1875,2.9375,3.0,16400.0
1992-05-11,False,daily,12.73,12.73,12.23,12.23,700.0,3.1825,3.1825,3.0575,3.0575,2800.0
1992-05-08,False,daily,12.48,12.73,12.36,12.48,23700.0,3.12,3.1825,3.09,3.12,94800.0
1992-05-07,False,daily,12.23,12.23,11.86,12.23,12700.0,3.0575,3.0575,2.965,3.0575,50800.0
1992-05-06,False,daily,11.99,11.99,11.49,11.49,6300.0,2.9975,2.9975,2.8725,2.8725,25200.0
1992-05-05,False,daily,11.99,11.99,11.49,11.99,13100.0,2.9975,2.9975,2.8725,2.9975,52400.0
1992-05-04,False,daily,11.49,11.74,11.49,11.61,96600.0,2.8725,2.935,2.8725,2.9025,386400.0
1992-05-01,False,daily,11.74,11.74,11.49,11.74,6200.0,2.935,2.935,2.8725,2.935,24800.0
1992-04-30,False,daily,11.24,11.49,11.24,11.49,1700.0,2.81,2.8725,2.81,2.8725,6800.0
1992-04-29,False,daily,11.24,11.24,11.24,11.24,1200.0,2.81,2.81,2.81,2.81,4800.0
1992-04-28,False,daily,11.49,11.74,11.24,11.74,4600.0,2.8725,2.935,2.81,2.935,18400.0
1992-04-27,False,daily,11.24,11.49,10.99,11.49,1300.0,2.81,2.8725,2.7475,2.8725,5200.0
1992-04-24,False,daily,11.49,11.49,11.49,11.49,400.0,2.8725,2.8725,2.8725,2.8725,1600.0
1992-04-23,False,daily,11.49,11.49,11.49,11.49,1200.0,2.8725,2.8725,2.8725,2.8725,4800.0
1992-04-22,False,daily,10.74,11.49,10.74,10.99,34600.0,2.685,2.8725,2.685,2.7475,138400.0
1992-04-21,False,daily,11.24,11.24,10.99,11.24,5000.0,2.81,2.81,2.7475,2.81,20000.0
1992-04-20,False,daily,11.49,11.49,10.74,11.11,8500.0,2.8725,2.8725,2.685,2.7775,34000.0
1992-04-16,False,daily,11.49,11.49,11.24,11.24,41500.0,2.8725,2.8725,2.81,2.81,166000.0
1992-04-15,False,daily,10.99,11.24,10.74,11.24,128800.0,2.7475,2.81,2.685,2.81,515200.0
1992-04-14,False,daily,10.86,10.99,10.74,10.74,145100.0,2.715,2.7475,2.685,2.685,580400.0
1992-04-13,False,daily,10.99,11.24,10.99,11.24,79700.0,2.7475,2.81,2.7475,2.81,318800.0
1992-04-10,False,daily,11.49,11.49,10.99,11.24,100200.0,2.8725,2.8725,2.7475,2.81,400800.0
1992-04-09,False,daily,10.99,11.49,10.99,11.49,49700.0,2.7475,2.8725,2.7475,2.8725,198800.0
1992-04-08,False,daily,11.74,11.74,10.86,11.36,123200.0,2.935,2.935,2.715,2.84,492800.0
1992-04-07,False,daily,12.23,12.48,11.49,11.99,30000.0,3.0575,3.12,2.8725,2.9975,120000.0
1992-04-06,False,daily,12.48,12.61,12.23,12.48,30000.0,3.12,3.1525,3.0575,3.12,120000.0
1992-04-03,False,daily,13.11,13.23,12.73,12.98,54500.0,3.2775,3.3075,3.1825,3.245,218000.0
1992-04-02,False,daily,13.23,13.23,12.98,13.11,8600.0,3.3075,3.3075,3.245,3.2775,34400.0
1992-04-01,False,daily,12.98,12.98,12.48,12.48,4600.0,3.245,3.245,3.12,3.12,18400.0
1992-03-31,False,daily,12.98,13.23,12.48,12.98,3300.0,3.245,3.3075,3.12,3.245,13200.0
1992-03-30,False,daily,12.73,13.48,12.48,12.73,30300.0,3.1825,3.37,3.12,3.1825,121200.0
1992-03-27,False,daily,13.48,13.48,13.48,13.48,600.0,3.37,3.37,3.37,3.37,2400.0
1992-03-26,False,daily,13.48,13.48,12.73,13.48,5400.0,3.37,3.37,3.1825,3.37,21600.0
1992-03-25,False,daily,12.73,13.23,12.73,13.23,16100.0,3.1825,3.3075,3.1825,3.3075,64400.0
1992-03-24,False,daily,12.73,13.23,12.73,13.23,12200.0,3.1825,3.3075,3.1825,3.3075,48800.0
1992-03-23,False,daily,13.23,13.23,12.73,13.11,2500.0,3.3075,3.3075,3.1825,3.2775,10000.0
1992-03-20,False,daily,12.98,13.23,12.98,13.23,33600.0,3.245,3.3075,3.245,3.3075,134400.0
1992-03-19,False,daily,13.23,13.23,12.48,13.23,1400.0,3.3075,3.3075,3.12,3.3075,5600.0
1992-03-18,False,daily,12.73,13.23,12.73,12.73,6400.0,3.1825,3.3075,3.1825,3.1825,25600.0
1992-03-17,False,daily,12.48,13.23,12.48,12.73,4100.0,3.12,3.3075,3.12,3.1825,16400.0
1992-03-16,False,daily,12.73,13.23,12.73,12.86,4200.0,3.1825,3.3075,3.1825,3.215,16800.0
1992-03-13,False,daily,13.23,13.23,12.73,12.73,800.0,3.3075,3.3075,3.1825,3.1825,3200.0
1992-03-12,False,daily,13.23,13.23,12.98,12.98,12200.0,3.3075,3.3075,3.245,3.245,48800.0
1992-03-11,False,daily,13.23,13.23,13.23,13.23,200.0,3.3075,3.3075,3.3075,3.3075,800.0
1992-03-10,False,daily,13.23,13.23,13.23,13.23,300.0,3.3075,3.3075,3.3075,3.3075,1200.0
1992-03-09,False,daily,13.98,13.98,13.23,13.23,3000.0,3.495,3.495,3.3075,3.3075,12000.0
1992-03-06,False,daily,13.48,13.73,13.23,13.23,44200.0,3.37,3.4325,3.3075,3.3075,176800.0
1992-03-05,False,daily,13.23,13.73,13.23,13.23,8100.0,3.3075,3.4325,3.3075,3.3075,32400.0
1992-03-04,False,daily,13.23,13.73,13.23,13.73,600.0,3.3075,3.4325,3.3075,3.4325,2400.0
1992-03-03,False,daily,13.73,13.73,13.23,13.73,1900.0,3.4325,3.4325,3.3075,3.4325,7600.0
1992-03-02,False,daily,13.23,13.73,13.23,13.73,10600.0,3.3075,3.4325,3.3075,3.4325,42400.0
1992-02-28,False,daily,13.23,13.73,13.23,13.23,15200.0,3.3075,3.4325,3.3075,3.3075,60800.0
1992-02-27,False,daily,13.73,13.73,13.23,13.23,12100.0,3.4325,3.4325,3.3075,3.3075,48400.0
1992-02-26,False,daily,13.98,13.98,12.98,13.23,23200.0,3.495,3.495,3.245,3.3075,92800.0
1992-02-25,False,daily,14.98,15.48,13.98,14.23,58900.0,3.745,3.87,3.495,3.5575,235600.0
1992-02-24,False,daily,13.48,15.23,13.48,15.23,106400.0,3.37,3.8075,3.37,3.8075,425600.0
1992-02-21,False,daily,12.73,13.98,11.99,13.98,108700.0,3.1825,3.495,2.9975,3.495,434800.0
1992-02-20,False,daily,11.99,12.48,11.49,11.99,20800.0,2.9975,3.12,2.8725,2.9975,83200.0
1992-02-19,False,daily,11.24,11.74,11.24,11.74,464700.0,2.81,2.935,2.81,2.935,1858800.0
1992-02-18,False,daily,11.49,11.74,11.24,11.24,6000.0,2.8725,2.935,2.81,2.81,24000.0
1992-02-14,False,daily,11.24,11.74,11.24,11.24,105900.0,2.81,2.935,2.81,2.81,423600.0
1992-02-13,False,daily,11.74,11.74,11.24,11.74,29800.0,2.935,2.935,2.81,2.935,119200.0
1992-02-12,False,daily,11.49,11.74,11.49,11.74,18300.0,2.8725,2.935,2.8725,2.935,73200.0
1992-02-11,False,daily,11.49,11.99,11.49,11.74,49000.0,2.8725,2.9975,2.8725,2.935,196000.0
1992-02-10,False,daily,12.23,12.23,11.49,11.49,24900.0,3.0499660124055,3.0499660124055,2.8654218710171,2.8654218710171,99600.0
1992-02-07,False,daily,12.48,12.48,11.74,11.74,32700.0,3.1042070269352,3.1042070269352,2.9201434692483,2.9201434692483,130800.0
1992-02-06,False,daily,11.74,12.48,11.49,12.48,122000.0,2.9201434692483,3.1042070269352,2.8579598348946,3.1042070269352,488000.0
1992-02-05,False,daily,11.74,11.74,11.74,11.74,3900.0,2.9201434692483,2.9201434692483,2.9201434692483,2.9201434692483,15600.0
1992-02-04,False,daily,11.74,11.74,11.74,11.74,200.0,2.9201434692483,2.9201434692483,2.9201434692483,2.9201434692483,800.0
1992-02-03,False,daily,10.99,11.74,10.99,10.99,5200.0,2.7335925661873,2.9201434692483,2.7335925661873,2.7335925661873,20800.0
1992-01-31,False,daily,11.49,11.49,10.99,10.99,44600.0,2.8579598348946,2.8579598348946,2.7335925661873,2.7335925661873,178400.0
1992-01-30,False,daily,11.24,11.74,10.99,11.49,42100.0,2.795776200541,2.9201434692483,2.7335925661873,2.8579598348946,168400.0
1992-01-29,False,daily,11.99,11.99,11.36,11.74,50400.0,2.982327103602,2.982327103602,2.8256243450307,2.9201434692483,201600.0
1992-01-28,False,daily,11.74,11.99,11.74,11.74,9200.0,2.9201434692483,2.982327103602,2.9201434692483,2.9201434692483,36800.0
1992-01-27,False,daily,11.74,12.23,11.74,11.86,28400.0,2.9201434692483,3.0420233925815,2.9201434692483,2.9499916137381,113600.0
1992-01-24,False,daily,11.99,12.23,11.74,11.74,26200.0,2.982327103602,3.0420233925815,2.9201434692483,2.9201434692483,104800.0
1992-01-23,False,daily,11.74,11.99,11.74,11.74,22700.0,2.9201434692483,2.982327103602,2.9201434692483,2.9201434692483,90800.0
1992-01-22,False,daily,11.86,11.99,11.74,11.74,6900.0,2.9499916137381,2.982327103602,2.9201434692483,2.9201434692483,27600.0
1992-01-21,False,daily,11.99,11.99,11.74,11.99,123400.0,2.982327103602,2.982327103602,2.9201434692483,2.982327103602,493600.0
1992-01-20,False,daily,11.49,11.99,11.49,11.99,16300.0,2.8579598348946,2.982327103602,2.8579598348946,2.982327103602,65200.0
1992-01-17,False,daily,12.48,12.86,11.49,11.49,139400.0,3.1042070269352,3.1987261511527,2.8579598348946,2.8579598348946,557600.0
1992-01-16,False,daily,12.73,12.98,12.73,12.73,23200.0,3.1663906612888,3.2285742956425,3.1663906612888,3.1663906612888,92800.0
1992-01-15,False,daily,12.98,13.48,12.73,12.86,402400.0,3.2285742956425,3.3529415643498,3.1663906612888,3.1987261511527,1609600.0
1992-01-14,False,daily,12.98,13.48,12.98,12.98,56500.0,3.2285742956425,3.3529415643498,3.2285742956425,3.2285742956425,226000.0
1992-01-13,False,daily,13.48,13.73,13.23,13.48,121100.0,3.3529415643498,3.4151251987035,3.2907579299962,3.3529415643498,484400.0
1992-01-10,False,daily,13.73,13.98,13.48,13.48,89200.0,3.4151251987035,3.4773088330572,3.3529415643498,3.3529415643498,356800.0
1992-01-09,False,daily,13.73,14.23,13.73,13.73,39100.0,3.4151251987035,3.5394924674109,3.4151251987035,3.4151251987035,156400.0
1992-01-08,False,daily,13.73,14.23,13.23,13.73,30400.0,3.4151251987035,3.5394924674109,3.2907579299962,3.4151251987035,121600.0
1992-01-07,False,daily,13.23,13.73,13.23,13.23,9500.0,3.2907579299962,3.4151251987035,3.2907579299962,3.2907579299962,38000.0
1992-01-06,False,daily,13.48,13.48,13.23,13.23,3500.0,3.3529415643498,3.3529415643498,3.2907579299962,3.2907579299962,14000.0
1992-01-03,False,daily,13.36,13.98,13.23,13.23,6900.0,3.3230934198601,3.4773088330572,3.2907579299962,3.2907579299962,27600.0
1992-01-02,False,daily,13.48,13.98,12.98,13.36,27100.0,3.3529415643498,3.4773088330572,3.2285742956425,3.3230934198601,108400.0
1993-12-31,False,daily,9.88,10.12,9.5,10.12,16800.0,2.47,2.53,2.375,2.53,67200.0
1993-12-30,False,daily,9.75,9.75,9.5,9.5,800.0,2.4375,2.4375,2.375,2.375,3200.0
1993-12-29,False,daily,9.62,10.12,9.5,9.88,15200.0,2.405,2.53,2.375,2.47,60800.0
1993-12-28,False,daily,9.88,9.88,9.88,9.88,4100.0,2.47,2.47,2.47,2.47,16400.0
1993-12-27,False,daily,10.0,10.25,10.0,10.25,3700.0,2.5,2.5625,2.5,2.5625,14800.0
1993-12-23,False,daily,9.88,10.0,9.88,9.88,14100.0,2.47,2.5,2.47,2.47,56400.0
1993-12-22,False,daily,9.88,10.12,9.75,9.88,17900.0,2.47,2.53,2.4375,2.47,71600.0
1993-12-21,False,daily,9.88,9.88,9.88,9.88,1600.0,2.47,2.47,2.47,2.47,6400.0
1993-12-20,False,daily,10.37,10.37,9.88,10.0,3300.0,2.5925,2.5925,2.47,2.5,13200.0
1993-12-17,False,daily,9.88,10.25,9.88,10.25,15800.0,2.47,2.5625,2.47,2.5625,63200.0
1993-12-16,False,daily,9.88,10.0,9.88,10.0,7100.0,2.47,2.5,2.47,2.5,28400.0
1993-12-15,False,daily,9.88,10.12,9.75,10.0,22900.0,2.47,2.53,2.4375,2.5,91600.0
1993-12-14,False,daily,10.0,10.0,10.0,10.0,2500.0,2.5,2.5,2.5,2.5,10000.0
1993-12-13,False,daily,10.0,10.12,9.75,10.0,19600.0,2.5,2.53,2.4375,2.5,78400.0
1993-12-10,False,daily,10.37,10.5,10.0,10.0,17700.0,2.5925,2.625,2.5,2.5,70800.0
1993-12-09,False,daily,10.0,10.75,10.0,10.25,17600.0,2.5,2.6875,2.5,2.5625,70400.0
1993-12-08,False,daily,10.5,10.5,10.0,10.5,26400.0,2.625,2.625,2.5,2.625,105600.0
1993-12-07,False,daily,10.0,10.37,10.0,10.25,14400.0,2.5,2.5925,2.5,2.5625,57600.0
1993-12-06,False,daily,10.0,10.0,9.75,10.0,2700.0,2.5,2.5,2.4375,2.5,10800.0
1993-12-03,False,daily,10.25,10.25,9.75,9.75,10900.0,2.5625,2.5625,2.4375,2.4375,43600.0
1993-12-02,False,daily,9.38,10.0,9.38,10.0,11300.0,2.345,2.5,2.345,2.5,45200.0
1993-12-01,False,daily,9.38,9.62,9.38,9.62,2000.0,2.345,2.405,2.345,2.405,8000.0
1993-11-30,False,daily,9.25,9.75,9.25,9.25,5200.0,2.3125,2.4375,2.3125,2.3125,20800.0
1993-11-29,False,daily,9.5,10.0,9.25,10.0,2500.0,2.375,2.5,2.3125,2.5,10000.0
1993-11-26,False,daily,9.5,9.5,9.5,9.5,0.0,2.375,2.375,2.375,2.375,0.0
1993-11-24,False,daily,9.25,9.5,9.25,9.5,700.0,2.3125,2.375,2.3125,2.375,2800.0
1993-11-23,False,daily,9.62,9.62,9.25,9.5,17100.0,2.405,2.405,2.3125,2.375,68400.0
1993-11-22,False,daily,9.5,9.62,9.5,9.62,18100.0,2.375,2.405,2.375,2.405,72400.0
1993-11-19,False,daily,9.5,9.75,9.5,9.75,27200.0,2.375,2.4375,2.375,2.4375,108800.0
1993-11-18,False,daily,9.75,9.75,9.5,9.5,800.0,2.4375,2.4375,2.375,2.375,3200.0
1993-11-17,False,daily,9.25,9.62,9.25,9.62,7400.0,2.3125,2.405,2.3125,2.405,29600.0
1993-11-16,False,daily,9.25,9.62,9.25,9.38,21700.0,2.3125,2.405,2.3125,2.345,86800.0
1993-11-15,False,daily,9.25,9.25,9.25,9.25,600.0,2.3125,2.3125,2.3125,2.3125,2400.0
1993-11-12,False,daily,10.0,10.0,9.25,9.25,3900.0,2.5,2.5,2.3125,2.3125,15600.0
1993-11-11,False,daily,9.5,9.5,9.25,9.25,1600.0,2.375,2.375,2.3125,2.3125,6400.0
1993-11-10,False,daily,9.25,10.0,9.25,10.0,9700.0,2.3125,2.5,2.3125,2.5,38800.0
1993-11-09,False,daily,9.25,9.75,9.25,9.75,18300.0,2.3125,2.4375,2.3125,2.4375,73200.0
1993-11-08,False,daily,9.75,10.25,9.25,9.38,33100.0,2.4375,2.5625,2.3125,2.345,132400.0
1993-11-05,False,daily,10.37,10.5,9.75,10.0,63900.0,2.5925,2.625,2.4375,2.5,255600.0
1993-11-04,False,daily,10.75,10.75,10.75,10.75,3500.0,2.6875,2.6875,2.6875,2.6875,14000.0
1993-11-03,False,daily,10.5,10.88,10.5,10.88,27100.0,2.625,2.72,2.625,2.72,108400.0
1993-11-02,False,daily,10.25,10.88,10.25,10.5,21000.0,2.5625,2.72,2.5625,2.625,84000.0
1993-11-01,False,daily,10.75,10.75,10.37,10.37,2300.0,2.6875,2.6875,2.5925,2.5925,9200.0
1993-10-29,False,daily,10.63,10.75,10.25,10.75,4100.0,2.6575,2.6875,2.5625,2.6875,16400.0
1993-10-28,False,daily,10.5,10.5,10.25,10.5,14800.0,2.625,2.625,2.5625,2.625,59200.0
1993-10-27,False,daily,10.25,10.37,10.25,10.25,14000.0,2.5625,2.5925,2.5625,2.5625,56000.0
1993-10-26,False,daily,10.5,10.5,10.37,10.5,3300.0,2.625,2.625,2.5925,2.625,13200.0
1993-10-25,False,daily,10.25,10.37,10.25,10.37,8200.0,2.5625,2.5925,2.5625,2.5925,32800.0
1993-10-22,False,daily,10.25,10.63,10.25,10.37,10700.0,2.5625,2.6575,2.5625,2.5925,42800.0
1993-10-21,False,daily,10.5,10.5,10.25,10.25,3900.0,2.625,2.625,2.5625,2.5625,15600.0
1993-10-20,False,daily,10.25,10.75,10.25,10.25,21600.0,2.5625,2.6875,2.5625,2.5625,86400.0
1993-10-19,False,daily,11.0,11.0,10.25,10.75,7100.0,2.75,2.75,2.5625,2.6875,28400.0
1993-10-18,False,daily,11.0,11.0,10.75,11.0,30100.0,2.75,2.75,2.6875,2.75,120400.0
1993-10-15,False,daily,11.0,11.0,10.25,10.25,16100.0,2.75,2.75,2.5625,2.5625,64400.0
1993-10-14,False,daily,10.5,11.0,10.5,11.0,48000.0,2.625,2.75,2.625,2.75,192000.0
1993-10-13,False,daily,10.75,10.75,10.75,10.75,0.0,2.6875,2.6875,2.6875,2.6875,0.0
1993-10-12,False,daily,10.25,11.0,10.25,10.75,3500.0,2.5625,2.75,2.5625,2.6875,14000.0
1993-10-11,False,daily,10.25,10.5,10.25,10.5,4500.0,2.5625,2.625,2.5625,2.625,18000.0
1993-10-08,False,daily,10.25,10.63,10.25,10.63,21200.0,2.5625,2.6575,2.5625,2.6575,84800.0
1993-10-07,False,daily,10.75,10.75,10.25,10.25,1400.0,2.6875,2.6875,2.5625,2.5625,5600.0
1993-10-06,False,daily,10.63,10.63,10.25,10.25,6400.0,2.6575,2.6575,2.5625,2.5625,25600.0
1993-10-05,False,daily,10.75,10.75,10.5,10.63,21400.0,2.6875,2.6875,2.625,2.6575,85600.0
1993-10-04,False,daily,10.0,10.63,10.0,10.5,73000.0,2.5,2.6575,2.5,2.625,292000.0
1993-10-01,False,daily,10.0,10.5,10.0,10.37,30900.0,2.5,2.625,2.5,2.5925,123600.0
1993-09-30,False,daily,10.0,10.37,10.0,10.37,25700.0,2.5,2.5925,2.5,2.5925,102800.0
1993-09-29,False,daily,9.88,9.88,9.88,9.88,5100.0,2.47,2.47,2.47,2.47,20400.0
1993-09-28,False,daily,10.37,10.37,9.88,9.88,15300.0,2.5925,2.5925,2.47,2.47,61200.0
1993-09-27,False,daily,9.88,10.12,9.88,9.88,6900.0,2.47,2.53,2.47,2.47,27600.0
1993-09-24,False,daily,10.12,10.25,9.88,9.88,7400.0,2.53,2.5625,2.47,2.47,29600.0
1993-09-23,False,daily,10.25,10.25,9.88,10.12,11300.0,2.5625,2.5625,2.47,2.53,45200.0
1993-09-22,False,daily,10.25,10.25,9.88,9.88,15200.0,2.5625,2.5625,2.47,2.47,60800.0
1993-09-21,False,daily,9.88,10.12,9.88,10.12,25500.0,2.47,2.53,2.47,2.53,102000.0
1993-09-20,False,daily,9.88,9.88,9.88,9.88,200.0,2.47,2.47,2.47,2.47,800.0
1993-09-17,False,daily,9.88,10.37,9.88,10.0,6100.0,2.47,2.5925,2.47,2.5,24400.0
1993-09-16,False,daily,9.88,10.25,9.88,10.0,6700.0,2.47,2.5625,2.47,2.5,26800.0
1993-09-15,False,daily,10.5,10.5,10.5,10.5,800.0,2.625,2.625,2.625,2.625,3200.0
1993-09-14,False,daily,9.88,9.88,9.88,9.88,0.0,2.47,2.47,2.47,2.47,0.0
1993-09-13,False,daily,9.88,10.5,9.88,9.88,1100.0,2.47,2.625,2.47,2.47,4400.0
1993-09-10,False,daily,10.5,10.5,10.0,10.25,5000.0,2.625,2.625,2.5,2.5625,20000.0
1993-09-09,False,daily,10.5,10.5,10.12,10.12,1000.0,2.625,2.625,2.53,2.53,4000.0
1993-09-08,False,daily,9.88,10.25,9.88,9.88,14500.0,2.47,2.5625,2.47,2.47,58000.0
1993-09-07,False,daily,9.75,10.25,9.75,10.0,8100.0,2.4375,2.5625,2.4375,2.5,32400.0
1993-09-03,False,daily,10.25,10.25,9.75,10.25,1700.0,2.5625,2.5625,2.4375,2.5625,6800.0
1993-09-02,False,daily,10.0,10.0,10.0,10.0,2600.0,2.5,2.5,2.5,2.5,10400.0
1993-09-01,False,daily,10.0,10.0,9.75,9.88,4100.0,2.5,2.5,2.4375,2.47,16400.0
1993-08-31,False,daily,10.0,10.25,10.0,10.25,18500.0,2.5,2.5625,2.5,2.5625,74000.0
1993-08-30,False,daily,9.75,10.25,9.75,10.25,30600.0,2.4375,2.5625,2.4375,2.5625,122400.0
1993-08-27,False,daily,9.75,9.75,9.75,9.75,800.0,2.4375,2.4375,2.4375,2.4375,3200.0
1993-08-26,False,daily,10.5,10.5,9.75,10.12,5400.0,2.625,2.625,2.4375,2.53,21600.0
1993-08-25,False,daily,9.75,9.75,9.75,9.75,1300.0,2.4375,2.4375,2.4375,2.4375,5200.0
1993-08-24,False,daily,9.75,10.5,9.75,10.5,3000.0,2.4375,2.625,2.4375,2.625,12000.0
1993-08-23,False,daily,9.75,9.75,9.75,9.75,1100.0,2.4375,2.4375,2.4375,2.4375,4400.0
1993-08-20,False,daily,9.75,10.5,9.75,9.75,1300.0,2.4375,2.625,2.4375,2.4375,5200.0
1993-08-19,False,daily,9.75,9.75,9.75,9.75,2100.0,2.4375,2.4375,2.4375,2.4375,8400.0
1993-08-18,False,daily,9.75,9.75,9.75,9.75,1200.0,2.4375,2.4375,2.4375,2.4375,4800.0
1993-08-17,False,daily,10.0,10.0,10.0,10.0,0.0,2.5,2.5,2.5,2.5,0.0
1993-08-16,False,daily,10.0,10.25,9.75,10.0,4600.0,2.5,2.5625,2.4375,2.5,18400.0
1993-08-13,False,daily,10.25,10.37,10.0,10.0,63900.0,2.5625,2.5925,2.5,2.5,255600.0
1993-08-12,False,daily,10.5,10.5,10.25,10.5,2300.0,2.625,2.625,2.5625,2.625,9200.0
1993-08-11,False,daily,10.5,10.75,10.25,10.25,131500.0,2.625,2.6875,2.5625,2.5625,526000.0
1993-08-10,False,daily,10.25,10.5,10.25,10.37,9400.0,2.5625,2.625,2.5625,2.5925,37600.0
1993-08-09,False,daily,10.75,10.75,10.25,10.25,8400.0,2.6875,2.6875,2.5625,2.5625,33600.0
1993-08-06,False,daily,10.25,10.37,10.25,10.37,10100.0,2.5625,2.5925,2.5625,2.5925,40400.0
1993-08-05,False,daily,10.25,10.75,10.25,10.25,21100.0,2.5625,2.6875,2.5625,2.5625,84400.0
1993-08-04,False,daily,10.75,10.75,10.75,10.75,0.0,2.6875,2.6875,2.6875,2.6875,0.0
1993-08-03,False,daily,11.0,11.0,10.63,10.75,14400.0,2.75,2.75,2.6575,2.6875,57600.0
1993-08-02,False,daily,10.75,11.0,10.5,11.0,2600.0,2.6875,2.75,2.625,2.75,10400.0
1993-07-30,False,daily,10.75,10.88,10.25,10.88,25100.0,2.6875,2.72,2.5625,2.72,100400.0
1993-07-29,False,daily,10.5,10.75,10.25,10.75,96600.0,2.625,2.6875,2.5625,2.6875,386400.0
1993-07-28,False,daily,10.5,10.5,10.25,10.5,7800.0,2.625,2.625,2.5625,2.625,31200.0
1993-07-27,False,daily,10.25,10.5,10.25,10.25,14700.0,2.5625,2.625,2.5625,2.5625,58800.0
1993-07-26,False,daily,10.5,10.5,10.5,10.5,3100.0,2.625,2.625,2.625,2.625,12400.0
1993-07-23,False,daily,10.0,10.5,9.5,10.25,34400.0,2.5,2.625,2.375,2.5625,137600.0
1993-07-22,False,daily,9.5,10.0,9.5,9.5,900.0,2.375,2.5,2.375,2.375,3600.0
1993-07-21,False,daily,10.0,10.0,9.62,9.62,1500.0,2.5,2.5,2.405,2.405,6000.0
1993-07-20,False,daily,9.5,9.88,9.25,9.88,50600.0,2.375,2.47,2.3125,2.47,202400.0
1993-07-19,False,daily,9.25,9.75,9.25,9.5,74400.0,2.3125,2.4375,2.3125,2.375,297600.0
1993-07-16,False,daily,9.0,9.75,9.0,9.25,31900.0,2.25,2.4375,2.25,2.3125,127600.0
1993-07-15,False,daily,9.5,9.5,9.0,9.5,99600.0,2.375,2.375,2.25,2.375,398400.0
1993-07-14,False,daily,9.25,9.5,9.25,9.5,5300.0,2.3125,2.375,2.3125,2.375,21200.0
1993-07-13,False,daily,9.25,9.5,9.25,9.5,4000.0,2.3125,2.375,2.3125,2.375,16000.0
1993-07-12,False,daily,9.75,9.75,9.25,9.38,1500.0,2.4375,2.4375,2.3125,2.345,6000.0
1993-07-09,False,daily,9.5,9.5,9.25,9.5,5100.0,2.375,2.375,2.3125,2.375,20400.0
1993-07-08,False,daily,9.25,9.5,9.25,9.5,7200.0,2.3125,2.375,2.3125,2.375,28800.0
1993-07-07,False,daily,9.38,9.38,9.25,9.25,28900.0,2.345,2.345,2.3125,2.3125,115600.0
1993-07-06,False,daily,9.38,9.38,9.25,9.25,4800.0,2.345,2.345,2.3125,2.3125,19200.0
1993-07-02,False,daily,9.25,9.5,9.25,9.25,1600.0,2.3125,2.375,2.3125,2.3125,6400.0
1993-07-01,False,daily,9.0,9.5,9.0,9.25,19900.0,2.25,2.375,2.25,2.3125,79600.0
1993-06-30,False,daily,8.75,9.0,8.75,8.87,700.0,2.1875,2.25,2.1875,2.2175,2800.0
1993-06-29,False,daily,8.87,9.0,8.75,9.0,16400.0,2.2175,2.25,2.1875,2.25,65600.0
1993-06-28,False,daily,8.75,9.0,8.25,8.75,24400.0,2.1875,2.25,2.0625,2.1875,97600.0
1993-06-25,False,daily,8.5,8.75,8.0,8.62,25500.0,2.125,2.1875,2.0,2.155,102000.0
1993-06-24,False,daily,8.38,8.38,8.25,8.25,13000.0,2.095,2.095,2.0625,2.0625,52000.0
1993-06-23,False,daily,8.5,8.5,8.25,8.25,2700.0,2.125,2.125,2.0625,2.0625,10800.0
1993-06-22,False,daily,8.75,8.75,8.25,8.25,400.0,2.1875,2.1875,2.0625,2.0625,1600.0
1993-06-21,False,daily,8.75,8.75,8.25,8.5,1600.0,2.1875,2.1875,2.0625,2.125,6400.0
1993-06-18,False,daily,8.75,8.75,8.25,8.62,12100.0,2.1875,2.1875,2.0625,2.155,48400.0
1993-06-17,False,daily,8.38,8.62,8.25,8.38,19400.0,2.095,2.155,2.0625,2.095,77600.0
1993-06-16,False,daily,8.38,8.38,8.38,8.38,0.0,2.095,2.095,2.095,2.095,0.0
1993-06-15,False,daily,8.75,8.75,8.38,8.38,9600.0,2.1875,2.1875,2.095,2.095,38400.0
1993-06-14,False,daily,8.75,8.75,8.25,8.5,80700.0,2.1875,2.1875,2.0625,2.125,322800.0
1993-06-11,False,daily,8.5,8.75,8.38,8.38,3700.0,2.125,2.1875,2.095,2.095,14800.0
1993-06-10,False,daily,8.87,8.87,7.88,8.75,144600.0,2.2175,2.2175,1.97,2.1875,578400.0
1993-06-09,False,daily,8.75,9.25,8.75,9.25,6100.0,2.1875,2.3125,2.1875,2.3125,24400.0
1993-06-08,False,daily,8.75,9.25,8.75,8.87,64800.0,2.1875,2.3125,2.1875,2.2175,259200.0
1993-06-07,False,daily,9.0,9.5,8.75,9.0,33100.0,2.25,2.375,2.1875,2.25,132400.0
1993-06-04,False,daily,9.5,9.5,8.75,8.87,6900.0,2.375,2.375,2.1875,2.2175,27600.0
1993-06-03,False,daily,9.5,9.5,9.5,9.5,100.0,2.375,2.375,2.375,2.375,400.0
1993-06-02,False,daily,9.5,9.5,9.0,9.5,3400.0,2.375,2.375,2.25,2.375,13600.0
1993-06-01,False,daily,8.75,8.75,8.75,8.75,3700.0,2.1875,2.1875,2.1875,2.1875,14800.0
1993-05-28,False,daily,9.0,9.5,8.75,9.0,30000.0,2.25,2.375,2.1875,2.25,120000.0
1993-05-27,False,daily,9.13,9.5,9.13,9.5,18700.0,2.2825,2.375,2.2825,2.375,74800.0
1993-05-26,False,daily,9.25,9.5,9.25,9.25,40500.0,2.3125,2.375,2.3125,2.3125,162000.0
1993-05-25,False,daily,9.5,9.5,9.25,9.25,34100.0,2.375,2.375,2.3125,2.3125,136400.0
1993-05-24,False,daily,9.5,9.5,9.25,9.25,49000.0,2.375,2.375,2.3125,2.3125,196000.0
1993-05-21,False,daily,9.0,9.5,9.0,9.5,2800.0,2.25,2.375,2.25,2.375,11200.0
1993-05-20,False,daily,9.0,9.5,9.0,9.0,4300.0,2.25,2.375,2.25,2.25,17200.0
1993-05-19,False,daily,10.0,10.0,8.5,9.25,102400.0,2.5,2.5,2.125,2.3125,409600.0
1993-05-18,False,daily,9.75,10.0,9.5,9.75,14300.0,2.4375,2.5,2.375,2.4375,57200.0
1993-05-17,False,daily,9.75,10.37,9.75,9.75,16400.0,2.4375,2.5925,2.4375,2.4375,65600.0
1993-05-14,False,daily,9.75,9.88,9.75,9.75,2900.0,2.4375,2.47,2.4375,2.4375,11600.0
1993-05-13,False,daily,10.12,10.5,9.75,10.25,17800.0,2.53,2.625,2.4375,2.5625,71200.0
1993-05-12,False,daily,9.75,10.25,9.75,10.25,10800.0,2.4375,2.5625,2.4375,2.5625,43200.0
1993-05-11,False,daily,10.12,10.12,10.0,10.0,85100.0,2.53,2.53,2.5,2.5,340400.0
1993-05-10,False,daily,9.75,10.5,9.75,10.25,19700.0,2.4375,2.625,2.4375,2.5625,78800.0
1993-05-07,False,daily,9.75,10.25,9.75,10.25,14600.0,2.4375,2.5625,2.4375,2.5625,58400.0
1993-05-06,False,daily,10.0,10.12,10.0,10.12,20000.0,2.5,2.53,2.5,2.53,80000.0
1993-05-05,False,daily,9.5,10.25,9.5,10.25,10100.0,2.375,2.5625,2.375,2.5625,40400.0
1993-05-04,False,daily,9.75,9.75,9.5,9.5,4200.0,2.4375,2.4375,2.375,2.375,16800.0
1993-05-03,False,daily,10.25,10.25,9.5,9.5,48600.0,2.5625,2.5625,2.375,2.375,194400.0
1993-04-30,False,daily,9.5,10.0,9.5,10.0,22700.0,2.375,2.5,2.375,2.5,90800.0
1993-04-29,False,daily,9.5,9.5,9.5,9.5,1400.0,2.375,2.375,2.375,2.375,5600.0
1993-04-28,False,daily,9.5,9.75,9.5,9.75,13600.0,2.375,2.4375,2.375,2.4375,54400.0
1993-04-27,False,daily,9.5,10.0,9.5,9.5,18600.0,2.375,2.5,2.375,2.375,74400.0
1993-04-26,False,daily,10.0,10.0,9.5,9.75,28900.0,2.5,2.5,2.375,2.4375,115600.0
1993-04-23,False,daily,10.0,10.25,9.75,10.25,10500.0,2.5,2.5625,2.4375,2.5625,42000.0
1993-04-22,False,daily,10.0,10.0,10.0,10.0,1100.0,2.5,2.5,2.5,2.5,4400.0
1993-04-21,False,daily,10.0,10.5,10.0,10.5,5400.0,2.5,2.625,2.5,2.625,21600.0
1993-04-20,False,daily,10.75,10.75,10.0,10.5,11400.0,2.6875,2.6875,2.5,2.625,45600.0
1993-04-19,False,daily,10.0,10.75,10.0,10.75,21300.0,2.5,2.6875,2.5,2.6875,85200.0
1993-04-16,False,daily,10.75,11.0,10.0,10.5,66800.0,2.6875,2.75,2.5,2.625,267200.0
1993-04-15,False,daily,11.0,11.0,10.75,10.75,61700.0,2.75,2.75,2.6875,2.6875,246800.0
1993-04-14,False,daily,10.5,11.0,10.5,11.0,22500.0,2.625,2.75,2.625,2.75,90000.0
1993-04-13,False,daily,11.0,11.0,10.5,10.5,6900.0,2.75,2.75,2.625,2.625,27600.0
1993-04-12,False,daily,10.5,11.25,10.5,10.88,49600.0,2.625,2.8125,2.625,2.72,198400.0
1993-04-08,False,daily,11.0,11.0,10.5,10.75,24000.0,2.75,2.75,2.625,2.6875,96000.0
1993-04-07,False,daily,10.5,10.63,10.5,10.5,10100.0,2.625,2.6575,2.625,2.625,40400.0
1993-04-06,False,daily,11.0,11.12,10.75,10.75,87700.0,2.75,2.78,2.6875,2.6875,350800.0
1993-04-05,False,daily,11.5,11.5,11.0,11.0,91500.0,2.875,2.875,2.75,2.75,366000.0
1993-04-02,False,daily,11.5,11.62,11.5,11.5,4400.0,2.875,2.905,2.875,2.875,17600.0
1993-04-01,False,daily,11.75,11.75,11.5,11.5,44200.0,2.9375,2.9375,2.875,2.875,176800.0
1993-03-31,False,daily,11.5,12.0,11.5,11.75,23800.0,2.875,3.0,2.875,2.9375,95200.0
1993-03-30,False,daily,12.0,12.0,11.62,11.62,3900.0,3.0,3.0,2.905,2.905,15600.0
1993-03-29,False,daily,11.5,11.5,11.5,11.5,2700.0,2.875,2.875,2.875,2.875,10800.0
1993-03-26,False,daily,12.0,12.0,11.5,11.5,46300.0,3.0,3.0,2.875,2.875,185200.0
1993-03-25,False,daily,11.5,11.75,11.5,11.5,32100.0,2.875,2.9375,2.875,2.875,128400.0
1993-03-24,False,daily,11.5,11.5,11.5,11.5,3500.0,2.875,2.875,2.875,2.875,14000.0
1993-03-23,False,daily,11.5,11.75,11.5,11.5,63500.0,2.875,2.9375,2.875,2.875,254000.0
1993-03-22,False,daily,11.75,12.25,11.75,11.87,19300.0,2.9375,3.0625,2.9375,2.9675,77200.0
1993-03-19,False,daily,12.0,12.25,11.75,12.0,207000.0,3.0,3.0625,2.9375,3.0,828000.0
1993-03-18,False,daily,11.75,12.25,11.75,12.25,36900.0,2.9375,3.0625,2.9375,3.0625,147600.0
1993-03-17,False,daily,12.25,12.25,11.75,11.75,21900.0,3.0625,3.0625,2.9375,2.9375,87600.0
1993-03-16,False,daily,12.25,12.25,11.75,12.25,14200.0,3.0625,3.0625,2.9375,3.0625,56800.0
1993-03-15,False,daily,11.75,12.25,11.75,12.25,62000.0,2.9375,3.0625,2.9375,3.0625,248000.0
1993-03-12,False,daily,11.75,12.25,11.75,12.25,33100.0,2.9375,3.0625,2.9375,3.0625,132400.0
1993-03-11,False,daily,12.0,12.0,11.5,11.75,246500.0,3.0,3.0,2.875,2.9375,986000.0
1993-03-10,False,daily,10.75,12.25,10.25,12.25,65400.0,2.6875,3.0625,2.5625,3.0625,261600.0
1993-03-09,False,daily,10.0,10.63,10.0,10.63,34300.0,2.5,2.6575,2.5,2.6575,137200.0
1993-03-08,False,daily,10.0,10.5,10.0,10.0,33700.0,2.5,2.625,2.5,2.5,134800.0
1993-03-05,False,daily,10.25,10.5,10.0,10.25,45200.0,2.5625,2.625,2.5,2.5625,180800.0
1993-03-04,False,daily,10.0,10.5,10.0,10.5,13800.0,2.5,2.625,2.5,2.625,55200.0
1993-03-03,False,daily,10.0,10.5,10.0,10.0,25300.0,2.5,2.625,2.5,2.5,101200.0
1993-03-02,False,daily,10.0,10.37,10.0,10.25,38000.0,2.5,2.5925,2.5,2.5625,152000.0
1993-03-01,False,daily,10.12,10.5,9.75,10.25,8900.0,2.53,2.625,2.4375,2.5625,35600.0
1993-02-26,False,daily,10.25,10.5,9.75,10.5,47400.0,2.5625,2.625,2.4375,2.625,189600.0
1993-02-25,False,daily,10.0,10.5,10.0,10.37,126900.0,2.5,2.625,2.5,2.5925,507600.0
1993-02-24,False,daily,10.0,10.25,10.0,10.12,79900.0,2.5,2.5625,2.5,2.53,319600.0
1993-02-23,False,daily,10.12,10.25,10.0,10.0,20100.0,2.53,2.5625,2.5,2.5,80400.0
1993-02-22,False,daily,10.25,10.25,10.0,10.0,31100.0,2.5625,2.5625,2.5,2.5,124400.0
1993-02-19,False,daily,10.25,10.25,10.0,10.12,38600.0,2.5625,2.5625,2.5,2.53,154400.0
1993-02-18,False,daily,10.12,10.12,10.0,10.12,6000.0,2.53,2.53,2.5,2.53,24000.0
1993-02-17,False,daily,10.12,10.25,10.0,10.12,65300.0,2.53,2.5625,2.5,2.53,261200.0
1993-02-16,False,daily,10.0,10.25,10.0,10.25,11300.0,2.5,2.5625,2.5,2.5625,45200.0
1993-02-12,False,daily,10.5,10.5,10.0,10.5,24400.0,2.625,2.625,2.5,2.625,97600.0
1993-02-11,False,daily,10.0,10.0,10.0,10.0,13500.0,2.5,2.5,2.5,2.5,54000.0
1993-02-10,False,daily,10.0,10.37,10.0,10.12,20900.0,2.5,2.5925,2.5,2.53,83600.0
1993-02-09,False,daily,10.5,10.5,10.0,10.25,10100.0,2.625,2.625,2.5,2.5625,40400.0
1993-02-08,False,daily,10.5,10.5,10.0,10.5,6200.0,2.625,2.625,2.5,2.625,24800.0
1993-02-05,False,daily,10.0,10.5,10.0,10.37,44200.0,2.5,2.625,2.5,2.5925,176800.0
1993-02-04,False,daily,10.5,10.5,9.75,10.0,29200.0,2.625,2.625,2.4375,2.5,116800.0
1993-02-03,False,daily,9.62,10.0,9.5,9.75,81200.0,2.405,2.5,2.375,2.4375,324800.0
1993-02-02,False,daily,10.0,10.0,9.5,9.5,22400.0,2.5,2.5,2.375,2.375,89600.0
1993-02-01,False,daily,9.75,10.0,9.75,9.75,98900.0,2.4375,2.5,2.4375,2.4375,395600.0
1993-01-29,False,daily,9.75,10.0,9.75,9.88,26400.0,2.4375,2.5,2.4375,2.47,105600.0
1993-01-28,False,daily,10.25,10.25,9.75,10.25,26200.0,2.5625,2.5625,2.4375,2.5625,104800.0
1993-01-27,False,daily,9.75,10.25,9.75,9.88,16700.0,2.4375,2.5625,2.4375,2.47,66800.0
1993-01-26,False,daily,10.25,10.25,9.75,10.0,81300.0,2.5625,2.5625,2.4375,2.5,325200.0
1993-01-25,False,daily,10.0,10.5,9.75,10.25,67300.0,2.5,2.625,2.4375,2.5625,269200.0
1993-01-22,False,daily,10.5,10.5,10.0,10.0,14300.0,2.625,2.625,2.5,2.5,57200.0
1993-01-21,False,daily,10.0,10.5,10.0,10.0,10700.0,2.5,2.625,2.5,2.5,42800.0
1993-01-20,False,daily,10.5,11.5,10.0,10.12,141500.0,2.625,2.875,2.5,2.53,566000.0
1993-01-19,False,daily,9.5,11.0,9.5,11.0,119900.0,2.375,2.75,2.375,2.75,479600.0
1993-01-18,False,daily,8.75,10.25,8.75,9.88,94000.0,2.1875,2.5625,2.1875,2.47,376000.0
1993-01-15,False,daily,8.62,9.25,8.5,8.75,76200.0,2.155,2.3125,2.125,2.1875,304800.0
1993-01-14,False,daily,8.75,8.75,8.5,8.75,35600.0,2.1875,2.1875,2.125,2.1875,142400.0
1993-01-13,False,daily,8.0,8.75,8.0,8.75,44800.0,2.0,2.1875,2.0,2.1875,179200.0
1993-01-12,False,daily,8.0,8.5,8.0,8.38,24000.0,2.0,2.125,2.0,2.095,96000.0
1993-01-11,False,daily,9.0,9.25,8.75,8.87,38700.0,2.25,2.3125,2.1875,2.2175,154800.0
1993-01-08,False,daily,9.0,9.0,8.5,8.75,16600.0,2.25,2.25,2.125,2.1875,66400.0
1993-01-07,False,daily,9.0,9.0,8.5,8.87,42500.0,2.25,2.25,2.125,2.2175,170000.0
1993-01-06,False,daily,8.5,8.75,8.5,8.75,5600.0,2.125,2.1875,2.125,2.1875,22400.0
1993-01-05,False,daily,8.5,8.75,8.25,8.75,36100.0,2.125,2.1875,2.0625,2.1875,144400.0
1993-01-04,False,daily,8.25,8.75,8.25,8.25,800.0,2.0625,2.1875,2.0625,2.0625,3200.0
1994-12-30,False,daily,13.25,13.5,13.0,13.5,26400.0,3.3125,3.375,3.25,3.375,105600.0
1994-12-29,False,daily,12.5,13.25,12.5,13.12,65800.0,3.125,3.3125,3.125,3.28,263200.0
1994-12-28,False,daily,13.0,13.0,13.0,13.0,0.0,3.25,3.25,3.25,3.25,0.0
1994-12-27,False,daily,13.0,13.0,12.5,13.0,20500.0,3.25,3.25,3.125,3.25,82000.0
1994-12-23,False,daily,13.0,13.0,12.5,12.5,2300.0,3.25,3.25,3.125,3.125,9200.0
1994-12-22,False,daily,13.0,13.0,13.0,13.0,400.0,3.25,3.25,3.25,3.25,1600.0
1994-12-21,False,daily,13.0,13.0,12.62,12.62,10300.0,3.25,3.25,3.155,3.155,41200.0
1994-12-20,False,daily,12.75,13.25,12.75,12.88,21800.0,3.1875,3.3125,3.1875,3.22,87200.0
1994-12-19,False,daily,12.75,13.25,12.75,13.25,8600.0,3.1875,3.3125,3.1875,3.3125,34400.0
1994-12-16,False,daily,12.25,13.25,12.25,13.0,29400.0,3.0625,3.3125,3.0625,3.25,117600.0
1994-12-15,False,daily,12.5,12.75,12.25,12.5,20000.0,3.125,3.1875,3.0625,3.125,80000.0
1994-12-14,False,daily,12.0,12.0,12.0,12.0,2600.0,3.0,3.0,3.0,3.0,10400.0
1994-12-13,False,daily,12.44,12.44,12.0,12.13,5100.0,3.11,3.11,3.0,3.0325,20400.0
1994-12-12,False,daily,12.25,12.38,12.0,12.38,34000.0,3.0625,3.095,3.0,3.095,136000.0
1994-12-09,False,daily,12.0,12.25,12.0,12.25,4200.0,3.0,3.0625,3.0,3.0625,16800.0
1994-12-08,False,daily,12.0,12.25,12.0,12.25,3000.0,3.0,3.0625,3.0,3.0625,12000.0
1994-12-07,False,daily,12.0,12.25,12.0,12.25,8400.0,3.0,3.0625,3.0,3.0625,33600.0
1994-12-06,False,daily,12.0,12.5,12.0,12.5,1500.0,3.0,3.125,3.0,3.125,6000.0
1994-12-05,False,daily,12.0,12.38,12.0,12.0,1800.0,3.0,3.095,3.0,3.0,7200.0
1994-12-02,False,daily,12.0,12.38,12.0,12.38,12500.0,3.0,3.095,3.0,3.095,50000.0
1994-12-01,False,daily,12.38,12.5,12.0,12.5,2900.0,3.095,3.125,3.0,3.125,11600.0
1994-11-30,False,daily,11.75,12.5,11.75,12.0,21400.0,2.9375,3.125,2.9375,3.0,85600.0
1994-11-29,False,daily,11.75,11.75,11.75,11.75,100.0,2.9375,2.9375,2.9375,2.9375,400.0
1994-11-28,False,daily,12.25,12.25,11.75,11.75,300.0,3.0625,3.0625,2.9375,2.9375,1200.0
1994-11-25,False,daily,11.75,12.0,11.75,11.75,1600.0,2.9375,3.0,2.9375,2.9375,6400.0
1994-11-23,False,daily,11.75,12.13,11.75,12.13,14900.0,2.9375,3.0325,2.9375,3.0325,59600.0
1994-11-22,False,daily,11.75,12.13,11.75,12.13,13300.0,2.9375,3.0325,2.9375,3.0325,53200.0
1994-11-21,False,daily,11.75,12.13,11.75,11.75,4500.0,2.9375,3.0325,2.9375,2.9375,18000.0
1994-11-18,False,daily,12.25,12.25,11.75,11.75,2700.0,3.0625,3.0625,2.9375,2.9375,10800.0
1994-11-17,False,daily,12.0,12.06,11.75,12.0,16300.0,3.0,3.015,2.9375,3.0,65200.0
1994-11-16,False,daily,11.75,12.25,11.75,12.0,43500.0,2.9375,3.0625,2.9375,3.0,174000.0
1994-11-15,False,daily,11.75,12.25,11.75,12.0,32500.0,2.9375,3.0625,2.9375,3.0,130000.0
1994-11-14,False,daily,12.25,12.25,12.0,12.25,3200.0,3.0625,3.0625,3.0,3.0625,12800.0
1994-11-11,False,daily,12.25,12.25,11.87,11.87,6500.0,3.0625,3.0625,2.9675,2.9675,26000.0
1994-11-10,False,daily,11.5,12.25,11.5,12.0,20100.0,2.875,3.0625,2.875,3.0,80400.0
1994-11-09,False,daily,11.5,12.13,11.5,11.94,50300.0,2.875,3.0325,2.875,2.985,201200.0
1994-11-08,False,daily,11.87,11.87,11.5,11.5,8000.0,2.9675,2.9675,2.875,2.875,32000.0
1994-11-07,False,daily,12.25,12.25,12.06,12.06,5500.0,3.0625,3.0625,3.015,3.015,22000.0
1994-11-04,False,daily,11.62,11.62,11.62,11.62,0.0,2.905,2.905,2.905,2.905,0.0
1994-11-03,False,daily,12.25,12.25,11.5,11.62,12200.0,3.0625,3.0625,2.875,2.905,48800.0
1994-11-02,False,daily,12.13,12.25,11.5,12.25,4200.0,3.0325,3.0625,2.875,3.0625,16800.0
1994-11-01,False,daily,12.0,12.25,11.5,12.25,6800.0,3.0,3.0625,2.875,3.0625,27200.0
1994-10-31,False,daily,11.75,12.25,11.5,12.25,215100.0,2.9375,3.0625,2.875,3.0625,860400.0
1994-10-28,False,daily,11.5,12.0,11.5,12.0,34600.0,2.875,3.0,2.875,3.0,138400.0
1994-10-27,False,daily,11.5,11.75,11.25,11.75,74600.0,2.875,2.9375,2.8125,2.9375,298400.0
1994-10-26,False,daily,11.75,11.75,11.25,11.75,43300.0,2.9375,2.9375,2.8125,2.9375,173200.0
1994-10-25,False,daily,11.25,12.0,11.25,12.0,5700.0,2.8125,3.0,2.8125,3.0,22800.0
1994-10-24,False,daily,11.25,11.62,11.25,11.62,2400.0,2.8125,2.905,2.8125,2.905,9600.0
1994-10-21,False,daily,11.25,12.0,11.25,11.5,5300.0,2.8125,3.0,2.8125,2.875,21200.0
1994-10-20,False,daily,12.0,12.0,12.0,12.0,1700.0,3.0,3.0,3.0,3.0,6800.0
1994-10-19,False,daily,11.25,11.75,11.25,11.62,12900.0,2.8125,2.9375,2.8125,2.905,51600.0
1994-10-18,False,daily,11.75,11.75,11.25,11.25,9000.0,2.9375,2.9375,2.8125,2.8125,36000.0
1994-10-17,False,daily,11.38,11.5,11.25,11.5,58200.0,2.845,2.875,2.8125,2.875,232800.0
1994-10-14,False,daily,11.25,11.75,11.25,11.25,4400.0,2.8125,2.9375,2.8125,2.8125,17600.0
1994-10-13,False,daily,11.62,11.62,11.25,11.25,5500.0,2.905,2.905,2.8125,2.8125,22000.0
1994-10-12,False,daily,11.75,11.75,11.25,11.25,3200.0,2.9375,2.9375,2.8125,2.8125,12800.0
1994-10-11,False,daily,11.25,11.75,11.25,11.75,8000.0,2.8125,2.9375,2.8125,2.9375,32000.0
1994-10-10,False,daily,11.25,11.5,11.25,11.5,11400.0,2.8125,2.875,2.8125,2.875,45600.0
1994-10-07,False,daily,11.75,11.75,11.44,11.5,1900.0,2.9375,2.9375,2.86,2.875,7600.0
1994-10-06,False,daily,11.25,11.38,11.25,11.38,5200.0,2.8125,2.845,2.8125,2.845,20800.0
1994-10-05,False,daily,11.75,12.25,11.25,11.25,18800.0,2.9375,3.0625,2.8125,2.8125,75200.0
1994-10-04,False,daily,12.0,12.5,11.75,11.75,29300.0,3.0,3.125,2.9375,2.9375,117200.0
1994-10-03,False,daily,12.38,12.38,12.38,12.38,0.0,3.095,3.095,3.095,3.095,0.0
1994-09-30,False,daily,12.5,12.75,12.0,12.38,11600.0,3.125,3.1875,3.0,3.095,46400.0
1994-09-29,False,daily,12.75,12.75,12.25,12.38,37500.0,3.1875,3.1875,3.0625,3.095,150000.0
1994-09-28,False,daily,12.5,12.75,12.5,12.75,4200.0,3.125,3.1875,3.125,3.1875,16800.0
1994-09-27,False,daily,12.5,12.75,12.5,12.62,14600.0,3.125,3.1875,3.125,3.155,58400.0
1994-09-26,False,daily,12.5,12.75,12.5,12.75,3800.0,3.125,3.1875,3.125,3.1875,15200.0
1994-09-23,False,daily,12.5,12.75,12.5,12.5,7400.0,3.125,3.1875,3.125,3.125,29600.0
1994-09-22,False,daily,12.62,12.75,12.5,12.62,21400.0,3.155,3.1875,3.125,3.155,85600.0
1994-09-21,False,daily,12.75,12.75,12.5,12.5,5000.0,3.1875,3.1875,3.125,3.125,20000.0
1994-09-20,False,daily,12.5,12.75,12.5,12.75,18300.0,3.125,3.1875,3.125,3.1875,73200.0
1994-09-19,False,daily,12.75,12.75,12.5,12.62,29100.0,3.1875,3.1875,3.125,3.155,116400.0
1994-09-16,False,daily,12.5,12.75,12.25,12.62,20900.0,3.125,3.1875,3.0625,3.155,83600.0
1994-09-15,False,daily,12.75,13.0,12.5,12.5,21500.0,3.1875,3.25,3.125,3.125,86000.0
1994-09-14,False,daily,12.5,13.0,12.5,12.5,4900.0,3.125,3.25,3.125,3.125,19600.0
1994-09-13,False,daily,12.5,12.69,12.5,12.5,15400.0,3.125,3.1725,3.125,3.125,61600.0
1994-09-12,False,daily,13.0,13.0,12.5,12.5,5200.0,3.25,3.25,3.125,3.125,20800.0
1994-09-09,False,daily,12.5,13.0,12.5,12.5,8400.0,3.125,3.25,3.125,3.125,33600.0
1994-09-08,False,daily,12.75,12.75,12.5,12.62,15600.0,3.1875,3.1875,3.125,3.155,62400.0
1994-09-07,False,daily,12.5,12.75,12.5,12.5,19200.0,3.125,3.1875,3.125,3.125,76800.0
1994-09-06,False,daily,12.5,12.75,12.5,12.62,32700.0,3.125,3.1875,3.125,3.155,130800.0
1994-09-02,False,daily,12.5,13.0,12.5,12.5,3600.0,3.125,3.25,3.125,3.125,14400.0
1994-09-01,False,daily,12.5,12.5,12.5,12.5,2800.0,3.125,3.125,3.125,3.125,11200.0
1994-08-31,False,daily,12.5,12.5,12.5,12.5,26700.0,3.125,3.125,3.125,3.125,106800.0
1994-08-30,False,daily,13.0,13.0,12.5,13.0,13800.0,3.25,3.25,3.125,3.25,55200.0
1994-08-29,False,daily,12.5,13.0,12.5,13.0,6000.0,3.125,3.25,3.125,3.25,24000.0
1994-08-26,False,daily,12.5,13.0,12.5,12.5,5200.0,3.125,3.25,3.125,3.125,20800.0
1994-08-25,False,daily,12.62,13.0,12.5,12.75,36300.0,3.155,3.25,3.125,3.1875,145200.0
1994-08-24,False,daily,12.5,12.5,12.5,12.5,8400.0,3.125,3.125,3.125,3.125,33600.0
1994-08-23,False,daily,12.5,12.5,12.5,12.5,8200.0,3.125,3.125,3.125,3.125,32800.0
1994-08-22,False,daily,12.75,13.0,12.5,12.5,18800.0,3.1875,3.25,3.125,3.125,75200.0
1994-08-19,False,daily,12.62,12.88,12.5,12.88,16200.0,3.155,3.22,3.125,3.22,64800.0
1994-08-18,False,daily,12.5,12.75,12.5,12.75,2600.0,3.125,3.1875,3.125,3.1875,10400.0
1994-08-17,False,daily,12.5,13.25,12.5,12.75,19900.0,3.125,3.3125,3.125,3.1875,79600.0
1994-08-16,False,daily,13.25,13.25,12.5,12.75,4600.0,3.3125,3.3125,3.125,3.1875,18400.0
1994-08-15,False,daily,12.5,13.25,12.5,13.25,76000.0,3.125,3.3125,3.125,3.3125,304000.0
1994-08-12,False,daily,12.25,13.0,11.75,12.5,53600.0,3.0625,3.25,2.9375,3.125,214400.0
1994-08-11,False,daily,11.62,12.25,11.5,12.25,32200.0,2.905,3.0625,2.875,3.0625,128800.0
1994-08-10,False,daily,11.75,12.0,11.5,11.75,24000.0,2.9375,3.0,2.875,2.9375,96000.0
1994-08-09,False,daily,11.5,11.5,11.25,11.5,17000.0,2.875,2.875,2.8125,2.875,68000.0
1994-08-08,False,daily,11.0,11.0,11.0,11.0,2200.0,2.75,2.75,2.75,2.75,8800.0
1994-08-05,False,daily,11.0,11.0,11.0,11.0,800.0,2.75,2.75,2.75,2.75,3200.0
1994-08-04,False,daily,11.0,11.5,11.0,11.25,32600.0,2.75,2.875,2.75,2.8125,130400.0
1994-08-03,False,daily,11.0,11.38,11.0,11.0,27100.0,2.75,2.845,2.75,2.75,108400.0
1994-08-02,False,daily,11.5,11.5,11.0,11.5,4300.0,2.875,2.875,2.75,2.875,17200.0
1994-08-01,False,daily,11.5,11.5,11.0,11.5,900.0,2.875,2.875,2.75,2.875,3600.0
1994-07-29,False,daily,11.5,11.5,11.0,11.38,3100.0,2.875,2.875,2.75,2.845,12400.0
1994-07-28,False,daily,11.5,11.5,11.12,11.25,25400.0,2.875,2.875,2.78,2.8125,101600.0
1994-07-27,False,daily,10.75,11.5,10.75,11.25,96900.0,2.6875,2.875,2.6875,2.8125,387600.0
1994-07-26,False,daily,11.0,11.0,10.5,10.75,13100.0,2.75,2.75,2.625,2.6875,52400.0
1994-07-25,False,daily,10.75,10.75,10.75,10.75,100.0,2.6875,2.6875,2.6875,2.6875,400.0
1994-07-22,False,daily,10.5,10.75,10.5,10.5,4000.0,2.625,2.6875,2.625,2.625,16000.0
1994-07-21,False,daily,10.5,10.63,10.5,10.5,16600.0,2.625,2.6575,2.625,2.625,66400.0
1994-07-20,False,daily,10.37,10.75,10.25,10.63,11600.0,2.5925,2.6875,2.5625,2.6575,46400.0
1994-07-19,False,daily,10.25,10.25,10.25,10.25,200.0,2.5625,2.5625,2.5625,2.5625,800.0
1994-07-18,False,daily,10.25,10.75,10.25,10.75,1900.0,2.5625,2.6875,2.5625,2.6875,7600.0
1994-07-15,False,daily,10.25,10.25,10.25,10.25,200.0,2.5625,2.5625,2.5625,2.5625,800.0
1994-07-14,False,daily,10.62,10.62,10.62,10.62,0.0,2.655,2.655,2.655,2.655,0.0
1994-07-13,False,daily,10.25,10.63,10.25,10.63,10500.0,2.5625,2.6575,2.5625,2.6575,42000.0
1994-07-12,False,daily,10.75,10.75,10.5,10.5,11200.0,2.6875,2.6875,2.625,2.625,44800.0
1994-07-11,False,daily,10.25,10.5,10.25,10.37,13900.0,2.5625,2.625,2.5625,2.5925,55600.0
1994-07-08,False,daily,10.25,10.5,10.25,10.25,72900.0,2.5625,2.625,2.5625,2.5625,291600.0
1994-07-07,False,daily,10.25,10.25,10.25,10.25,8800.0,2.5625,2.5625,2.5625,2.5625,35200.0
1994-07-06,False,daily,10.37,10.75,10.25,10.25,34900.0,2.5925,2.6875,2.5625,2.5625,139600.0
1994-07-05,False,daily,10.5,10.5,10.25,10.37,49800.0,2.625,2.625,2.5625,2.5925,199200.0
1994-07-01,False,daily,10.0,10.5,10.0,10.25,18300.0,2.5,2.625,2.5,2.5625,73200.0
1994-06-30,False,daily,10.37,10.5,10.0,10.5,27500.0,2.5925,2.625,2.5,2.625,110000.0
1994-06-29,False,daily,10.12,10.12,10.0,10.12,8700.0,2.53,2.53,2.5,2.53,34800.0
1994-06-28,False,daily,10.0,10.25,10.0,10.25,10400.0,2.5,2.5625,2.5,2.5625,41600.0
1994-06-27,False,daily,10.0,10.5,10.0,10.5,16400.0,2.5,2.625,2.5,2.625,65600.0
1994-06-24,False,daily,10.5,10.75,10.25,10.25,22200.0,2.625,2.6875,2.5625,2.5625,88800.0
1994-06-23,False,daily,10.75,10.75,10.75,10.75,1300.0,2.6875,2.6875,2.6875,2.6875,5200.0
1994-06-22,False,daily,10.75,10.75,10.5,10.5,3300.0,2.6875,2.6875,2.625,2.625,13200.0
1994-06-21,False,daily,10.5,10.63,10.5,10.5,12900.0,2.625,2.6575,2.625,2.625,51600.0
1994-06-20,False,daily,10.75,10.75,10.5,10.63,6500.0,2.6875,2.6875,2.625,2.6575,26000.0
1994-06-17,False,daily,11.0,11.0,10.5,10.75,15500.0,2.75,2.75,2.625,2.6875,62000.0
1994-06-16,False,daily,10.5,10.75,10.5,10.75,4900.0,2.625,2.6875,2.625,2.6875,19600.0
1994-06-15,False,daily,10.75,10.75,10.5,10.5,8600.0,2.6875,2.6875,2.625,2.625,34400.0
1994-06-14,False,daily,10.25,10.75,10.25,10.75,7700.0,2.5625,2.6875,2.5625,2.6875,30800.0
1994-06-13,False,daily,10.25,10.75,10.25,10.63,24600.0,2.5625,2.6875,2.5625,2.6575,98400.0
1994-06-10,False,daily,10.25,10.37,10.25,10.37,8300.0,2.5625,2.5925,2.5625,2.5925,33200.0
1994-06-09,False,daily,10.37,10.37,10.25,10.25,2200.0,2.5925,2.5925,2.5625,2.5625,8800.0
1994-06-08,False,daily,10.5,10.75,10.25,10.25,40500.0,2.625,2.6875,2.5625,2.5625,162000.0
1994-06-07,False,daily,10.25,10.5,10.25,10.25,12200.0,2.5625,2.625,2.5625,2.5625,48800.0
1994-06-06,False,daily,10.25,10.63,10.25,10.63,2700.0,2.5625,2.6575,2.5625,2.6575,10800.0
1994-06-03,False,daily,10.0,10.5,10.0,10.5,21000.0,2.5,2.625,2.5,2.625,84000.0
1994-06-02,False,daily,10.12,10.5,10.12,10.5,23100.0,2.53,2.625,2.53,2.625,92400.0
1994-06-01,False,daily,10.12,10.12,10.12,10.12,0.0,2.53,2.53,2.53,2.53,0.0
1994-05-31,False,daily,10.0,10.12,10.0,10.12,700.0,2.5,2.53,2.5,2.53,2800.0
1994-05-27,False,daily,10.0,10.12,10.0,10.0,3900.0,2.5,2.53,2.5,2.5,15600.0
1994-05-26,False,daily,10.5,10.5,10.0,10.0,10500.0,2.625,2.625,2.5,2.5,42000.0
1994-05-25,False,daily,10.0,10.5,10.0,10.12,123700.0,2.5,2.625,2.5,2.53,494800.0
1994-05-24,False,daily,10.0,10.5,10.0,10.25,10400.0,2.5,2.625,2.5,2.5625,41600.0
1994-05-23,False,daily,10.0,10.5,10.0,10.5,1200.0,2.5,2.625,2.5,2.625,4800.0
1994-05-20,False,daily,10.0,10.5,10.0,10.12,11300.0,2.5,2.625,2.5,2.53,45200.0
1994-05-19,False,daily,10.12,10.5,10.0,10.0,19000.0,2.53,2.625,2.5,2.5,76000.0
1994-05-18,False,daily,10.5,10.5,10.0,10.5,6700.0,2.625,2.625,2.5,2.625,26800.0
1994-05-17,False,daily,10.25,10.5,10.0,10.5,11200.0,2.5625,2.625,2.5,2.625,44800.0
1994-05-16,False,daily,10.25,10.5,10.0,10.5,5600.0,2.5625,2.625,2.5,2.625,22400.0
1994-05-13,False,daily,10.0,10.25,10.0,10.12,10000.0,2.5,2.5625,2.5,2.53,40000.0
1994-05-12,False,daily,10.0,10.25,10.0,10.0,28900.0,2.5,2.5625,2.5,2.5,115600.0
1994-05-11,False,daily,10.19,10.19,10.0,10.0,9700.0,2.5475,2.5475,2.5,2.5,38800.0
1994-05-10,False,daily,10.25,10.5,10.0,10.0,49300.0,2.5625,2.625,2.5,2.5,197200.0
1994-05-09,False,daily,10.25,10.5,10.0,10.0,38100.0,2.5625,2.625,2.5,2.5,152400.0
1994-05-06,False,daily,10.25,10.5,10.25,10.37,26600.0,2.5625,2.625,2.5625,2.5925,106400.0
1994-05-05,False,daily,10.25,10.75,10.25,10.5,10500.0,2.5625,2.6875,2.5625,2.625,42000.0
1994-05-04,False,daily,10.25,10.75,10.25,10.25,15200.0,2.5625,2.6875,2.5625,2.5625,60800.0
1994-05-03,False,daily,10.25,10.5,10.25,10.37,46500.0,2.5625,2.625,2.5625,2.5925,186000.0
1994-05-02,False,daily,10.25,10.5,10.25,10.5,8600.0,2.5625,2.625,2.5625,2.625,34400.0
1994-04-29,False,daily,10.75,11.0,10.25,10.25,47300.0,2.6875,2.75,2.5625,2.5625,189200.0
1994-04-28,False,daily,10.25,10.75,10.0,10.5,92100.0,2.5625,2.6875,2.5,2.625,368400.0
1994-04-26,False,daily,10.0,10.25,9.88,10.25,25200.0,2.5,2.5625,2.47,2.5625,100800.0
1994-04-25,False,daily,10.12,10.12,9.88,9.94,2400.0,2.53,2.53,2.47,2.485,9600.0
1994-04-22,False,daily,10.0,10.25,9.88,10.25,27000.0,2.5,2.5625,2.47,2.5625,108000.0
1994-04-21,False,daily,9.75,10.0,9.75,10.0,15800.0,2.4375,2.5,2.4375,2.5,63200.0
1994-04-20,False,daily,9.75,10.0,9.75,9.75,1500.0,2.4375,2.5,2.4375,2.4375,6000.0
1994-04-19,False,daily,10.25,10.25,9.75,10.0,16300.0,2.5625,2.5625,2.4375,2.5,65200.0
1994-04-18,False,daily,9.88,9.88,9.88,9.88,6000.0,2.47,2.47,2.47,2.47,24000.0
1994-04-15,False,daily,10.0,10.25,9.75,9.88,13000.0,2.5,2.5625,2.4375,2.47,52000.0
1994-04-14,False,daily,9.75,10.25,9.75,9.75,2000.0,2.4375,2.5625,2.4375,2.4375,8000.0
1994-04-13,False,daily,9.75,10.25,9.75,9.88,3800.0,2.4375,2.5625,2.4375,2.47,15200.0
1994-04-12,False,daily,10.0,10.0,9.88,10.0,7300.0,2.5,2.5,2.47,2.5,29200.0
1994-04-11,False,daily,9.75,9.75,9.75,9.75,1000.0,2.4375,2.4375,2.4375,2.4375,4000.0
1994-04-08,False,daily,9.88,10.25,9.88,10.0,25600.0,2.47,2.5625,2.47,2.5,102400.0
1994-04-07,False,daily,10.0,10.25,9.75,9.88,1000.0,2.5,2.5625,2.4375,2.47,4000.0
1994-04-06,False,daily,9.75,10.25,9.75,10.12,11800.0,2.4375,2.5625,2.4375,2.53,47200.0
1994-04-05,False,daily,9.75,9.75,9.75,9.75,3800.0,2.4375,2.4375,2.4375,2.4375,15200.0
1994-04-04,False,daily,9.75,9.75,9.75,9.75,200.0,2.4375,2.4375,2.4375,2.4375,800.0
1994-03-31,False,daily,9.75,9.88,9.75,9.88,10500.0,2.4375,2.47,2.4375,2.47,42000.0
1994-03-30,False,daily,9.75,10.25,9.75,10.12,6500.0,2.4375,2.5625,2.4375,2.53,26000.0
1994-03-29,False,daily,10.25,10.25,10.0,10.0,5100.0,2.5625,2.5625,2.5,2.5,20400.0
1994-03-28,False,daily,10.5,10.5,10.0,10.25,4400.0,2.625,2.625,2.5,2.5625,17600.0
1994-03-25,False,daily,10.0,10.5,10.0,10.5,11700.0,2.5,2.625,2.5,2.625,46800.0
1994-03-24,False,daily,10.5,10.5,10.0,10.25,45400.0,2.625,2.625,2.5,2.5625,181600.0
1994-03-23,False,daily,10.12,10.25,10.12,10.25,46600.0,2.53,2.5625,2.53,2.5625,186400.0
1994-03-22,False,daily,9.75,10.25,9.75,10.0,14000.0,2.4375,2.5625,2.4375,2.5,56000.0
1994-03-21,False,daily,9.75,9.88,9.75,9.75,5500.0,2.4375,2.47,2.4375,2.4375,22000.0
1994-03-18,False,daily,9.75,10.25,9.75,10.25,2800.0,2.4375,2.5625,2.4375,2.5625,11200.0
1994-03-17,False,daily,10.25,10.25,9.75,9.88,2300.0,2.5625,2.5625,2.4375,2.47,9200.0
1994-03-16,False,daily,9.75,10.25,9.75,10.25,54600.0,2.4375,2.5625,2.4375,2.5625,218400.0
1994-03-15,False,daily,10.0,10.25,9.75,10.25,2900.0,2.5,2.5625,2.4375,2.5625,11600.0
1994-03-14,False,daily,10.25,10.25,9.75,9.88,7500.0,2.5625,2.5625,2.4375,2.47,30000.0
1994-03-11,False,daily,10.25,10.25,9.75,10.25,8700.0,2.5625,2.5625,2.4375,2.5625,34800.0
1994-03-10,False,daily,10.0,10.0,10.0,10.0,6000.0,2.5,2.5,2.5,2.5,24000.0
1994-03-09,False,daily,9.62,9.75,9.5,9.62,14100.0,2.405,2.4375,2.375,2.405,56400.0
1994-03-08,False,daily,9.75,10.5,9.62,9.62,29300.0,2.4375,2.625,2.405,2.405,117200.0
1994-03-07,False,daily,10.25,10.5,10.0,10.0,45300.0,2.5625,2.625,2.5,2.5,181200.0
1994-03-04,False,daily,10.0,10.5,9.62,10.25,152300.0,2.5,2.625,2.405,2.5625,609200.0
1994-03-03,False,daily,9.5,9.75,9.5,9.75,22500.0,2.375,2.4375,2.375,2.4375,90000.0
1994-03-02,False,daily,9.75,9.75,9.38,9.75,63300.0,2.4375,2.4375,2.345,2.4375,253200.0
1994-03-01,False,daily,9.75,9.75,9.38,9.5,32900.0,2.4375,2.4375,2.345,2.375,131600.0
1994-02-28,False,daily,9.75,9.75,9.38,9.38,26300.0,2.4375,2.4375,2.345,2.345,105200.0
1994-02-25,False,daily,9.25,9.75,9.25,9.75,24200.0,2.3125,2.4375,2.3125,2.4375,96800.0
1994-02-24,False,daily,9.62,9.62,9.0,9.0,2800.0,2.405,2.405,2.25,2.25,11200.0
1994-02-23,False,daily,9.13,9.62,9.0,9.38,10600.0,2.2825,2.405,2.25,2.345,42400.0
1994-02-22,False,daily,9.13,9.62,9.13,9.38,37300.0,2.2825,2.405,2.2825,2.345,149200.0
1994-02-18,False,daily,9.75,9.75,9.13,9.13,17700.0,2.4375,2.4375,2.2825,2.2825,70800.0
1994-02-17,False,daily,9.25,9.25,9.13,9.13,1700.0,2.3125,2.3125,2.2825,2.2825,6800.0
1994-02-16,False,daily,9.38,9.75,9.38,9.75,3000.0,2.345,2.4375,2.345,2.4375,12000.0
1994-02-15,False,daily,9.13,9.38,9.13,9.25,25600.0,2.2825,2.345,2.2825,2.3125,102400.0
1994-02-14,False,daily,9.13,9.75,9.13,9.38,23700.0,2.2825,2.4375,2.2825,2.345,94800.0
1994-02-11,False,daily,9.5,9.75,9.13,9.13,2600.0,2.375,2.4375,2.2825,2.2825,10400.0
1994-02-10,False,daily,9.0,9.5,9.0,9.5,44700.0,2.25,2.375,2.25,2.375,178800.0
1994-02-09,False,daily,9.0,9.25,9.0,9.25,7100.0,2.25,2.3125,2.25,2.3125,28400.0
1994-02-08,False,daily,9.25,9.25,9.25,9.25,1600.0,2.3125,2.3125,2.3125,2.3125,6400.0
1994-02-07,False,daily,9.0,9.25,9.0,9.0,9200.0,2.25,2.3125,2.25,2.25,36800.0
1994-02-04,False,daily,9.0,9.25,9.0,9.13,9200.0,2.25,2.3125,2.25,2.2825,36800.0
1994-02-03,False,daily,9.25,9.75,9.0,9.38,42400.0,2.3125,2.4375,2.25,2.345,169600.0
1994-02-02,False,daily,9.25,9.5,9.25,9.25,36000.0,2.3125,2.375,2.3125,2.3125,144000.0
1994-02-01,False,daily,10.0,10.0,9.25,9.25,81200.0,2.5,2.5,2.3125,2.3125,324800.0
1994-01-31,False,daily,9.75,10.25,9.75,10.0,27800.0,2.4375,2.5625,2.4375,2.5,111200.0
1994-01-28,False,daily,9.75,10.0,9.75,10.0,18900.0,2.4375,2.5,2.4375,2.5,75600.0
1994-01-27,False,daily,9.75,10.12,9.75,10.0,63800.0,2.4375,2.53,2.4375,2.5,255200.0
1994-01-26,False,daily,9.75,10.25,9.75,10.25,3900.0,2.4375,2.5625,2.4375,2.5625,15600.0
1994-01-25,False,daily,9.75,10.25,9.75,9.88,1800.0,2.4375,2.5625,2.4375,2.47,7200.0
1994-01-24,False,daily,9.75,10.0,9.75,10.0,15500.0,2.4375,2.5,2.4375,2.5,62000.0
1994-01-21,False,daily,10.0,10.25,9.88,10.12,72000.0,2.5,2.5625,2.47,2.53,288000.0
1994-01-20,False,daily,10.25,10.25,10.0,10.0,11500.0,2.5625,2.5625,2.5,2.5,46000.0
1994-01-19,False,daily,10.0,10.25,10.0,10.0,3500.0,2.5,2.5625,2.5,2.5,14000.0
1994-01-18,False,daily,9.75,10.5,9.75,10.0,17800.0,2.4375,2.625,2.4375,2.5,71200.0
1994-01-17,False,daily,9.62,10.0,9.25,10.0,30400.0,2.405,2.5,2.3125,2.5,121600.0
1994-01-14,False,daily,9.75,9.75,9.25,9.38,23300.0,2.4375,2.4375,2.3125,2.345,93200.0
1994-01-13,False,daily,9.5,9.75,9.38,9.75,10700.0,2.375,2.4375,2.345,2.4375,42800.0
1994-01-12,False,daily,9.25,9.5,9.13,9.5,3900.0,2.3125,2.375,2.2825,2.375,15600.0
1994-01-11,False,daily,9.75,9.75,9.13,9.13,144900.0,2.4375,2.4375,2.2825,2.2825,579600.0
1994-01-10,False,daily,9.5,9.88,9.38,9.38,12700.0,2.375,2.47,2.345,2.345,50800.0
1994-01-07,False,daily,9.62,10.0,9.5,9.5,15100.0,2.405,2.5,2.375,2.375,60400.0
1994-01-06,False,daily,9.62,10.12,9.62,10.12,600.0,2.405,2.53,2.405,2.53,2400.0
1994-01-05,False,daily,9.62,10.12,9.62,9.88,15200.0,2.405,2.53,2.405,2.47,60800.0
1994-01-04,False,daily,10.25,10.25,9.88,10.25,30100.0,2.5625,2.5625,2.47,2.5625,120400.0
1994-01-03,False,daily,9.5,10.12,9.5,10.12,30800.0,2.375,2.53,2.375,2.53,123200.0
1995-12-29,False,daily,24.25,24.25,24.0,24.0,1700.0,6.0625,6.0625,6.0,6.0,6800.0
1995-12-28,False,daily,24.0,24.5,24.0,24.13,30000.0,6.0,6.125,6.0,6.0325,120000.0
1995-12-27,False,daily,24.5,24.5,24.0,24.31,57700.0,6.125,6.125,6.0,6.0775,230800.0
1995-12-26,False,daily,24.75,24.75,24.0,24.13,79900.0,6.1875,6.1875,6.0,6.0325,319600.0
1995-12-22,False,daily,22.75,26.12,22.5,25.0,316700.0,5.6875,6.53,5.625,6.25,1266800.0
1995-12-21,False,daily,22.0,22.75,22.0,22.12,13100.0,5.5,5.6875,5.5,5.53,52400.0
1995-12-20,False,daily,22.25,22.75,22.0,22.25,19900.0,5.5625,5.6875,5.5,5.5625,79600.0
1995-12-19,False,daily,22.0,22.25,22.0,22.0,37100.0,5.5,5.5625,5.5,5.5,148400.0
1995-12-18,False,daily,22.69,22.69,21.75,22.25,100600.0,5.6725,5.6725,5.4375,5.5625,402400.0
1995-12-15,False,daily,22.75,22.75,22.0,22.75,18500.0,5.6875,5.6875,5.5,5.6875,74000.0
1995-12-14,False,daily,22.0,22.75,22.0,22.75,20300.0,5.5,5.6875,5.5,5.6875,81200.0
1995-12-13,False,daily,21.75,22.75,21.75,22.0,35900.0,5.4375,5.6875,5.4375,5.5,143600.0
1995-12-12,False,daily,22.0,22.25,21.75,22.0,56500.0,5.5,5.5625,5.4375,5.5,226000.0
1995-12-11,False,daily,22.0,22.25,22.0,22.25,600.0,5.5,5.5625,5.5,5.5625,2400.0
1995-12-08,False,daily,22.0,22.5,22.0,22.5,9200.0,5.5,5.625,5.5,5.625,36800.0
1995-12-07,False,daily,22.0,22.25,22.0,22.0,12500.0,5.5,5.5625,5.5,5.5,50000.0
1995-12-06,False,daily,22.5,22.5,22.12,22.12,500.0,5.625,5.625,5.53,5.53,2000.0
1995-12-05,False,daily,22.37,22.5,22.0,22.37,10500.0,5.5925,5.625,5.5,5.5925,42000.0
1995-12-04,False,daily,22.0,22.5,22.0,22.5,3200.0,5.5,5.625,5.5,5.625,12800.0
1995-12-01,False,daily,22.0,22.5,22.0,22.0,6400.0,5.5,5.625,5.5,5.5,25600.0
1995-11-30,False,daily,22.25,22.5,22.0,22.25,59500.0,5.5625,5.625,5.5,5.5625,238000.0
1995-11-29,False,daily,22.25,22.63,21.75,22.25,89500.0,5.5625,5.6575,5.4375,5.5625,358000.0
1995-11-28,False,daily,22.12,22.25,21.75,22.25,33700.0,5.53,5.5625,5.4375,5.5625,134800.0
1995-11-27,False,daily,22.0,22.0,21.75,22.0,43700.0,5.5,5.5,5.4375,5.5,174800.0
1995-11-24,False,daily,22.0,22.0,22.0,22.0,700.0,5.5,5.5,5.5,5.5,2800.0
1995-11-22,False,daily,22.0,22.25,21.75,22.0,8600.0,5.5,5.5625,5.4375,5.5,34400.0
1995-11-21,False,daily,21.5,22.5,21.0,22.12,215800.0,5.375,5.625,5.25,5.53,863200.0
1995-11-20,False,daily,20.75,21.5,20.5,21.13,127100.0,5.1875,5.375,5.125,5.2825,508400.0
1995-11-17,False,daily,20.25,20.75,20.25,20.62,18500.0,5.0625,5.1875,5.0625,5.155,74000.0
1995-11-16,False,daily,20.25,20.75,20.25,20.5,4500.0,5.0625,5.1875,5.0625,5.125,18000.0
1995-11-15,False,daily,20.75,20.75,20.25,20.25,600.0,5.1875,5.1875,5.0625,5.0625,2400.0
1995-11-14,False,daily,20.25,20.75,20.25,20.62,11700.0,5.0625,5.1875,5.0625,5.155,46800.0
1995-11-13,False,daily,20.25,20.62,20.25,20.62,23700.0,5.0625,5.155,5.0625,5.155,94800.0
1995-11-10,False,daily,20.25,20.75,20.0,20.75,81700.0,5.0625,5.1875,5.0,5.1875,326800.0
1995-11-09,False,daily,19.5,20.75,18.75,20.5,204100.0,4.875,5.1875,4.6875,5.125,816400.0
1995-11-08,False,daily,18.75,19.5,18.75,19.37,25800.0,4.6875,4.875,4.6875,4.8425,103200.0
1995-11-07,False,daily,19.25,19.25,19.25,19.25,1800.0,4.8125,4.8125,4.8125,4.8125,7200.0
1995-11-06,False,daily,19.12,19.25,18.75,19.25,12800.0,4.78,4.8125,4.6875,4.8125,51200.0
1995-11-03,False,daily,19.12,19.25,18.75,19.0,231700.0,4.78,4.8125,4.6875,4.75,926800.0
1995-11-02,False,daily,19.25,19.25,19.0,19.0,20400.0,4.8125,4.8125,4.75,4.75,81600.0
1995-11-01,False,daily,19.25,19.5,19.0,19.0,48500.0,4.8125,4.875,4.75,4.75,194000.0
1995-10-31,False,daily,19.25,20.0,19.25,19.25,42300.0,4.8125,5.0,4.8125,4.8125,169200.0
1995-10-30,False,daily,20.0,20.0,19.5,19.63,50300.0,5.0,5.0,4.875,4.9075,201200.0
1995-10-27,False,daily,19.5,19.5,19.25,19.5,12500.0,4.875,4.875,4.8125,4.875,50000.0
1995-10-26,False,daily,20.25,20.25,19.5,19.5,35600.0,5.0625,5.0625,4.875,4.875,142400.0
1995-10-25,False,daily,20.5,20.75,20.25,20.5,51400.0,5.125,5.1875,5.0625,5.125,205600.0
1995-10-24,False,daily,20.25,20.5,20.25,20.25,2700.0,5.0625,5.125,5.0625,5.0625,10800.0
1995-10-23,False,daily,20.5,20.5,20.25,20.38,79300.0,5.125,5.125,5.0625,5.095,317200.0
1995-10-20,False,daily,20.25,20.75,20.25,20.75,1400.0,5.0625,5.1875,5.0625,5.1875,5600.0
1995-10-19,False,daily,20.25,20.75,20.25,20.75,2000.0,5.0625,5.1875,5.0625,5.1875,8000.0
1995-10-18,False,daily,20.75,20.75,20.25,20.38,49300.0,5.1875,5.1875,5.0625,5.095,197200.0
1995-10-17,False,daily,20.25,20.75,20.25,20.75,1000.0,5.0625,5.1875,5.0625,5.1875,4000.0
1995-10-16,False,daily,20.25,20.75,20.25,20.5,900.0,5.0625,5.1875,5.0625,5.125,3600.0
1995-10-13,False,daily,20.75,20.75,20.25,20.25,2900.0,5.1875,5.1875,5.0625,5.0625,11600.0
1995-10-12,False,daily,20.25,20.25,20.25,20.25,700.0,5.0625,5.0625,5.0625,5.0625,2800.0
1995-10-11,False,daily,20.25,20.75,20.25,20.25,2700.0,5.0625,5.1875,5.0625,5.0625,10800.0
1995-10-10,False,daily,20.75,20.75,20.25,20.25,108800.0,5.1875,5.1875,5.0625,5.0625,435200.0
1995-10-09,False,daily,20.62,20.75,20.25,20.25,44200.0,5.155,5.1875,5.0625,5.0625,176800.0
1995-10-06,False,daily,20.0,20.75,20.0,20.75,1200.0,5.0,5.1875,5.0,5.1875,4800.0
1995-10-05,False,daily,20.38,20.5,20.0,20.0,40500.0,5.095,5.125,5.0,5.0,162000.0
1995-10-04,False,daily,20.38,20.75,20.0,20.38,7400.0,5.095,5.1875,5.0,5.095,29600.0
1995-10-03,False,daily,20.75,20.75,20.5,20.75,1300.0,5.1875,5.1875,5.125,5.1875,5200.0
1995-10-02,False,daily,20.25,20.25,20.25,20.25,1600.0,5.0625,5.0625,5.0625,5.0625,6400.0
1995-09-29,False,daily,20.0,20.5,19.5,20.25,29800.0,5.0,5.125,4.875,5.0625,119200.0
1995-09-28,False,daily,20.0,20.0,19.5,19.75,2800.0,5.0,5.0,4.875,4.9375,11200.0
1995-09-27,False,daily,19.5,20.0,19.5,19.5,9600.0,4.875,5.0,4.875,4.875,38400.0
1995-09-26,False,daily,20.25,20.25,19.5,19.5,4500.0,5.0625,5.0625,4.875,4.875,18000.0
1995-09-25,False,daily,20.0,20.25,19.5,20.0,31600.0,5.0,5.0625,4.875,5.0,126400.0
1995-09-22,False,daily,19.75,20.0,19.75,20.0,7600.0,4.9375,5.0,4.9375,5.0,30400.0
1995-09-21,False,daily,20.5,20.5,19.75,20.25,41100.0,5.125,5.125,4.9375,5.0625,164400.0
1995-09-20,False,daily,20.75,21.25,20.0,20.5,22000.0,5.1875,5.3125,5.0,5.125,88000.0
1995-09-19,False,daily,20.75,21.25,20.75,20.75,9400.0,5.1875,5.3125,5.1875,5.1875,37600.0
1995-09-18,False,daily,21.0,21.5,20.75,20.75,13900.0,5.25,5.375,5.1875,5.1875,55600.0
1995-09-15,False,daily,21.5,21.5,21.0,21.0,10300.0,5.375,5.375,5.25,5.25,41200.0
1995-09-14,False,daily,21.5,21.5,21.13,21.5,50900.0,5.375,5.375,5.2825,5.375,203600.0
1995-09-13,False,daily,21.5,21.5,21.0,21.44,41700.0,5.375,5.375,5.25,5.36,166800.0
1995-09-12,False,daily,21.0,21.5,20.75,21.0,42900.0,5.25,5.375,5.1875,5.25,171600.0
1995-09-11,False,daily,20.25,21.0,20.25,21.0,4000.0,5.0625,5.25,5.0625,5.25,16000.0
1995-09-08,False,daily,20.25,21.0,20.25,20.87,8300.0,5.0625,5.25,5.0625,5.2175,33200.0
1995-09-07,False,daily,20.0,20.75,20.0,20.5,41400.0,5.0,5.1875,5.0,5.125,165600.0
1995-09-06,False,daily,19.5,20.5,19.5,20.25,43000.0,4.875,5.125,4.875,5.0625,172000.0
1995-09-05,False,daily,19.75,20.0,19.5,20.0,8200.0,4.9375,5.0,4.875,5.0,32800.0
1995-09-01,False,daily,19.5,20.0,19.5,20.0,7000.0,4.875,5.0,4.875,5.0,28000.0
1995-08-31,False,daily,19.25,19.75,19.25,19.75,23200.0,4.8125,4.9375,4.8125,4.9375,92800.0
1995-08-30,False,daily,19.25,19.75,18.75,19.5,101900.0,4.8125,4.9375,4.6875,4.875,407600.0
1995-08-29,False,daily,18.62,19.0,18.62,19.0,18600.0,4.655,4.75,4.655,4.75,74400.0
1995-08-28,False,daily,18.75,19.0,18.5,19.0,10400.0,4.6875,4.75,4.625,4.75,41600.0
1995-08-25,False,daily,18.25,18.75,18.25,18.75,300.0,4.5625,4.6875,4.5625,4.6875,1200.0
1995-08-24,False,daily,18.25,18.75,18.25,18.25,31300.0,4.5625,4.6875,4.5625,4.5625,125200.0
1995-08-23,False,daily,18.25,18.75,18.25,18.62,27000.0,4.5625,4.6875,4.5625,4.655,108000.0
1995-08-22,False,daily,18.75,18.75,18.25,18.75,5800.0,4.6875,4.6875,4.5625,4.6875,23200.0
1995-08-21,False,daily,18.25,18.75,18.25,18.5,28300.0,4.5625,4.6875,4.5625,4.625,113200.0
1995-08-18,False,daily,18.13,18.75,18.13,18.75,29700.0,4.5325,4.6875,4.5325,4.6875,118800.0
1995-08-17,False,daily,18.75,18.75,18.0,18.31,50600.0,4.6875,4.6875,4.5,4.5775,202400.0
1995-08-16,False,daily,19.0,19.5,18.75,18.75,8000.0,4.75,4.875,4.6875,4.6875,32000.0
1995-08-15,False,daily,19.37,19.63,19.0,19.25,40200.0,4.8425,4.9075,4.75,4.8125,160800.0
1995-08-14,False,daily,19.37,19.5,19.37,19.37,7000.0,4.8425,4.875,4.8425,4.8425,28000.0
1995-08-11,False,daily,19.37,19.75,19.37,19.63,108900.0,4.8425,4.9375,4.8425,4.9075,435600.0
1995-08-10,False,daily,20.0,20.0,19.37,19.37,165500.0,5.0,5.0,4.8425,4.8425,662000.0
1995-08-09,False,daily,19.75,20.0,19.25,19.75,20600.0,4.9375,5.0,4.8125,4.9375,82400.0
1995-08-08,False,daily,19.75,19.75,19.37,19.5,25900.0,4.9375,4.9375,4.8425,4.875,103600.0
1995-08-07,False,daily,19.25,19.63,19.25,19.25,6300.0,4.8125,4.9075,4.8125,4.8125,25200.0
1995-08-04,False,daily,19.75,19.75,19.25,19.75,4400.0,4.9375,4.9375,4.8125,4.9375,17600.0
1995-08-03,False,daily,19.0,19.75,19.0,19.5,7700.0,4.75,4.9375,4.75,4.875,30800.0
1995-08-02,False,daily,19.12,19.5,19.0,19.0,107300.0,4.78,4.875,4.75,4.75,429200.0
1995-08-01,False,daily,19.63,19.63,19.0,19.12,4900.0,4.9075,4.9075,4.75,4.78,19600.0
1995-07-31,False,daily,19.63,19.75,19.0,19.5,63300.0,4.9075,4.9375,4.75,4.875,253200.0
1995-07-28,False,daily,18.25,20.0,18.25,19.5,263100.0,4.5625,5.0,4.5625,4.875,1052400.0
1995-07-27,False,daily,17.25,18.75,16.75,18.75,164700.0,4.3125,4.6875,4.1875,4.6875,658800.0
1995-07-26,False,daily,17.0,17.25,16.75,17.25,16400.0,4.25,4.3125,4.1875,4.3125,65600.0
1995-07-25,False,daily,16.5,17.0,16.5,17.0,24100.0,4.125,4.25,4.125,4.25,96400.0
1995-07-24,False,daily,16.5,17.0,16.5,17.0,13700.0,4.125,4.25,4.125,4.25,54800.0
1995-07-21,False,daily,16.75,17.25,16.75,17.0,10400.0,4.1875,4.3125,4.1875,4.25,41600.0
1995-07-20,False,daily,16.75,16.75,16.75,16.75,4600.0,4.1875,4.1875,4.1875,4.1875,18400.0
1995-07-19,False,daily,17.0,17.0,17.0,17.0,4500.0,4.25,4.25,4.25,4.25,18000.0
1995-07-18,False,daily,17.25,17.75,17.25,17.25,8100.0,4.3125,4.4375,4.3125,4.3125,32400.0
1995-07-17,False,daily,18.0,18.0,17.25,17.25,18900.0,4.5,4.5,4.3125,4.3125,75600.0
1995-07-14,False,daily,18.0,18.25,17.5,17.5,21500.0,4.5,4.5625,4.375,4.375,86000.0
1995-07-13,False,daily,18.0,18.5,18.0,18.13,21200.0,4.5,4.625,4.5,4.5325,84800.0
1995-07-12,False,daily,18.25,18.5,18.0,18.0,40900.0,4.5625,4.625,4.5,4.5,163600.0
1995-07-11,False,daily,18.5,18.5,17.75,18.13,33400.0,4.625,4.625,4.4375,4.5325,133600.0
1995-07-10,False,daily,18.5,18.5,18.0,18.13,63800.0,4.625,4.625,4.5,4.5325,255200.0
1995-07-07,False,daily,18.25,19.0,18.0,18.0,30000.0,4.5625,4.75,4.5,4.5,120000.0
1995-07-06,False,daily,19.0,19.0,18.5,18.5,17800.0,4.75,4.75,4.625,4.625,71200.0
1995-07-05,False,daily,18.5,19.0,18.38,18.88,67500.0,4.625,4.75,4.595,4.72,270000.0
1995-07-03,False,daily,17.75,18.5,17.75,18.25,26500.0,4.4375,4.625,4.4375,4.5625,106000.0
1995-06-30,False,daily,17.25,18.0,17.25,18.0,88600.0,4.3125,4.5,4.3125,4.5,354400.0
1995-06-29,False,daily,17.25,17.25,17.0,17.0,51300.0,4.3125,4.3125,4.25,4.25,205200.0
1995-06-28,False,daily,17.25,17.25,17.0,17.25,18300.0,4.3125,4.3125,4.25,4.3125,73200.0
1995-06-27,False,daily,16.75,17.12,16.75,17.0,11600.0,4.1875,4.28,4.1875,4.25,46400.0
1995-06-26,False,daily,17.25,17.25,16.75,17.0,113400.0,4.3125,4.3125,4.1875,4.25,453600.0
1995-06-23,False,daily,16.75,17.25,16.75,17.25,17200.0,4.1875,4.3125,4.1875,4.3125,68800.0
1995-06-22,False,daily,17.0,17.25,16.88,17.0,10800.0,4.25,4.3125,4.22,4.25,43200.0
1995-06-21,False,daily,16.75,16.88,16.75,16.88,8400.0,4.1875,4.22,4.1875,4.22,33600.0
1995-06-20,False,daily,17.0,17.0,16.75,17.0,17600.0,4.25,4.25,4.1875,4.25,70400.0
1995-06-19,False,daily,16.75,17.0,16.75,17.0,6300.0,4.1875,4.25,4.1875,4.25,25200.0
1995-06-16,False,daily,16.88,17.0,16.75,16.75,16900.0,4.22,4.25,4.1875,4.1875,67600.0
1995-06-15,False,daily,16.88,17.0,16.75,17.0,56600.0,4.22,4.25,4.1875,4.25,226400.0
1995-06-14,False,daily,16.75,17.0,16.75,16.75,1100.0,4.1875,4.25,4.1875,4.1875,4400.0
1995-06-13,False,daily,16.5,17.0,16.5,16.75,48300.0,4.125,4.25,4.125,4.1875,193200.0
1995-06-12,False,daily,16.75,17.0,16.5,16.75,11700.0,4.1875,4.25,4.125,4.1875,46800.0
1995-06-09,False,daily,17.25,17.25,16.5,16.5,17100.0,4.3125,4.3125,4.125,4.125,68400.0
1995-06-08,False,daily,17.25,17.25,16.5,16.5,700.0,4.3125,4.3125,4.125,4.125,2800.0
1995-06-07,False,daily,17.0,17.25,16.75,17.12,12700.0,4.25,4.3125,4.1875,4.28,50800.0
1995-06-06,False,daily,17.06,17.25,16.88,16.88,26900.0,4.265,4.3125,4.22,4.22,107600.0
1995-06-05,False,daily,16.88,17.25,16.88,17.0,9500.0,4.22,4.3125,4.22,4.25,38000.0
1995-06-02,False,daily,16.75,17.0,16.75,17.0,9600.0,4.1875,4.25,4.1875,4.25,38400.0
1995-06-01,False,daily,17.0,17.0,16.75,17.0,4200.0,4.25,4.25,4.1875,4.25,16800.0
1995-05-31,False,daily,16.75,17.0,16.75,17.0,10600.0,4.1875,4.25,4.1875,4.25,42400.0
1995-05-30,False,daily,17.0,17.0,17.0,17.0,200.0,4.25,4.25,4.25,4.25,800.0
1995-05-26,False,daily,16.88,16.88,16.5,16.88,22300.0,4.22,4.22,4.125,4.22,89200.0
1995-05-25,False,daily,16.75,17.0,16.5,16.94,52300.0,4.1875,4.25,4.125,4.235,209200.0
1995-05-24,False,daily,16.5,16.75,16.25,16.75,18600.0,4.125,4.1875,4.0625,4.1875,74400.0
1995-05-23,False,daily,16.5,16.75,16.0,16.0,4000.0,4.125,4.1875,4.0,4.0,16000.0
1995-05-22,False,daily,16.25,16.75,16.25,16.5,34800.0,4.0625,4.1875,4.0625,4.125,139200.0
1995-05-19,False,daily,16.0,16.75,16.0,16.25,8900.0,4.0,4.1875,4.0,4.0625,35600.0
1995-05-18,False,daily,16.75,16.75,16.25,16.25,71400.0,4.1875,4.1875,4.0625,4.0625,285600.0
1995-05-17,False,daily,16.75,16.75,16.25,16.75,4100.0,4.1875,4.1875,4.0625,4.1875,16400.0
1995-05-16,False,daily,16.25,16.75,16.25,16.25,54100.0,4.0625,4.1875,4.0625,4.0625,216400.0
1995-05-15,False,daily,16.25,16.75,16.25,16.25,19000.0,4.0625,4.1875,4.0625,4.0625,76000.0
1995-05-12,False,daily,16.25,16.25,16.25,16.25,200.0,4.0625,4.0625,4.0625,4.0625,800.0
1995-05-11,False,daily,16.25,16.75,16.25,16.63,24700.0,4.0625,4.1875,4.0625,4.1575,98800.0
1995-05-10,False,daily,16.25,16.75,16.25,16.37,8700.0,4.0625,4.1875,4.0625,4.0925,34800.0
1995-05-09,False,daily,16.5,17.0,16.25,16.75,23900.0,4.125,4.25,4.0625,4.1875,95600.0
1995-05-08,False,daily,16.0,16.56,15.75,16.25,45400.0,4.0,4.14,3.9375,4.0625,181600.0
1995-05-05,False,daily,15.75,16.12,15.75,15.94,6200.0,3.9375,4.03,3.9375,3.985,24800.0
1995-05-04,False,daily,16.25,16.25,15.5,16.0,65700.0,4.0625,4.0625,3.875,4.0,262800.0
1995-05-03,False,daily,15.75,15.88,15.75,15.75,17600.0,3.9375,3.97,3.9375,3.9375,70400.0
1995-05-02,False,daily,16.0,16.25,15.5,16.0,18800.0,4.0,4.0625,3.875,4.0,75200.0
1995-05-01,False,daily,16.0,16.0,15.5,15.88,36600.0,4.0,4.0,3.875,3.97,146400.0
1995-04-28,False,daily,15.5,15.5,15.5,15.5,1700.0,3.875,3.875,3.875,3.875,6800.0
1995-04-27,False,daily,16.0,16.0,15.5,15.75,105400.0,4.0,4.0,3.875,3.9375,421600.0
1995-04-26,False,daily,15.25,16.0,15.0,15.5,65000.0,3.8125,4.0,3.75,3.875,260000.0
1995-04-25,False,daily,15.25,15.25,14.75,15.25,7800.0,3.8125,3.8125,3.6875,3.8125,31200.0
1995-04-24,False,daily,15.25,15.25,14.75,15.25,8200.0,3.8125,3.8125,3.6875,3.8125,32800.0
1995-04-21,False,daily,15.0,15.38,14.75,15.13,36200.0,3.75,3.845,3.6875,3.7825,144800.0
1995-04-20,False,daily,14.75,15.0,14.75,15.0,6700.0,3.6875,3.75,3.6875,3.75,26800.0
1995-04-19,False,daily,14.75,15.0,14.5,14.87,39400.0,3.6875,3.75,3.625,3.7175,157600.0
1995-04-18,False,daily,14.25,14.75,14.12,14.5,170100.0,3.5625,3.6875,3.53,3.625,680400.0
1995-04-17,False,daily,14.0,14.25,14.0,14.0,4300.0,3.5,3.5625,3.5,3.5,17200.0
1995-04-13,False,daily,14.25,14.25,13.75,13.75,7700.0,3.5625,3.5625,3.4375,3.4375,30800.0
1995-04-12,False,daily,14.25,14.25,13.75,14.25,4000.0,3.5625,3.5625,3.4375,3.5625,16000.0
1995-04-11,False,daily,14.5,14.5,13.75,14.12,7200.0,3.625,3.625,3.4375,3.53,28800.0
1995-04-10,False,daily,14.0,14.12,13.75,13.75,24400.0,3.5,3.53,3.4375,3.4375,97600.0
1995-04-07,False,daily,13.75,13.75,13.75,13.75,1400.0,3.4375,3.4375,3.4375,3.4375,5600.0
1995-04-06,False,daily,13.81,14.0,13.75,14.0,66800.0,3.4525,3.5,3.4375,3.5,267200.0
1995-04-05,False,daily,13.88,14.0,13.75,13.75,43300.0,3.47,3.5,3.4375,3.4375,173200.0
1995-04-04,False,daily,14.25,14.25,13.75,13.75,400.0,3.5625,3.5625,3.4375,3.4375,1600.0
1995-04-03,False,daily,13.88,14.5,13.75,14.0,92400.0,3.47,3.625,3.4375,3.5,369600.0
1995-03-31,False,daily,14.5,14.5,14.12,14.5,4300.0,3.625,3.625,3.53,3.625,17200.0
1995-03-30,False,daily,13.75,14.44,13.75,13.88,9900.0,3.4375,3.61,3.4375,3.47,39600.0
1995-03-29,False,daily,14.19,14.5,14.0,14.25,16500.0,3.5475,3.625,3.5,3.5625,66000.0
1995-03-28,False,daily,14.25,14.25,13.88,13.88,15400.0,3.5625,3.5625,3.47,3.47,61600.0
1995-03-27,False,daily,14.25,14.25,14.25,14.25,500.0,3.5625,3.5625,3.5625,3.5625,2000.0
1995-03-24,False,daily,13.75,14.0,13.75,13.75,55200.0,3.4375,3.5,3.4375,3.4375,220800.0
1995-03-23,False,daily,13.81,13.81,13.75,13.75,8200.0,3.4525,3.4525,3.4375,3.4375,32800.0
1995-03-22,False,daily,13.75,13.81,13.75,13.81,600.0,3.4375,3.4525,3.4375,3.4525,2400.0
1995-03-21,False,daily,14.0,14.25,13.75,14.0,17200.0,3.5,3.5625,3.4375,3.5,68800.0
1995-03-20,False,daily,14.0,14.5,13.75,14.12,146000.0,3.5,3.625,3.4375,3.53,584000.0
1995-03-17,False,daily,13.75,13.75,13.75,13.75,300.0,3.4375,3.4375,3.4375,3.4375,1200.0
1995-03-16,False,daily,13.75,14.0,13.75,13.75,16000.0,3.4375,3.5,3.4375,3.4375,64000.0
1995-03-15,False,daily,14.12,14.12,13.88,13.88,3900.0,3.53,3.53,3.47,3.47,15600.0
1995-03-14,False,daily,14.0,14.5,13.75,14.25,7700.0,3.5,3.625,3.4375,3.5625,30800.0
1995-03-13,False,daily,14.25,14.25,13.75,13.75,14700.0,3.5625,3.5625,3.4375,3.4375,58800.0
1995-03-10,False,daily,13.5,13.63,13.5,13.63,1800.0,3.375,3.4075,3.375,3.4075,7200.0
1995-03-09,False,daily,13.75,13.75,13.5,13.5,2900.0,3.4375,3.4375,3.375,3.375,11600.0
1995-03-08,False,daily,13.75,14.0,13.5,13.5,26900.0,3.4375,3.5,3.375,3.375,107600.0
1995-03-07,False,daily,14.25,14.25,13.5,13.5,18500.0,3.5625,3.5625,3.375,3.375,74000.0
1995-03-06,False,daily,14.5,14.5,13.75,14.0,17600.0,3.625,3.625,3.4375,3.5,70400.0
1995-03-03,False,daily,14.75,14.75,14.75,14.75,0.0,3.6875,3.6875,3.6875,3.6875,0.0
1995-03-02,False,daily,14.5,14.75,14.5,14.75,5700.0,3.625,3.6875,3.625,3.6875,22800.0
1995-03-01,False,daily,14.62,14.62,14.5,14.5,3800.0,3.655,3.655,3.625,3.625,15200.0
1995-02-28,False,daily,15.0,15.0,14.5,14.75,12200.0,3.75,3.75,3.625,3.6875,48800.0
1995-02-27,False,daily,14.75,15.0,14.5,14.5,10100.0,3.6875,3.75,3.625,3.625,40400.0
1995-02-24,False,daily,14.5,15.0,14.5,14.62,8600.0,3.625,3.75,3.625,3.655,34400.0
1995-02-23,False,daily,14.87,15.0,14.5,15.0,4300.0,3.7175,3.75,3.625,3.75,17200.0
1995-02-22,False,daily,14.12,15.0,14.12,15.0,32200.0,3.53,3.75,3.53,3.75,128800.0
1995-02-21,False,daily,14.12,14.38,14.12,14.31,11500.0,3.53,3.595,3.53,3.5775,46000.0
1995-02-17,False,daily,14.38,14.38,14.12,14.12,9400.0,3.595,3.595,3.53,3.53,37600.0
1995-02-16,False,daily,14.5,14.5,14.0,14.25,28600.0,3.625,3.625,3.5,3.5625,114400.0
1995-02-15,False,daily,14.25,14.25,14.0,14.0,2900.0,3.5625,3.5625,3.5,3.5,11600.0
1995-02-14,False,daily,14.25,14.25,14.0,14.12,35700.0,3.5625,3.5625,3.5,3.53,142800.0
1995-02-13,False,daily,13.75,14.5,13.75,14.25,33500.0,3.4375,3.625,3.4375,3.5625,134000.0
1995-02-10,False,daily,13.5,14.25,13.5,13.88,41400.0,3.375,3.5625,3.375,3.47,165600.0
1995-02-09,False,daily,13.5,13.5,13.5,13.5,800.0,3.375,3.375,3.375,3.375,3200.0
1995-02-08,False,daily,14.25,14.25,13.63,13.88,9800.0,3.5625,3.5625,3.4075,3.47,39200.0
1995-02-07,False,daily,13.63,14.25,13.63,14.0,13700.0,3.4075,3.5625,3.4075,3.5,54800.0
1995-02-06,False,daily,13.5,14.0,13.5,13.88,2200.0,3.375,3.5,3.375,3.47,8800.0
1995-02-03,False,daily,13.5,14.25,13.5,14.0,4800.0,3.375,3.5625,3.375,3.5,19200.0
1995-02-02,False,daily,13.5,14.25,13.5,14.0,11200.0,3.375,3.5625,3.375,3.5,44800.0
1995-02-01,False,daily,13.5,14.0,13.5,14.0,1100.0,3.375,3.5,3.375,3.5,4400.0
1995-01-31,False,daily,14.25,14.25,13.81,13.81,10200.0,3.5625,3.5625,3.4525,3.4525,40800.0
1995-01-30,False,daily,13.5,13.5,13.5,13.5,2900.0,3.375,3.375,3.375,3.375,11600.0
1995-01-27,False,daily,13.63,14.0,13.5,13.5,114300.0,3.4075,3.5,3.375,3.375,457200.0
1995-01-26,False,daily,13.5,14.0,13.5,14.0,3800.0,3.375,3.5,3.375,3.5,15200.0
1995-01-25,False,daily,13.75,13.88,13.56,13.75,27700.0,3.4375,3.47,3.39,3.4375,110800.0
1995-01-24,False,daily,13.75,13.75,13.5,13.63,15300.0,3.4375,3.4375,3.375,3.4075,61200.0
1995-01-23,False,daily,13.5,13.75,13.5,13.75,68800.0,3.375,3.4375,3.375,3.4375,275200.0
1995-01-20,False,daily,13.75,13.75,13.75,13.75,200.0,3.4375,3.4375,3.4375,3.4375,800.0
1995-01-19,False,daily,13.5,13.69,13.5,13.69,17300.0,3.375,3.4225,3.375,3.4225,69200.0
1995-01-18,False,daily,13.63,13.75,13.5,13.75,16500.0,3.4075,3.4375,3.375,3.4375,66000.0
1995-01-17,False,daily,13.5,13.75,13.5,13.75,12000.0,3.375,3.4375,3.375,3.4375,48000.0
1995-01-16,False,daily,13.5,13.75,13.5,13.56,11300.0,3.375,3.4375,3.375,3.39,45200.0
1995-01-13,False,daily,13.25,13.75,13.25,13.5,13300.0,3.3125,3.4375,3.3125,3.375,53200.0
1995-01-12,False,daily,13.25,13.5,13.25,13.37,21700.0,3.3125,3.375,3.3125,3.3425,86800.0
1995-01-11,False,daily,13.0,13.25,13.0,13.0,21300.0,3.25,3.3125,3.25,3.25,85200.0
1995-01-10,False,daily,13.37,13.37,13.0,13.37,5800.0,3.3425,3.3425,3.25,3.3425,23200.0
1995-01-09,False,daily,13.0,13.5,13.0,13.5,63800.0,3.25,3.375,3.25,3.375,255200.0
1995-01-06,False,daily,13.5,13.5,13.25,13.5,2000.0,3.375,3.375,3.3125,3.375,8000.0
1995-01-05,False,daily,13.25,13.5,13.25,13.37,6300.0,3.3125,3.375,3.3125,3.3425,25200.0
1995-01-04,False,daily,13.5,13.5,13.0,13.0,17800.0,3.375,3.375,3.25,3.25,71200.0
1995-01-03,False,daily,13.25,13.5,13.25,13.25,12300.0,3.3125,3.375,3.3125,3.3125,49200.0
1996-12-31,False,daily,31.0,32.5,31.0,32.25,76700.0,7.75,8.125,7.75,8.0625,306800.0
1996-12-30,False,daily,31.5,31.5,30.75,31.5,12000.0,7.875,7.875,7.6875,7.875,48000.0
1996-12-27,False,daily,29.75,30.25,29.75,29.75,10400.0,7.4375,7.5625,7.4375,7.4375,41600.0
1996-12-26,False,daily,29.0,30.375,29.0,30.25,0.0,7.25,7.59375,7.25,7.5625,0.0
1996-12-24,False,daily,31.0,31.5,30.75,31.12,63500.0,7.75,7.875,7.6875,7.78,254000.0
1996-12-23,False,daily,31.5,31.5,30.75,31.12,6700.0,7.875,7.875,7.6875,7.78,26800.0
1996-12-20,False,daily,27.75,28.125,27.75,28.125,4600.0,6.9375,7.03125,6.9375,7.03125,18400.0
1996-12-19,False,daily,28.25,28.25,27.75,27.75,3000.0,7.0625,7.0625,6.9375,6.9375,12000.0
1996-12-18,False,daily,27.75,28.25,27.75,27.75,5700.0,6.9375,7.0625,6.9375,6.9375,22800.0
1996-12-17,False,daily,31.0,31.25,30.75,31.25,8400.0,7.75,7.8125,7.6875,7.8125,33600.0
1996-12-16,False,daily,31.25,31.75,30.81,30.81,79900.0,7.8125,7.9375,7.7025,7.7025,319600.0
1996-12-13,False,daily,27.5,28.5,27.25,28.0,10300.0,6.875,7.125,6.8125,7.0,41200.0
1996-12-12,False,daily,27.25,27.75,27.25,27.25,66400.0,6.8125,6.9375,6.8125,6.8125,265600.0
1996-12-11,False,daily,27.75,27.75,27.75,27.75,6700.0,6.9375,6.9375,6.9375,6.9375,26800.0
1996-12-10,False,daily,31.0,31.0,30.5,30.5,60700.0,7.75,7.75,7.625,7.625,242800.0
1996-12-09,False,daily,30.75,31.25,30.5,31.25,24100.0,7.6875,7.8125,7.625,7.8125,96400.0
1996-12-06,False,daily,27.0,27.25,27.0,27.125,18100.0,6.75,6.8125,6.75,6.78125,72400.0
1996-12-05,False,daily,26.75,27.25,26.5,27.0,179700.0,6.6875,6.8125,6.625,6.75,718800.0
1996-12-04,False,daily,30.75,30.75,30.0,30.0,75300.0,7.6875,7.6875,7.5,7.5,301200.0
1996-12-03,False,daily,30.25,30.75,30.25,30.75,16600.0,7.5625,7.6875,7.5625,7.6875,66400.0
1996-12-02,False,daily,30.25,30.25,29.75,30.25,33300.0,7.5625,7.5625,7.4375,7.5625,133200.0
1996-11-29,False,daily,26.25,26.25,25.875,26.125,7400.0,6.5625,6.5625,6.46875,6.53125,29600.0
1996-11-27,False,daily,29.75,30.25,29.75,29.75,5700.0,7.4375,7.5625,7.4375,7.4375,22800.0
1996-11-26,False,daily,29.0,30.38,29.0,30.25,89600.0,7.25,7.595,7.25,7.5625,358400.0
1996-11-25,False,daily,27.0,27.25,27.0,27.0,70200.0,6.75,6.8125,6.75,6.75,280800.0
1996-11-22,False,daily,28.0,28.5,28.0,28.0,500.0,7.0,7.125,7.0,7.0,2000.0
1996-11-21,False,daily,28.0,28.0,28.0,28.0,22300.0,7.0,7.0,7.0,7.0,89200.0
1996-11-20,False,daily,27.75,28.12,27.75,28.12,4000.0,6.9375,7.03,6.9375,7.03,16000.0
1996-11-19,False,daily,28.25,28.25,27.75,27.75,3500.0,7.0625,7.0625,6.9375,6.9375,14000.0
1996-11-18,False,daily,28.25,28.25,27.75,27.75,3900.0,7.0625,7.0625,6.9375,6.9375,15600.0
1996-11-15,False,daily,28.25,28.25,28.25,28.25,1400.0,7.0625,7.0625,7.0625,7.0625,5600.0
1996-11-14,False,daily,29.0,29.0,28.25,29.0,24600.0,7.25,7.25,7.0625,7.25,98400.0
1996-11-13,False,daily,27.25,28.5,27.25,28.0,21900.0,6.8125,7.125,6.8125,7.0,87600.0
1996-11-12,False,daily,27.25,27.75,27.25,27.25,1300.0,6.8125,6.9375,6.8125,6.8125,5200.0
1996-11-11,False,daily,28.75,29.0,28.25,29.0,5100.0,7.1875,7.25,7.0625,7.25,20400.0
1996-11-08,False,daily,29.25,29.5,28.0,29.0,3600.0,7.3125,7.375,7.0,7.25,14400.0
1996-11-07,False,daily,28.0,28.25,27.25,28.125,20900.0,7.0,7.0625,6.8125,7.03125,83600.0
1996-11-06,False,daily,27.0,27.25,27.0,27.12,11500.0,6.75,6.8125,6.75,6.78,46000.0
1996-11-05,False,daily,26.75,27.25,26.5,27.0,49200.0,6.6875,6.8125,6.625,6.75,196800.0
1996-11-04,False,daily,27.5,27.75,27.25,27.75,0.0,6.875,6.9375,6.8125,6.9375,0.0
1996-11-01,False,daily,28.25,28.25,27.25,27.75,15800.0,7.0625,7.0625,6.8125,6.9375,63200.0
1996-10-31,False,daily,26.5,26.5,26.12,26.12,3500.0,6.625,6.625,6.53,6.53,14000.0
1996-10-30,False,daily,27.5,28.25,27.25,28.25,0.0,6.875,7.0625,6.8125,7.0625,0.0
1996-10-29,False,daily,26.25,26.25,25.88,26.12,21200.0,6.5625,6.5625,6.47,6.53,84800.0
1996-10-28,False,daily,27.25,27.25,25.88,25.88,53100.0,6.8125,6.8125,6.47,6.47,212400.0
1996-10-25,False,daily,27.25,27.25,26.75,27.0,3800.0,6.8125,6.8125,6.6875,6.75,15200.0
1996-10-24,False,daily,27.0,27.375,26.25,27.25,1100.0,6.75,6.84375,6.5625,6.8125,4400.0
1996-10-23,False,daily,26.0,27.25,26.0,26.875,25900.0,6.5,6.8125,6.5,6.71875,103600.0
1996-10-22,False,daily,28.0,28.5,28.0,28.0,3600.0,7.0,7.125,7.0,7.0,14400.0
1996-10-21,False,daily,28.0,28.0,28.0,28.0,300.0,7.0,7.0,7.0,7.0,1200.0
1996-10-18,False,daily,28.5,28.5,28.5,28.5,0.0,7.125,7.125,7.125,7.125,0.0
1996-10-17,False,daily,24.0,24.25,24.0,24.25,10600.0,6.0,6.0625,6.0,6.0625,42400.0
1996-10-16,False,daily,24.5,24.5,24.0,24.25,16800.0,6.125,6.125,6.0,6.0625,67200.0
1996-10-15,False,daily,28.25,28.25,28.25,28.25,2600.0,7.0625,7.0625,7.0625,7.0625,10400.0
1996-10-14,False,daily,29.0,29.0,28.25,29.0,4600.0,7.25,7.25,7.0625,7.25,18400.0
1996-10-11,False,daily,24.0,24.125,24.0,24.0,4800.0,6.0,6.03125,6.0,6.0,19200.0
1996-10-10,False,daily,24.25,24.5,24.25,24.5,32500.0,6.0625,6.125,6.0625,6.125,130000.0
1996-10-09,False,daily,24.25,24.375,24.25,24.375,91900.0,6.0625,6.09375,6.0625,6.09375,367600.0
1996-10-08,False,daily,28.0,29.5,28.0,29.0,85600.0,7.0,7.375,7.0,7.25,342400.0
1996-10-07,False,daily,27.25,28.25,27.25,28.12,52900.0,6.8125,7.0625,6.8125,7.03,211600.0
1996-10-04,False,daily,25.5,25.5,24.75,25.25,13900.0,6.375,6.375,6.1875,6.3125,55600.0
1996-10-03,False,daily,25.125,25.125,24.75,25.0,21200.0,6.28125,6.28125,6.1875,6.25,84800.0
1996-10-02,False,daily,27.88,28.0,27.25,27.25,25900.0,6.97,7.0,6.8125,6.8125,103600.0
1996-10-01,False,daily,28.25,28.25,27.25,27.75,30000.0,7.0625,7.0625,6.8125,6.9375,120000.0
1996-09-30,False,daily,24.75,25.5,24.75,25.5,40100.0,6.1875,6.375,6.1875,6.375,160400.0
1996-09-27,False,daily,24.75,24.75,24.75,24.75,4400.0,6.1875,6.1875,6.1875,6.1875,17600.0
1996-09-26,False,daily,24.875,25.0,24.75,25.0,16600.0,6.21875,6.25,6.1875,6.25,66400.0
1996-09-25,False,daily,27.25,27.25,26.75,27.0,8000.0,6.8125,6.8125,6.6875,6.75,32000.0
1996-09-24,False,daily,26.5,27.38,26.25,27.25,50500.0,6.625,6.845,6.5625,6.8125,202000.0
1996-09-23,False,daily,26.0,27.25,26.0,26.88,80300.0,6.5,6.8125,6.5,6.72,321200.0
1996-09-20,False,daily,25.25,25.625,25.25,25.625,53300.0,6.3125,6.40625,6.3125,6.40625,213200.0
1996-09-19,False,daily,25.25,25.75,24.75,25.75,104900.0,6.3125,6.4375,6.1875,6.4375,419600.0
1996-09-18,False,daily,24.25,24.25,24.25,24.25,0.0,6.0625,6.0625,6.0625,6.0625,0.0
1996-09-17,False,daily,24.0,24.25,24.0,24.25,1600.0,6.0,6.0625,6.0,6.0625,6400.0
1996-09-16,False,daily,24.75,25.5,24.625,25.0625,5200.0,6.1875,6.375,6.15625,6.265625,20800.0
1996-09-13,False,daily,23.75,24.75,23.75,24.5,6700.0,5.9375,6.1875,5.9375,6.125,26800.0
1996-09-12,False,daily,24.125,24.125,23.75,23.75,2000.0,6.03125,6.03125,5.9375,5.9375,8000.0
1996-09-11,False,daily,24.0,24.12,24.0,24.0,4600.0,6.0,6.03,6.0,6.0,18400.0
1996-09-10,False,daily,24.25,24.5,24.25,24.5,6600.0,6.0625,6.125,6.0625,6.125,26400.0
1996-09-09,False,daily,24.0,24.5,23.75,23.75,800.0,6.0,6.125,5.9375,5.9375,3200.0
1996-09-06,False,daily,24.0,24.5,23.75,24.5,11200.0,6.0,6.125,5.9375,6.125,44800.0
1996-09-05,False,daily,24.25,24.25,23.75,24.25,10600.0,6.0625,6.0625,5.9375,6.0625,42400.0
1996-09-04,False,daily,25.5,25.5,24.75,25.25,9000.0,6.375,6.375,6.1875,6.3125,36000.0
1996-09-03,False,daily,25.12,25.12,24.75,25.0,18000.0,6.28,6.28,6.1875,6.25,72000.0
1996-08-30,False,daily,23.5,24.25,23.5,24.25,1800.0,5.875,6.0625,5.875,6.0625,7200.0
1996-08-29,False,daily,23.5,24.25,23.5,24.0,6100.0,5.875,6.0625,5.875,6.0,24400.0
1996-08-28,False,daily,24.75,25.12,24.75,24.75,16900.0,6.1875,6.28,6.1875,6.1875,67600.0
1996-08-27,False,daily,24.75,24.75,24.75,24.75,20100.0,6.1875,6.1875,6.1875,6.1875,80400.0
1996-08-26,False,daily,23.5,24.125,23.5,24.125,7200.0,5.875,6.03125,5.875,6.03125,28800.0
1996-08-23,False,daily,24.5,24.5,23.75,24.5,0.0,6.125,6.125,5.9375,6.125,0.0
1996-08-22,False,daily,24.125,24.25,23.75,24.25,5900.0,6.03125,6.0625,5.9375,6.0625,23600.0
1996-08-21,False,daily,25.25,26.0,24.88,25.0,24300.0,6.3125,6.5,6.22,6.25,97200.0
1996-08-20,False,daily,25.25,25.62,25.25,25.62,7800.0,6.3125,6.405,6.3125,6.405,31200.0
1996-08-19,False,daily,24.25,24.25,23.75,24.25,20900.0,6.0625,6.0625,5.9375,6.0625,83600.0
1996-08-16,False,daily,24.25,24.25,22.625,23.5,56600.0,6.0625,6.0625,5.65625,5.875,226400.0
1996-08-15,False,daily,25.0,25.0,24.25,24.25,4300.0,6.25,6.25,6.0625,6.0625,17200.0
1996-08-14,False,daily,24.62,24.62,24.25,24.25,6100.0,6.155,6.155,6.0625,6.0625,24400.0
1996-08-13,False,daily,23.75,24.75,23.75,24.5,19700.0,5.9375,6.1875,5.9375,6.125,78800.0
1996-08-12,False,daily,24.25,25.0,24.25,25.0,900.0,6.0625,6.25,6.0625,6.25,3600.0
1996-08-09,False,daily,24.75,25.25,24.5,24.75,2900.0,6.1875,6.3125,6.125,6.1875,11600.0
1996-08-08,False,daily,24.875,25.125,24.75,24.875,7400.0,6.21875,6.28125,6.1875,6.21875,29600.0
1996-08-07,False,daily,24.5,24.5,23.75,23.75,10900.0,6.125,6.125,5.9375,5.9375,43600.0
1996-08-06,False,daily,24.0,24.5,23.75,24.5,30000.0,6.0,6.125,5.9375,6.125,120000.0
1996-08-05,False,daily,24.25,24.25,23.75,24.25,22800.0,6.0625,6.0625,5.9375,6.0625,91200.0
1996-08-02,False,daily,24.5,25.25,24.5,24.625,800.0,6.125,6.3125,6.125,6.15625,3200.0
1996-08-01,False,daily,25.5,26.0,24.5,25.25,700.0,6.375,6.5,6.125,6.3125,2800.0
1996-07-31,False,daily,24.0,24.25,23.5,24.0,36300.0,6.0,6.0625,5.875,6.0,145200.0
1996-07-30,False,daily,23.5,24.25,23.5,24.25,900.0,5.875,6.0625,5.875,6.0625,3600.0
1996-07-29,False,daily,23.5,24.25,23.5,24.0,2900.0,5.875,6.0625,5.875,6.0,11600.0
1996-07-26,False,daily,24.0,24.75,23.75,23.75,7700.0,6.0,6.1875,5.9375,5.9375,30800.0
1996-07-25,False,daily,24.375,24.375,24.0,24.25,2400.0,6.09375,6.09375,6.0,6.0625,9600.0
1996-07-24,False,daily,24.0,24.75,24.0,24.125,39900.0,6.0,6.1875,6.0,6.03125,159600.0
1996-07-23,False,daily,24.5,24.5,23.75,24.5,2600.0,6.125,6.125,5.9375,6.125,10400.0
1996-07-22,False,daily,24.12,24.25,23.75,24.25,16600.0,6.03,6.0625,5.9375,6.0625,66400.0
1996-07-19,False,daily,25.25,25.25,24.25,24.25,53300.0,6.3125,6.3125,6.0625,6.0625,213200.0
1996-07-18,False,daily,24.75,24.75,24.75,24.75,47000.0,6.1875,6.1875,6.1875,6.1875,188000.0
1996-07-17,False,daily,25.25,25.25,24.5,25.0,21600.0,6.3125,6.3125,6.125,6.25,86400.0
1996-07-16,False,daily,24.25,24.25,22.62,23.5,59700.0,6.0625,6.0625,5.655,5.875,238800.0
1996-07-15,False,daily,25.0,25.0,24.25,24.25,14700.0,6.25,6.25,6.0625,6.0625,58800.0
1996-07-12,False,daily,24.5,25.25,24.5,24.5,3000.0,6.125,6.3125,6.125,6.125,12000.0
1996-07-11,False,daily,25.5,25.5,24.75,24.75,9400.0,6.375,6.375,6.1875,6.1875,37600.0
1996-07-10,False,daily,24.5,25.0,24.5,25.0,3400.0,6.125,6.25,6.125,6.25,13600.0
1996-07-09,False,daily,24.75,25.25,24.5,24.75,43400.0,6.1875,6.3125,6.125,6.1875,173600.0
1996-07-08,False,daily,24.88,25.12,24.75,24.88,88500.0,6.22,6.28,6.1875,6.22,354000.0
1996-07-05,False,daily,24.75,25.5,24.75,25.25,0.0,6.1875,6.375,6.1875,6.3125,0.0
1996-07-03,False,daily,24.25,24.5,24.25,24.5,4100.0,6.0625,6.125,6.0625,6.125,16400.0
1996-07-02,False,daily,25.25,25.25,24.5,24.62,16300.0,6.3125,6.3125,6.125,6.155,65200.0
1996-07-01,False,daily,24.5,24.5,24.375,24.375,54100.0,6.125,6.125,6.09375,6.09375,216400.0
1996-06-28,False,daily,24.5,24.75,24.25,24.25,121300.0,6.125,6.1875,6.0625,6.0625,485200.0
1996-06-27,False,daily,23.75,24.25,23.75,24.25,3000.0,5.9375,6.0625,5.9375,6.0625,12000.0
1996-06-26,False,daily,24.0,24.75,23.75,23.75,26600.0,6.0,6.1875,5.9375,5.9375,106400.0
1996-06-25,False,daily,24.38,24.38,24.0,24.25,2500.0,6.095,6.095,6.0,6.0625,10000.0
1996-06-24,False,daily,24.25,24.75,24.25,24.75,2500.0,6.0625,6.1875,6.0625,6.1875,10000.0
1996-06-21,False,daily,24.5,24.875,24.5,24.5,2800.0,6.125,6.21875,6.125,6.125,11200.0
1996-06-20,False,daily,25.5,25.5,24.5,25.25,12100.0,6.375,6.375,6.125,6.3125,48400.0
1996-06-19,False,daily,25.25,25.25,24.25,24.25,28100.0,6.3125,6.3125,6.0625,6.0625,112400.0
1996-06-18,False,daily,24.75,24.75,24.75,24.75,4600.0,6.1875,6.1875,6.1875,6.1875,18400.0
1996-06-17,False,daily,25.5,25.75,25.5,25.5,8400.0,6.375,6.4375,6.375,6.375,33600.0
1996-06-14,False,daily,25.5,26.75,25.5,26.5,800.0,6.375,6.6875,6.375,6.625,3200.0
1996-06-13,False,daily,24.875,26.0,24.875,25.5,500.0,6.21875,6.5,6.21875,6.375,2000.0
1996-06-12,False,daily,24.5,25.25,24.5,24.5,32800.0,6.125,6.3125,6.125,6.125,131200.0
1996-06-11,False,daily,25.5,25.5,24.75,24.75,29900.0,6.375,6.375,6.1875,6.1875,119600.0
1996-06-10,False,daily,24.25,25.25,24.25,25.125,121400.0,6.0625,6.3125,6.0625,6.28125,485600.0
1996-06-07,False,daily,24.75,25.0,24.25,25.0,112800.0,6.1875,6.25,6.0625,6.25,451200.0
1996-06-06,False,daily,23.75,24.75,23.75,24.75,39100.0,5.9375,6.1875,5.9375,6.1875,156400.0
1996-06-05,False,daily,24.75,25.5,24.75,25.25,1900.0,6.1875,6.375,6.1875,6.3125,7600.0
1996-06-04,False,daily,24.25,25.5,24.25,25.5,37500.0,6.0625,6.375,6.0625,6.375,150000.0
1996-06-03,False,daily,23.75,24.25,23.5,24.25,5200.0,5.9375,6.0625,5.875,6.0625,20800.0
1996-05-31,False,daily,24.5,24.5,24.38,24.38,2300.0,6.125,6.125,6.095,6.095,9200.0
1996-05-30,False,daily,22.75,23.75,22.75,23.25,51400.0,5.6875,5.9375,5.6875,5.8125,205600.0
1996-05-29,False,daily,22.75,23.25,22.75,23.25,10500.0,5.6875,5.8125,5.6875,5.8125,42000.0
1996-05-28,False,daily,24.25,24.75,24.25,24.25,39900.0,6.0625,6.1875,6.0625,6.0625,159600.0
1996-05-24,False,daily,23.25,23.5,23.0,23.0,39200.0,5.8125,5.875,5.75,5.75,156800.0
1996-05-23,False,daily,23.75,23.875,23.5,23.5,40300.0,5.9375,5.96875,5.875,5.875,161200.0
1996-05-22,False,daily,24.0,24.5,23.75,23.75,23300.0,6.0,6.125,5.9375,5.9375,93200.0
1996-05-21,False,daily,24.5,24.88,24.5,24.5,4800.0,6.125,6.22,6.125,6.125,19200.0
1996-05-20,False,daily,25.5,25.5,24.5,25.25,40900.0,6.375,6.375,6.125,6.3125,163600.0
1996-05-17,False,daily,23.75,24.125,23.75,24.0,13500.0,5.9375,6.03125,5.9375,6.0,54000.0
1996-05-16,False,daily,23.75,24.25,23.75,23.75,26100.0,5.9375,6.0625,5.9375,5.9375,104400.0
1996-05-15,False,daily,23.75,24.25,23.75,24.25,93400.0,5.9375,6.0625,5.9375,6.0625,373600.0
1996-05-14,False,daily,26.0,26.75,25.5,26.5,51700.0,6.5,6.6875,6.375,6.625,206800.0
1996-05-13,False,daily,24.88,26.0,24.88,25.5,43800.0,6.22,6.5,6.22,6.375,175200.0
1996-05-10,False,daily,24.0,24.0,23.5,23.75,27800.0,6.0,6.0,5.875,5.9375,111200.0
1996-05-09,False,daily,23.0,24.25,23.0,24.0,44700.0,5.75,6.0625,5.75,6.0,178800.0
1996-05-08,False,daily,23.5,23.625,23.0,23.5,24400.0,5.875,5.90625,5.75,5.875,97600.0
1996-05-07,False,daily,24.75,25.0,24.25,25.0,42400.0,6.1875,6.25,6.0625,6.25,169600.0
1996-05-06,False,daily,23.75,24.75,23.75,24.75,26700.0,5.9375,6.1875,5.9375,6.1875,106800.0
1996-05-03,False,daily,23.5,23.75,23.0,23.5,16900.0,5.875,5.9375,5.75,5.875,67600.0
1996-05-02,False,daily,23.5,24.0,23.5,23.5625,25400.0,5.875,6.0,5.875,5.890625,101600.0
1996-05-01,False,daily,22.75,23.5,22.75,23.375,75000.0,5.6875,5.875,5.6875,5.84375,300000.0
1996-04-30,False,daily,22.75,23.75,22.75,23.25,37400.0,5.6875,5.9375,5.6875,5.8125,149600.0
1996-04-29,False,daily,22.8125,23.0,22.75,22.75,9300.0,5.703125,5.75,5.6875,5.6875,37200.0
1996-04-26,False,daily,22.0,22.25,21.5,22.25,6000.0,5.5,5.5625,5.375,5.5625,24000.0
1996-04-25,False,daily,21.5,22.0,21.5,22.0,19100.0,5.375,5.5,5.375,5.5,76400.0
1996-04-24,False,daily,23.25,23.5,23.0,23.0,27600.0,5.8125,5.875,5.75,5.75,110400.0
1996-04-23,False,daily,23.75,23.88,23.5,23.5,19600.0,5.9375,5.97,5.875,5.875,78400.0
1996-04-22,False,daily,21.5,22.0,21.5,21.5,31300.0,5.375,5.5,5.375,5.375,125200.0
1996-04-19,False,daily,21.5,22.0,21.5,21.875,21100.0,5.375,5.5,5.375,5.46875,84400.0
1996-04-18,False,daily,21.5,21.5,21.5,21.5,10900.0,5.375,5.375,5.375,5.375,43600.0
1996-04-17,False,daily,23.75,24.12,23.75,24.0,54700.0,5.9375,6.03,5.9375,6.0,218800.0
1996-04-16,False,daily,23.75,24.25,23.75,23.75,20400.0,5.9375,6.0625,5.9375,5.9375,81600.0
1996-04-15,False,daily,21.5,21.5,21.5,21.5,11200.0,5.375,5.375,5.375,5.375,44800.0
1996-04-12,False,daily,21.875,21.875,21.5,21.5,5500.0,5.46875,5.46875,5.375,5.375,22000.0
1996-04-11,False,daily,21.5,21.875,21.5,21.875,18300.0,5.375,5.46875,5.375,5.46875,73200.0
1996-04-10,False,daily,24.0,24.0,23.5,23.75,39600.0,6.0,6.0,5.875,5.9375,158400.0
1996-04-09,False,daily,23.0,24.25,23.0,24.0,36300.0,5.75,6.0625,5.75,6.0,145200.0
1996-04-08,False,daily,21.75,22.25,21.5,21.5,52500.0,5.4375,5.5625,5.375,5.375,210000.0
1996-04-04,False,daily,21.75,22.25,21.75,22.25,5800.0,5.4375,5.5625,5.4375,5.5625,23200.0
1996-04-03,False,daily,23.5,23.75,23.0,23.5,42900.0,5.875,5.9375,5.75,5.875,171600.0
1996-04-02,False,daily,23.5,24.0,23.5,23.56,57600.0,5.875,6.0,5.875,5.89,230400.0
1996-04-01,False,daily,21.75,22.25,21.75,21.75,24100.0,5.4375,5.5625,5.4375,5.4375,96400.0
1996-03-29,False,daily,22.81,23.0,22.75,22.75,7100.0,5.7025,5.75,5.6875,5.6875,28400.0
1996-03-28,False,daily,22.5,23.25,22.5,22.75,28400.0,5.625,5.8125,5.625,5.6875,113600.0
1996-03-27,False,daily,22.25,23.0,22.12,22.25,81700.0,5.5625,5.75,5.53,5.5625,326800.0
1996-03-26,False,daily,22.0,22.25,21.5,22.25,12300.0,5.5,5.5625,5.375,5.5625,49200.0
1996-03-25,False,daily,21.5,22.0,21.5,22.0,6300.0,5.375,5.5,5.375,5.5,25200.0
1996-03-22,False,daily,21.5,22.0,21.5,21.5,6800.0,5.375,5.5,5.375,5.375,27200.0
1996-03-21,False,daily,21.5,22.0,21.5,21.5,7000.0,5.375,5.5,5.375,5.375,28000.0
1996-03-20,False,daily,21.5,21.88,21.5,21.88,2300.0,5.375,5.47,5.375,5.47,9200.0
1996-03-19,False,daily,21.5,22.0,21.5,21.88,7700.0,5.375,5.5,5.375,5.47,30800.0
1996-03-18,False,daily,21.5,21.5,21.5,21.5,900.0,5.375,5.375,5.375,5.375,3600.0
1996-03-15,False,daily,21.5,21.5,21.5,21.5,1500.0,5.375,5.375,5.375,5.375,6000.0
1996-03-14,False,daily,22.0,22.0,21.56,21.56,1200.0,5.5,5.5,5.39,5.39,4800.0
1996-03-13,False,daily,21.5,22.0,21.5,21.56,6300.0,5.375,5.5,5.375,5.39,25200.0
1996-03-12,False,daily,21.88,21.88,21.5,21.5,3300.0,5.47,5.47,5.375,5.375,13200.0
1996-03-11,False,daily,21.5,21.88,21.5,21.88,5200.0,5.375,5.47,5.375,5.47,20800.0
1996-03-08,False,daily,21.75,22.25,21.5,21.5,8600.0,5.4375,5.5625,5.375,5.375,34400.0
1996-03-07,False,daily,22.25,22.25,21.75,22.25,4700.0,5.5625,5.5625,5.4375,5.5625,18800.0
1996-03-06,False,daily,21.75,22.25,21.75,22.25,18000.0,5.4375,5.5625,5.4375,5.5625,72000.0
1996-03-05,False,daily,21.75,22.0,21.75,22.0,9700.0,5.4375,5.5,5.4375,5.5,38800.0
1996-03-04,False,daily,21.75,22.25,21.75,22.25,31000.0,5.4375,5.5625,5.4375,5.5625,124000.0
1996-03-01,False,daily,21.75,22.25,21.75,21.75,1600.0,5.4375,5.5625,5.4375,5.4375,6400.0
1996-02-29,False,daily,22.0,22.25,21.75,22.0,14700.0,5.5,5.5625,5.4375,5.5,58800.0
1996-02-28,False,daily,22.0,22.25,21.75,22.19,40100.0,5.5,5.5625,5.4375,5.5475,160400.0
1996-02-27,False,daily,21.75,22.25,21.75,22.25,19500.0,5.4375,5.5625,5.4375,5.5625,78000.0
1996-02-26,False,daily,21.5,22.5,21.5,22.0,30700.0,5.375,5.625,5.375,5.5,122800.0
1996-02-23,False,daily,22.0,22.0,21.25,21.25,2600.0,5.5,5.5,5.3125,5.3125,10400.0
1996-02-22,False,daily,22.0,22.0,21.25,22.0,5800.0,5.5,5.5,5.3125,5.5,23200.0
1996-02-21,False,daily,21.0,21.88,21.0,21.25,25900.0,5.25,5.47,5.25,5.3125,103600.0
1996-02-20,False,daily,21.25,21.25,21.0,21.0,2800.0,5.3125,5.3125,5.25,5.25,11200.0
1996-02-16,False,daily,21.0,21.5,20.75,21.38,31600.0,5.25,5.375,5.1875,5.345,126400.0
1996-02-15,False,daily,20.5,21.38,20.25,21.0,50700.0,5.125,5.345,5.0625,5.25,202800.0
1996-02-14,False,daily,21.0,21.0,21.0,21.0,400.0,5.25,5.25,5.25,5.25,1600.0
1996-02-13,False,daily,20.25,21.0,20.25,21.0,24100.0,5.0625,5.25,5.0625,5.25,96400.0
1996-02-12,False,daily,20.25,20.75,20.25,20.56,71900.0,5.0625,5.1875,5.0625,5.14,287600.0
1996-02-09,False,daily,20.25,20.75,20.25,20.75,24900.0,5.0625,5.1875,5.0625,5.1875,99600.0
1996-02-08,False,daily,20.25,20.75,20.25,20.38,4800.0,5.0625,5.1875,5.0625,5.095,19200.0
1996-02-07,False,daily,20.25,20.75,20.25,20.56,32800.0,5.0625,5.1875,5.0625,5.14,131200.0
1996-02-06,False,daily,20.25,20.75,20.25,20.25,28700.0,5.0625,5.1875,5.0625,5.0625,114800.0
1996-02-05,False,daily,20.75,21.0,20.25,20.38,49600.0,5.1875,5.25,5.0625,5.095,198400.0
1996-02-02,False,daily,20.75,21.0,20.75,21.0,9900.0,5.1875,5.25,5.1875,5.25,39600.0
1996-02-01,False,daily,20.75,21.38,20.75,20.75,28900.0,5.1875,5.345,5.1875,5.1875,115600.0
1996-01-31,False,daily,21.0,21.5,20.75,21.5,42300.0,5.25,5.375,5.1875,5.375,169200.0
1996-01-30,False,daily,21.25,21.25,20.75,21.0,24200.0,5.3125,5.3125,5.1875,5.25,96800.0
1996-01-29,False,daily,21.0,21.5,21.0,21.0,29500.0,5.25,5.375,5.25,5.25,118000.0
1996-01-26,False,daily,21.25,21.75,21.0,21.25,16500.0,5.3125,5.4375,5.25,5.3125,66000.0
1996-01-25,False,daily,21.5,22.0,21.5,21.5,33800.0,5.375,5.5,5.375,5.375,135200.0
1996-01-24,False,daily,22.0,22.0,21.5,22.0,38400.0,5.5,5.5,5.375,5.5,153600.0
1996-01-23,False,daily,21.5,22.25,21.5,21.5,5800.0,5.375,5.5625,5.375,5.375,23200.0
1996-01-22,False,daily,22.25,22.25,21.5,21.5,7400.0,5.5625,5.5625,5.375,5.375,29600.0
1996-01-19,False,daily,21.5,22.0,21.5,22.0,32000.0,5.375,5.5,5.375,5.5,128000.0
1996-01-18,False,daily,22.0,22.5,21.5,21.88,22400.0,5.5,5.625,5.375,5.47,89600.0
1996-01-17,False,daily,22.75,22.75,22.0,22.0,24000.0,5.6875,5.6875,5.5,5.5,96000.0
1996-01-16,False,daily,21.75,22.63,21.75,22.12,43600.0,5.4375,5.6575,5.4375,5.53,174400.0
1996-01-15,False,daily,22.25,22.25,21.5,21.75,18600.0,5.5625,5.5625,5.375,5.4375,74400.0
1996-01-12,False,daily,21.25,22.0,21.0,22.0,43600.0,5.3125,5.5,5.25,5.5,174400.0
1996-01-11,False,daily,21.0,21.5,21.0,21.5,6400.0,5.25,5.375,5.25,5.375,25600.0
1996-01-10,False,daily,21.25,21.75,21.0,21.0,13100.0,5.3125,5.4375,5.25,5.25,52400.0
1996-01-09,False,daily,21.25,22.0,21.25,22.0,44200.0,5.3125,5.5,5.3125,5.5,176800.0
1996-01-08,False,daily,21.0,21.5,21.0,21.0,9600.0,5.25,5.375,5.25,5.25,38400.0
1996-01-05,False,daily,21.25,21.5,21.0,21.0,53600.0,5.3125,5.375,5.25,5.25,214400.0
1996-01-04,False,daily,22.25,22.5,20.5,21.13,83700.0,5.5625,5.625,5.125,5.2825,334800.0
1996-01-03,False,daily,22.5,23.0,22.25,22.37,38800.0,5.625,5.75,5.5625,5.5925,155200.0
1996-01-02,False,daily,24.0,24.13,22.5,22.75,56400.0,6.0,6.0325,5.625,5.6875,225600.0
1997-12-31,False,daily,55.0,57.75,54.5,56.25,95000.0,13.75,14.4375,13.625,14.0625,380000.0
1997-12-30,False,daily,53.44,54.63,52.88,54.5,26200.0,13.36,13.6575,13.22,13.625,104800.0
1997-12-29,False,daily,52.5,54.0,52.5,53.38,11200.0,13.125,13.5,13.125,13.345,44800.0
1997-12-26,False,daily,52.5,52.5,52.5,52.5,400.0,13.125,13.125,13.125,13.125,1600.0
1997-12-24,False,daily,52.25,54.0,52.25,52.94,44300.0,13.0625,13.5,13.0625,13.235,177200.0
1997-12-23,False,daily,52.5,54.0,52.5,52.5,24700.0,13.125,13.5,13.125,13.125,98800.0
1997-12-22,False,daily,54.88,54.88,52.75,52.75,19500.0,13.72,13.72,13.1875,13.1875,78000.0
1997-12-19,False,daily,55.25,55.63,54.75,55.0,15100.0,13.8125,13.9075,13.6875,13.75,60400.0
1997-12-18,False,daily,56.75,56.75,55.25,55.38,28200.0,14.1875,14.1875,13.8125,13.845,112800.0
1997-12-17,False,daily,57.0,57.0,56.0,56.0,56200.0,14.25,14.25,14.0,14.0,224800.0
1997-12-16,False,daily,55.06,57.0,55.0,57.0,19000.0,13.765,14.25,13.75,14.25,76000.0
1997-12-15,False,daily,55.88,55.88,55.0,55.38,25500.0,13.97,13.97,13.75,13.845,102000.0
1997-12-12,False,daily,55.75,56.75,55.75,55.88,11700.0,13.9375,14.1875,13.9375,13.97,46800.0
1997-12-11,False,daily,56.75,57.75,55.75,56.0,50000.0,14.1875,14.4375,13.9375,14.0,200000.0
1997-12-10,False,daily,56.5,58.25,56.0,58.25,72900.0,14.125,14.5625,14.0,14.5625,291600.0
1997-12-09,False,daily,58.0,58.63,56.5,57.13,41500.0,14.5,14.6575,14.125,14.2825,166000.0
1997-12-08,False,daily,55.5,58.0,54.75,57.88,61400.0,13.875,14.5,13.6875,14.47,245600.0
1997-12-05,False,daily,54.25,55.75,54.0,55.25,96000.0,13.5625,13.9375,13.5,13.8125,384000.0
1997-12-04,False,daily,55.0,55.0,53.5,54.13,98400.0,13.75,13.75,13.375,13.5325,393600.0
1997-12-03,False,daily,54.75,55.13,54.0,54.88,144400.0,13.6875,13.7825,13.5,13.72,577600.0
1997-12-02,False,daily,54.0,54.75,53.47,54.75,63900.0,13.5,13.6875,13.3675,13.6875,255600.0
1997-12-01,False,daily,53.0,53.75,52.75,53.75,60400.0,13.25,13.4375,13.1875,13.4375,241600.0
1997-11-28,False,daily,51.75,52.69,51.75,52.69,9000.0,12.9375,13.1725,12.9375,13.1725,36000.0
1997-11-26,False,daily,51.5,52.63,51.0,51.63,31000.0,12.875,13.1575,12.75,12.9075,124000.0
1997-11-25,False,daily,51.0,51.25,49.5,51.25,142600.0,12.75,12.8125,12.375,12.8125,570400.0
1997-11-24,False,daily,49.0,49.5,48.88,49.13,42500.0,12.25,12.375,12.22,12.2825,170000.0
1997-11-21,False,daily,52.0,52.0,49.5,50.63,49300.0,13.0,13.0,12.375,12.6575,197200.0
1997-11-20,False,daily,51.25,52.0,51.0,51.0,20900.0,12.8125,13.0,12.75,12.75,83600.0
1997-11-19,False,daily,52.0,52.75,51.5,52.0,31900.0,13.0,13.1875,12.875,13.0,127600.0
1997-11-18,False,daily,53.25,54.0,52.0,53.0,22300.0,13.3125,13.5,13.0,13.25,89200.0
1997-11-17,False,daily,53.75,55.25,53.75,54.5,10600.0,13.4375,13.8125,13.4375,13.625,42400.0
1997-11-14,False,daily,54.5,54.5,52.75,53.5,5900.0,13.625,13.625,13.1875,13.375,23600.0
1997-11-13,False,daily,55.0,55.5,53.25,53.25,105700.0,13.75,13.875,13.3125,13.3125,422800.0
1997-11-12,False,daily,53.0,55.0,53.0,54.13,34600.0,13.25,13.75,13.25,13.5325,138400.0
1997-11-11,False,daily,54.5,55.25,54.5,54.75,142300.0,13.625,13.8125,13.625,13.6875,569200.0
1997-11-10,False,daily,55.25,55.5,53.75,55.5,55400.0,13.8125,13.875,13.4375,13.875,221600.0
1997-11-07,False,daily,55.75,56.0,54.75,55.25,15600.0,13.9375,14.0,13.6875,13.8125,62400.0
1997-11-06,False,daily,56.0,56.0,55.25,55.75,32300.0,14.0,14.0,13.8125,13.9375,129200.0
1997-11-05,False,daily,54.75,55.88,54.75,55.13,59800.0,13.6875,13.97,13.6875,13.7825,239200.0
1997-11-04,False,daily,55.25,55.75,53.5,54.0,44900.0,13.8125,13.9375,13.375,13.5,179600.0
1997-11-03,False,daily,54.0,55.5,54.0,55.5,17200.0,13.5,13.875,13.5,13.875,68800.0
1997-10-31,False,daily,54.63,55.0,51.75,54.63,60200.0,13.6575,13.75,12.9375,13.6575,240800.0
1997-10-30,False,daily,51.75,52.25,51.75,52.0,57800.0,12.9375,13.0625,12.9375,13.0,231200.0
1997-10-29,False,daily,51.25,52.75,51.25,52.5,84400.0,12.8125,13.1875,12.8125,13.125,337600.0
1997-10-28,False,daily,50.5,51.0,50.5,51.0,156100.0,12.625,12.75,12.625,12.75,624400.0
1997-10-27,False,daily,51.5,51.75,50.5,50.63,72200.0,12.875,12.9375,12.625,12.6575,288800.0
1997-10-24,False,daily,52.0,52.5,51.25,52.0,59400.0,13.0,13.125,12.8125,13.0,237600.0
1997-10-23,False,daily,50.0,51.75,49.5,51.75,180100.0,12.5,12.9375,12.375,12.9375,720400.0
1997-10-22,False,daily,52.25,54.0,52.25,52.25,100000.0,13.0625,13.5,13.0625,13.0625,400000.0
1997-10-21,False,daily,53.75,53.75,53.25,53.5,31600.0,13.4375,13.4375,13.3125,13.375,126400.0
1997-10-20,False,daily,53.75,53.75,53.25,53.75,13800.0,13.4375,13.4375,13.3125,13.4375,55200.0
1997-10-17,False,daily,53.0,54.5,52.75,53.0,42500.0,13.25,13.625,13.1875,13.25,170000.0
1997-10-16,False,daily,53.25,53.75,53.13,53.38,48300.0,13.3125,13.4375,13.2825,13.345,193200.0
1997-10-15,False,daily,54.25,55.25,50.5,53.0,116400.0,13.5625,13.8125,12.625,13.25,465600.0
1997-10-14,False,daily,54.25,55.0,54.25,54.38,27600.0,13.5625,13.75,13.5625,13.595,110400.0
1997-10-13,False,daily,55.88,56.5,54.5,54.75,33800.0,13.97,14.125,13.625,13.6875,135200.0
1997-10-10,False,daily,56.0,56.63,56.0,56.63,1600.0,14.0,14.1575,14.0,14.1575,6400.0
1997-10-09,False,daily,56.25,57.0,56.0,56.38,12800.0,14.0625,14.25,14.0,14.095,51200.0
1997-10-08,False,daily,57.5,58.0,57.0,57.0,5400.0,14.375,14.5,14.25,14.25,21600.0
1997-10-07,False,daily,57.0,58.0,57.0,57.38,45900.0,14.25,14.5,14.25,14.345,183600.0
1997-10-06,False,daily,59.0,59.0,57.0,57.0,32300.0,14.75,14.75,14.25,14.25,129200.0
1997-10-03,False,daily,58.25,58.75,58.13,58.13,7300.0,14.5625,14.6875,14.5325,14.5325,29200.0
1997-10-02,False,daily,58.75,58.75,58.38,58.38,600.0,14.6875,14.6875,14.595,14.595,2400.0
1997-10-01,False,daily,58.0,58.5,58.0,58.5,5200.0,14.5,14.625,14.5,14.625,20800.0
1997-09-30,False,daily,58.75,59.5,58.0,58.5,22200.0,14.6875,14.875,14.5,14.625,88800.0
1997-09-29,False,daily,57.75,58.75,57.75,58.5,5200.0,14.4375,14.6875,14.4375,14.625,20800.0
1997-09-26,False,daily,58.5,59.0,58.0,58.38,34500.0,14.625,14.75,14.5,14.595,138000.0
1997-09-25,False,daily,59.0,59.75,58.5,59.0,89600.0,14.75,14.9375,14.625,14.75,358400.0
1997-09-24,False,daily,56.75,59.75,56.75,59.75,100000.0,14.1875,14.9375,14.1875,14.9375,400000.0
1997-09-23,False,daily,56.0,57.5,56.0,57.0,25400.0,14.0,14.375,14.0,14.25,101600.0
1997-09-22,False,daily,55.75,56.5,55.5,56.5,63800.0,13.9375,14.125,13.875,14.125,255200.0
1997-09-19,False,daily,55.75,56.5,55.75,55.88,39600.0,13.9375,14.125,13.9375,13.97,158400.0
1997-09-18,False,daily,57.0,57.5,56.0,56.0,14500.0,14.25,14.375,14.0,14.0,58000.0
1997-09-17,False,daily,58.75,59.25,57.25,57.25,45600.0,14.6875,14.8125,14.3125,14.3125,182400.0
1997-09-16,False,daily,56.0,59.0,55.75,58.75,65400.0,14.0,14.75,13.9375,14.6875,261600.0
1997-09-15,False,daily,55.25,55.63,55.25,55.63,10400.0,13.8125,13.9075,13.8125,13.9075,41600.0
1997-09-12,False,daily,55.5,55.75,55.25,55.25,1100.0,13.875,13.9375,13.8125,13.8125,4400.0
1997-09-11,False,daily,55.75,55.75,55.25,55.25,25700.0,13.9375,13.9375,13.8125,13.8125,102800.0
1997-09-10,False,daily,56.0,56.0,55.25,55.5,36600.0,14.0,14.0,13.8125,13.875,146400.0
1997-09-09,False,daily,56.0,56.0,55.0,55.5,36700.0,14.0,14.0,13.75,13.875,146800.0
1997-09-08,False,daily,55.5,56.75,55.5,56.25,66000.0,13.875,14.1875,13.875,14.0625,264000.0
1997-09-05,False,daily,54.75,56.0,54.75,56.0,26800.0,13.6875,14.0,13.6875,14.0,107200.0
1997-09-04,False,daily,56.0,56.0,55.0,55.25,28500.0,14.0,14.0,13.75,13.8125,114000.0
1997-09-03,False,daily,55.5,56.5,55.5,56.0,68400.0,13.875,14.125,13.875,14.0,273600.0
1997-09-02,False,daily,55.75,56.5,54.75,56.0,111600.0,13.9375,14.125,13.6875,14.0,446400.0
1997-08-29,False,daily,53.25,54.75,53.25,53.75,44600.0,13.3125,13.6875,13.3125,13.4375,178400.0
1997-08-28,False,daily,52.38,54.0,51.25,53.88,68700.0,13.095,13.5,12.8125,13.47,274800.0
1997-08-27,False,daily,51.63,51.63,50.38,51.63,20900.0,12.9075,12.9075,12.595,12.9075,83600.0
1997-08-26,False,daily,50.0,50.25,49.5,50.13,7900.0,12.5,12.5625,12.375,12.5325,31600.0
1997-08-25,False,daily,49.25,50.0,49.25,50.0,8400.0,12.3125,12.5,12.3125,12.5,33600.0
1997-08-22,False,daily,49.0,49.75,48.5,49.25,45000.0,12.25,12.4375,12.125,12.3125,180000.0
1997-08-21,False,daily,52.0,52.0,50.5,50.5,24900.0,13.0,13.0,12.625,12.625,99600.0
1997-08-20,False,daily,50.75,52.13,50.75,51.88,19300.0,12.6875,13.0325,12.6875,12.97,77200.0
1997-08-19,False,daily,50.5,51.38,50.5,50.75,14600.0,12.625,12.845,12.625,12.6875,58400.0
1997-08-18,False,daily,50.0,51.13,50.0,51.0,42700.0,12.5,12.7825,12.5,12.75,170800.0
1997-08-15,False,daily,49.88,50.0,48.5,49.75,82600.0,12.47,12.5,12.125,12.4375,330400.0
1997-08-14,False,daily,49.13,49.5,48.75,49.13,26700.0,12.2825,12.375,12.1875,12.2825,106800.0
1997-08-13,False,daily,50.0,50.0,48.75,49.0,64200.0,12.5,12.5,12.1875,12.25,256800.0
1997-08-12,False,daily,50.0,50.0,49.5,49.75,8500.0,12.5,12.5,12.375,12.4375,34000.0
1997-08-11,False,daily,50.25,51.0,49.25,49.75,175400.0,12.5625,12.75,12.3125,12.4375,701600.0
1997-08-08,False,daily,50.25,50.88,49.0,50.5,54500.0,12.5625,12.72,12.25,12.625,218000.0
1997-08-07,False,daily,49.5,50.38,49.25,50.0,29300.0,12.375,12.595,12.3125,12.5,117200.0
1997-08-06,False,daily,49.75,49.88,49.5,49.88,6500.0,12.4375,12.47,12.375,12.47,26000.0
1997-08-05,False,daily,49.25,49.75,49.25,49.75,10900.0,12.3125,12.4375,12.3125,12.4375,43600.0
1997-08-04,False,daily,49.25,50.0,49.0,49.25,59900.0,12.3125,12.5,12.25,12.3125,239600.0
1997-08-01,False,daily,49.25,49.88,49.25,49.88,15300.0,12.3125,12.47,12.3125,12.47,61200.0
1997-07-31,False,daily,49.0,49.88,49.0,49.88,59000.0,12.25,12.47,12.25,12.47,236000.0
1997-07-30,False,daily,46.13,49.5,46.13,49.25,65800.0,11.5325,12.375,11.5325,12.3125,263200.0
1997-07-29,False,daily,46.13,49.38,46.13,49.38,12200.0,11.5325,12.345,11.5325,12.345,48800.0
1997-07-28,False,daily,49.0,49.38,49.0,49.38,1100.0,12.25,12.345,12.25,12.345,4400.0
1997-07-25,False,daily,46.13,50.0,46.13,49.75,112400.0,11.5325,12.5,11.5325,12.4375,449600.0
1997-07-24,False,daily,46.0,50.0,46.0,49.75,145200.0,11.5,12.5,11.5,12.4375,580800.0
1997-07-23,False,daily,46.13,46.38,45.25,45.5,55700.0,11.5325,11.595,11.3125,11.375,222800.0
1997-07-22,False,daily,47.38,47.5,46.88,47.0,17600.0,11.845,11.875,11.72,11.75,70400.0
1997-07-21,False,daily,47.75,48.0,47.5,47.5,7200.0,11.9375,12.0,11.875,11.875,28800.0
1997-07-18,False,daily,49.75,50.25,49.0,49.0,58300.0,12.4375,12.5625,12.25,12.25,233200.0
1997-07-17,False,daily,50.5,51.88,50.0,50.5,120000.0,12.625,12.97,12.5,12.625,480000.0
1997-07-16,False,daily,48.5,48.88,48.38,48.38,264900.0,12.125,12.22,12.095,12.095,1059600.0
1997-07-15,False,daily,45.0,48.25,45.0,48.25,304400.0,11.25,12.0625,11.25,12.0625,1217600.0
1997-07-14,False,daily,44.0,45.0,42.5,44.75,52000.0,11.0,11.25,10.625,11.1875,208000.0
1997-07-11,False,daily,42.25,42.88,41.94,42.75,40500.0,10.5625,10.72,10.485,10.6875,162000.0
1997-07-10,False,daily,41.75,42.38,41.75,42.0,9600.0,10.4375,10.595,10.4375,10.5,38400.0
1997-07-09,False,daily,42.88,42.88,42.25,42.88,21800.0,10.72,10.72,10.5625,10.72,87200.0
1997-07-08,False,daily,44.5,44.75,42.75,43.25,36900.0,11.125,11.1875,10.6875,10.8125,147600.0
1997-07-07,False,daily,44.75,44.75,44.25,44.5,3900.0,11.1875,11.1875,11.0625,11.125,15600.0
1997-07-03,False,daily,44.0,44.75,44.0,44.25,82300.0,11.0,11.1875,11.0,11.0625,329200.0
1997-07-02,False,daily,44.0,44.5,43.75,44.38,15400.0,11.0,11.125,10.9375,11.095,61600.0
1997-07-01,False,daily,44.63,45.0,44.0,44.25,97000.0,11.1575,11.25,11.0,11.0625,388000.0
1997-06-30,False,daily,44.5,45.5,43.5,45.25,81300.0,11.125,11.375,10.875,11.3125,325200.0
1997-06-27,False,daily,44.75,45.5,44.75,45.5,43600.0,11.1875,11.375,11.1875,11.375,174400.0
1997-06-26,False,daily,46.0,46.5,44.5,44.5,30800.0,11.5,11.625,11.125,11.125,123200.0
1997-06-25,False,daily,47.38,47.75,45.75,46.0,126600.0,11.845,11.9375,11.4375,11.5,506400.0
1997-06-24,False,daily,44.0,45.88,44.0,45.88,52600.0,11.0,11.47,11.0,11.47,210400.0
1997-06-23,False,daily,43.75,44.75,43.75,44.5,108200.0,10.9375,11.1875,10.9375,11.125,432800.0
1997-06-20,False,daily,43.25,43.75,43.25,43.75,24000.0,10.8125,10.9375,10.8125,10.9375,96000.0
1997-06-19,False,daily,42.5,43.25,42.0,43.25,39100.0,10.625,10.8125,10.5,10.8125,156400.0
1997-06-18,False,daily,42.0,42.25,41.38,42.25,61400.0,10.5,10.5625,10.345,10.5625,245600.0
1997-06-17,False,daily,42.5,42.5,42.0,42.0,10400.0,10.625,10.625,10.5,10.5,41600.0
1997-06-16,False,daily,41.25,42.5,41.25,42.5,62400.0,10.3125,10.625,10.3125,10.625,249600.0
1997-06-13,False,daily,40.5,42.0,40.0,42.0,69800.0,10.125,10.5,10.0,10.5,279200.0
1997-06-12,False,daily,40.0,40.5,39.75,40.13,26000.0,10.0,10.125,9.9375,10.0325,104000.0
1997-06-11,False,daily,39.25,40.0,39.25,40.0,15400.0,9.8125,10.0,9.8125,10.0,61600.0
1997-06-10,False,daily,39.88,39.88,39.25,39.25,600.0,9.97,9.97,9.8125,9.8125,2400.0
1997-06-09,False,daily,39.5,40.0,39.5,39.5,26600.0,9.875,10.0,9.875,9.875,106400.0
1997-06-06,False,daily,40.0,40.0,39.5,39.75,2800.0,10.0,10.0,9.875,9.9375,11200.0
1997-06-05,False,daily,39.75,39.75,39.5,39.5,8500.0,9.9375,9.9375,9.875,9.875,34000.0
1997-06-04,False,daily,39.0,40.0,39.0,39.75,24100.0,9.75,10.0,9.75,9.9375,96400.0
1997-06-03,False,daily,39.0,39.25,39.0,39.0,26000.0,9.75,9.8125,9.75,9.75,104000.0
1997-06-02,False,daily,39.5,39.5,38.75,39.25,9900.0,9.875,9.875,9.6875,9.8125,39600.0
1997-05-30,False,daily,39.63,39.63,39.38,39.5,12400.0,9.9075,9.9075,9.845,9.875,49600.0
1997-05-29,False,daily,39.75,39.75,39.5,39.5,25500.0,9.9375,9.9375,9.875,9.875,102000.0
1997-05-28,False,daily,39.25,40.0,39.0,39.25,16100.0,9.8125,10.0,9.75,9.8125,64400.0
1997-05-27,False,daily,39.63,40.25,39.25,39.25,57300.0,9.9075,10.0625,9.8125,9.8125,229200.0
1997-05-23,False,daily,40.13,40.25,39.75,40.25,5800.0,10.0325,10.0625,9.9375,10.0625,23200.0
1997-05-22,False,daily,40.0,40.38,39.75,40.0,99800.0,10.0,10.095,9.9375,10.0,399200.0
1997-05-21,False,daily,40.5,40.5,39.75,40.0,32800.0,10.125,10.125,9.9375,10.0,131200.0
1997-05-20,False,daily,39.75,40.5,39.75,39.75,81000.0,9.9375,10.125,9.9375,9.9375,324000.0
1997-05-19,False,daily,39.38,39.75,38.5,39.0,16300.0,9.845,9.9375,9.625,9.75,65200.0
1997-05-16,False,daily,39.25,39.25,39.13,39.25,10700.0,9.8125,9.8125,9.7825,9.8125,42800.0
1997-05-15,False,daily,38.5,39.0,38.5,38.5,8900.0,9.625,9.75,9.625,9.625,35600.0
1997-05-14,False,daily,39.5,39.75,38.38,39.25,65200.0,9.875,9.9375,9.595,9.8125,260800.0
1997-05-13,False,daily,38.5,39.38,38.5,39.13,28800.0,9.625,9.845,9.625,9.7825,115200.0
1997-05-12,False,daily,39.0,39.25,38.5,39.25,34800.0,9.75,9.8125,9.625,9.8125,139200.0
1997-05-09,False,daily,38.75,39.5,38.0,39.25,63200.0,9.6875,9.875,9.5,9.8125,252800.0
1997-05-08,False,daily,37.63,38.63,37.0,38.0,61400.0,9.4075,9.6575,9.25,9.5,245600.0
1997-05-07,False,daily,36.0,37.63,36.0,37.38,30400.0,9.0,9.4075,9.0,9.345,121600.0
1997-05-06,False,daily,35.5,36.63,35.0,36.38,103100.0,8.875,9.1575,8.75,9.095,412400.0
1997-05-05,False,daily,36.25,36.25,35.5,36.25,7000.0,9.0625,9.0625,8.875,9.0625,28000.0
1997-05-02,False,daily,36.0,36.5,35.25,35.75,54200.0,9.0,9.125,8.8125,8.9375,216800.0
1997-05-01,False,daily,34.75,36.0,34.75,36.0,142300.0,8.6875,9.0,8.6875,9.0,569200.0
1997-04-30,False,daily,34.13,35.25,34.0,35.0,14200.0,8.5325,8.8125,8.5,8.75,56800.0
1997-04-29,False,daily,34.0,34.75,33.75,34.75,64100.0,8.5,8.6875,8.4375,8.6875,256400.0
1997-04-28,False,daily,33.5,34.5,33.5,34.13,68900.0,8.375,8.625,8.375,8.5325,275600.0
1997-04-25,False,daily,33.75,34.25,33.5,34.25,65800.0,8.4375,8.5625,8.375,8.5625,263200.0
1997-04-24,False,daily,33.75,34.25,33.25,33.75,33900.0,8.4375,8.5625,8.3125,8.4375,135600.0
1997-04-23,False,daily,33.25,33.75,33.25,33.25,3100.0,8.3125,8.4375,8.3125,8.3125,12400.0
1997-04-22,False,daily,34.0,34.0,33.38,33.38,4800.0,8.5,8.5,8.345,8.345,19200.0
1997-04-21,False,daily,34.0,34.75,33.75,34.0,11600.0,8.5,8.6875,8.4375,8.5,46400.0
1997-04-18,False,daily,34.25,34.63,34.0,34.38,177600.0,8.5625,8.6575,8.5,8.595,710400.0
1997-04-17,False,daily,34.0,34.63,34.0,34.38,47700.0,8.5,8.6575,8.5,8.595,190800.0
1997-04-16,False,daily,33.5,34.63,33.5,34.63,43200.0,8.375,8.6575,8.375,8.6575,172800.0
1997-04-15,False,daily,33.5,34.25,33.25,34.25,31700.0,8.375,8.5625,8.3125,8.5625,126800.0
1997-04-14,False,daily,34.25,34.25,33.5,33.5,16600.0,8.5625,8.5625,8.375,8.375,66400.0
1997-04-11,False,daily,34.63,34.75,34.25,34.25,2900.0,8.6575,8.6875,8.5625,8.5625,11600.0
1997-04-10,False,daily,34.63,35.5,34.63,34.88,4200.0,8.6575,8.875,8.6575,8.72,16800.0
1997-04-09,False,daily,34.63,35.5,34.63,35.0,2200.0,8.6575,8.875,8.6575,8.75,8800.0
1997-04-08,False,daily,35.38,35.38,34.63,35.0,8200.0,8.845,8.845,8.6575,8.75,32800.0
1997-04-07,False,daily,34.5,35.38,34.0,35.38,52900.0,8.625,8.845,8.5,8.845,211600.0
1997-04-04,False,daily,34.0,34.25,33.63,34.0,29800.0,8.5,8.5625,8.4075,8.5,119200.0
1997-04-03,False,daily,35.5,35.75,34.5,34.5,27800.0,8.875,8.9375,8.625,8.625,111200.0
1997-04-02,False,daily,35.25,35.75,35.0,35.13,48700.0,8.8125,8.9375,8.75,8.7825,194800.0
1997-04-01,False,daily,35.25,35.25,33.75,35.25,50100.0,8.8125,8.8125,8.4375,8.8125,200400.0
1997-03-31,False,daily,37.25,37.38,35.5,35.5,46600.0,9.3125,9.345,8.875,8.875,186400.0
1997-03-27,False,daily,37.5,37.88,37.25,37.5,23200.0,9.375,9.47,9.3125,9.375,92800.0
1997-03-26,False,daily,37.25,37.75,37.25,37.75,26800.0,9.3125,9.4375,9.3125,9.4375,107200.0
1997-03-25,False,daily,37.25,37.88,37.25,37.5,48300.0,9.3125,9.47,9.3125,9.375,193200.0
1997-03-24,False,daily,38.0,38.25,38.0,38.13,73100.0,9.5,9.5625,9.5,9.5325,292400.0
1997-03-21,False,daily,38.25,38.63,38.0,38.25,64300.0,9.5625,9.6575,9.5,9.5625,257200.0
1997-03-20,False,daily,38.25,38.25,38.0,38.0,86100.0,9.5625,9.5625,9.5,9.5,344400.0
1997-03-19,False,daily,38.0,38.25,38.0,38.13,48400.0,9.5,9.5625,9.5,9.5325,193600.0
1997-03-18,False,daily,38.0,38.25,37.75,38.13,5800.0,9.5,9.5625,9.4375,9.5325,23200.0
1997-03-17,False,daily,38.0,38.5,38.0,38.13,11100.0,9.5,9.625,9.5,9.5325,44400.0
1997-03-14,False,daily,38.0,38.75,38.0,38.0,11900.0,9.5,9.6875,9.5,9.5,47600.0
1997-03-13,False,daily,38.88,38.88,38.0,38.75,75100.0,9.72,9.72,9.5,9.6875,300400.0
1997-03-12,False,daily,39.25,39.25,38.5,38.5,6600.0,9.8125,9.8125,9.625,9.625,26400.0
1997-03-11,False,daily,38.5,39.25,38.5,38.75,252300.0,9.625,9.8125,9.625,9.6875,1009200.0
1997-03-10,False,daily,38.63,38.75,38.0,38.63,19200.0,9.6575,9.6875,9.5,9.6575,76800.0
1997-03-07,False,daily,39.5,39.5,37.75,37.75,18100.0,9.875,9.875,9.4375,9.4375,72400.0
1997-03-06,False,daily,39.25,39.75,38.75,38.88,155000.0,9.8125,9.9375,9.6875,9.72,620000.0
1997-03-05,False,daily,38.63,39.0,38.25,39.0,19100.0,9.6575,9.75,9.5625,9.75,76400.0
1997-03-04,False,daily,38.63,39.0,38.25,39.0,29900.0,9.6575,9.75,9.5625,9.75,119600.0
1997-03-03,False,daily,38.0,38.5,37.5,38.25,60400.0,9.5,9.625,9.375,9.5625,241600.0
1997-02-28,False,daily,38.0,38.75,37.5,37.75,39000.0,9.5,9.6875,9.375,9.4375,156000.0
1997-02-27,False,daily,38.0,38.75,38.0,38.75,48800.0,9.5,9.6875,9.5,9.6875,195200.0
1997-02-26,False,daily,38.5,38.75,37.5,38.75,33400.0,9.625,9.6875,9.375,9.6875,133600.0
1997-02-25,False,daily,37.75,38.5,37.0,38.5,107000.0,9.4375,9.625,9.25,9.625,428000.0
1997-02-24,False,daily,37.25,37.5,36.75,37.38,173400.0,9.3125,9.375,9.1875,9.345,693600.0
1997-02-21,False,daily,37.0,37.75,37.0,37.63,40800.0,9.25,9.4375,9.25,9.4075,163200.0
1997-02-20,False,daily,38.25,38.25,37.25,37.38,77600.0,9.5625,9.5625,9.3125,9.345,310400.0
1997-02-19,False,daily,37.88,38.5,37.5,37.88,69700.0,9.47,9.625,9.375,9.47,278800.0
1997-02-18,False,daily,38.0,39.0,37.75,38.13,55000.0,9.5,9.75,9.4375,9.5325,220000.0
1997-02-14,False,daily,38.75,38.75,37.75,38.38,102100.0,9.6875,9.6875,9.4375,9.595,408400.0
1997-02-13,False,daily,38.5,38.5,37.75,38.38,52600.0,9.625,9.625,9.4375,9.595,210400.0
1997-02-12,False,daily,37.75,38.25,37.75,37.88,71300.0,9.4375,9.5625,9.4375,9.47,285200.0
1997-02-11,False,daily,38.5,38.75,37.75,38.25,57400.0,9.625,9.6875,9.4375,9.5625,229600.0
1997-02-10,False,daily,39.0,40.0,38.0,38.5,179200.0,9.75,10.0,9.5,9.625,716800.0
1997-02-07,False,daily,38.5,40.0,38.25,39.5,123300.0,9.625,10.0,9.5625,9.875,493200.0
1997-02-06,False,daily,37.25,38.75,37.25,38.5,56400.0,9.3125,9.6875,9.3125,9.625,225600.0
1997-02-05,False,daily,37.5,38.38,37.38,38.0,37200.0,9.375,9.595,9.345,9.5,148800.0
1997-02-04,False,daily,37.25,38.25,37.25,37.75,85900.0,9.3125,9.5625,9.3125,9.4375,343600.0
1997-02-03,False,daily,35.5,37.0,35.5,36.25,145100.0,8.875,9.25,8.875,9.0625,580400.0
1997-01-31,False,daily,35.75,36.5,35.5,36.25,23200.0,8.9375,9.125,8.875,9.0625,92800.0
1997-01-30,False,daily,35.25,35.5,35.0,35.5,65300.0,8.8125,8.875,8.75,8.875,261200.0
1997-01-29,False,daily,34.88,35.75,34.5,34.75,60600.0,8.72,8.9375,8.625,8.6875,242400.0
1997-01-28,False,daily,35.0,35.5,34.75,34.88,27100.0,8.75,8.875,8.6875,8.72,108400.0
1997-01-27,False,daily,34.5,35.25,34.0,34.75,115200.0,8.625,8.8125,8.5,8.6875,460800.0
1997-01-24,False,daily,33.75,35.0,33.75,34.88,48700.0,8.4375,8.75,8.4375,8.72,194800.0
1997-01-23,False,daily,34.5,34.5,33.75,34.0,16500.0,8.625,8.625,8.4375,8.5,66000.0
1997-01-22,False,daily,34.5,34.5,33.75,34.5,15000.0,8.625,8.625,8.4375,8.625,60000.0
1997-01-21,False,daily,33.75,34.5,33.75,34.13,14800.0,8.4375,8.625,8.4375,8.5325,59200.0
1997-01-20,False,daily,34.5,34.5,33.75,34.0,4000.0,8.625,8.625,8.4375,8.5,16000.0
1997-01-17,False,daily,35.0,35.0,33.75,34.25,138900.0,8.75,8.75,8.4375,8.5625,555600.0
1997-01-16,False,daily,34.88,35.13,34.38,35.0,27800.0,8.72,8.7825,8.595,8.75,111200.0
1997-01-15,False,daily,34.88,34.88,34.38,34.62,18600.0,8.72,8.72,8.595,8.655,74400.0
1997-01-14,False,daily,33.88,34.88,33.88,34.38,30200.0,8.47,8.72,8.47,8.595,120800.0
1997-01-13,False,daily,34.38,34.38,33.75,34.38,13300.0,8.595,8.595,8.4375,8.595,53200.0
1997-01-10,False,daily,33.0,34.25,33.0,33.75,48500.0,8.25,8.5625,8.25,8.4375,194000.0
1997-01-09,False,daily,33.5,33.75,33.25,33.75,26400.0,8.375,8.4375,8.3125,8.4375,105600.0
1997-01-08,False,daily,33.0,33.38,32.25,33.25,29400.0,8.25,8.345,8.0625,8.3125,117600.0
1997-01-07,False,daily,33.0,33.0,32.5,33.0,24500.0,8.25,8.25,8.125,8.25,98000.0
1997-01-06,False,daily,33.0,33.0,32.25,32.75,173300.0,8.25,8.25,8.0625,8.1875,693200.0
1997-01-03,False,daily,32.75,33.0,32.25,32.63,54700.0,8.1875,8.25,8.0625,8.1575,218800.0
1997-01-02,False,daily,32.25,32.75,31.75,32.25,88400.0,8.0625,8.1875,7.9375,8.0625,353600.0
1998-12-31,False,daily,17.0,17.13,16.88,17.03,169100.0,8.5,8.565,8.44,8.515,338200.0
1998-12-30,False,daily,16.88,17.13,16.75,17.13,112100.0,8.44,8.565,8.375,8.565,224200.0
1998-12-29,False,daily,17.0,17.13,16.5,17.0,163100.0,8.5,8.565,8.25,8.5,326200.0
1998-12-28,False,daily,17.0,17.13,16.75,16.94,379600.0,8.5,8.565,8.375,8.47,759200.0
1998-12-24,False,daily,17.38,17.38,16.0,16.75,155900.0,8.69,8.69,8.0,8.375,311800.0
1998-12-23,False,daily,17.94,17.94,17.0,17.13,389100.0,8.97,8.97,8.5,8.565,778200.0
1998-12-22,False,daily,19.0,19.63,16.88,17.75,1156600.0,9.5,9.815,8.44,8.875,2313200.0
1998-12-21,False,daily,25.75,26.5,24.5,24.5,65800.0,12.875,13.25,12.25,12.25,131600.0
1998-12-18,False,daily,23.69,26.63,23.38,26.13,154300.0,11.845,13.315,11.69,13.065,308600.0
1998-12-17,False,daily,22.75,24.0,22.06,24.0,68100.0,11.375,12.0,11.03,12.0,136200.0
1998-12-16,False,daily,23.75,23.88,22.5,22.81,24600.0,11.875,11.94,11.25,11.405,49200.0
1998-12-15,False,daily,22.63,23.88,22.63,23.75,70600.0,11.315,11.94,11.315,11.875,141200.0
1998-12-14,False,daily,23.31,23.44,22.63,22.63,129400.0,11.655,11.72,11.315,11.315,258800.0
1998-12-11,False,daily,24.5,24.56,23.63,24.06,198800.0,12.25,12.28,11.815,12.03,397600.0
1998-12-10,False,daily,25.88,26.13,24.75,24.75,158300.0,12.94,13.065,12.375,12.375,316600.0
1998-12-09,False,daily,26.0,26.63,26.0,26.0,180800.0,13.0,13.315,13.0,13.0,361600.0
1998-12-08,False,daily,25.75,27.0,25.38,26.0,139900.0,12.875,13.5,12.69,13.0,279800.0
1998-12-07,False,daily,26.63,26.88,25.63,26.25,41400.0,13.315,13.44,12.815,13.125,82800.0
1998-12-04,False,daily,25.44,27.31,25.44,26.63,228400.0,12.72,13.655,12.72,13.315,456800.0
1998-12-03,False,daily,25.25,26.38,25.0,25.44,128600.0,12.625,13.19,12.5,12.72,257200.0
1998-12-02,False,daily,25.0,25.0,24.13,24.75,23000.0,12.5,12.5,12.065,12.375,46000.0
1998-12-01,False,daily,24.13,25.0,24.0,25.0,58600.0,12.065,12.5,12.0,12.5,117200.0
1998-11-30,False,daily,24.5,25.125,23.6875,25.0,76700.0,12.25,12.5625,11.84375,12.5,153400.0
1998-11-27,False,daily,25.13,25.13,24.88,25.0,11400.0,12.565,12.565,12.44,12.5,22800.0
1998-11-25,False,daily,26.0,26.0,24.0,25.12,31500.0,13.0,13.0,12.0,12.56,63000.0
1998-11-24,False,daily,26.0,26.25,25.5,25.5,69500.0,13.0,13.125,12.75,12.75,139000.0
1998-11-23,False,daily,24.63,26.75,24.63,26.06,283900.0,12.315,13.375,12.315,13.03,567800.0
1998-11-20,False,daily,23.0,24.88,23.0,24.88,84300.0,11.5,12.44,11.5,12.44,168600.0
1998-11-19,False,daily,22.5,23.25,22.44,23.03,78900.0,11.25,11.625,11.22,11.515,157800.0
1998-11-18,False,daily,22.75,22.75,21.63,22.25,64000.0,11.375,11.375,10.815,11.125,128000.0
1998-11-17,False,daily,22.25,23.13,22.25,22.25,128900.0,11.125,11.565,11.125,11.125,257800.0
1998-11-16,False,daily,21.31,23.0,21.25,23.0,243100.0,10.655,11.5,10.625,11.5,486200.0
1998-11-13,False,daily,21.63,21.63,20.44,21.0,185400.0,10.815,10.815,10.22,10.5,370800.0
1998-11-12,False,daily,21.5,22.0,21.0,21.38,90000.0,10.75,11.0,10.5,10.69,180000.0
1998-11-11,False,daily,23.5,23.5,21.0,21.44,79600.0,11.75,11.75,10.5,10.72,159200.0
1998-11-10,False,daily,23.25,23.63,23.13,23.56,91600.0,11.625,11.815,11.565,11.78,183200.0
1998-11-09,False,daily,24.0,24.0,23.13,23.38,75100.0,12.0,12.0,11.565,11.69,150200.0
1998-11-06,False,daily,24.63,24.63,23.0,23.5,167100.0,12.315,12.315,11.5,11.75,334200.0
1998-11-05,False,daily,23.25,25.25,22.75,23.81,223500.0,11.625,12.625,11.375,11.905,447000.0
1998-11-04,False,daily,20.63,23.5,20.38,23.38,670100.0,10.315,11.75,10.19,11.69,1340200.0
1998-11-03,False,daily,19.75,20.5,19.5,20.38,111700.0,9.875,10.25,9.75,10.19,223400.0
1998-11-02,False,daily,20.06,20.75,19.25,19.69,343200.0,10.03,10.375,9.625,9.845,686400.0
1998-10-30,False,daily,19.88,21.0,19.75,20.5,339200.0,9.94,10.5,9.875,10.25,678400.0
1998-10-29,False,daily,19.25,19.81,18.81,19.81,57600.0,9.625,9.905,9.405,9.905,115200.0
1998-10-28,False,daily,18.0,19.25,17.75,19.25,100500.0,9.0,9.625,8.875,9.625,201000.0
1998-10-27,False,daily,18.63,18.63,17.75,17.75,141400.0,9.315,9.315,8.875,8.875,282800.0
1998-10-26,False,daily,19.06,19.25,17.5,18.5,138600.0,9.53,9.625,8.75,9.25,277200.0
1998-10-23,False,daily,19.69,20.38,18.88,19.0,341100.0,9.845,10.19,9.44,9.5,682200.0
1998-10-22,False,daily,18.0,19.25,17.5,18.94,73400.0,9.0,9.625,8.75,9.47,146800.0
1998-10-21,False,daily,16.69,18.13,16.69,18.0,157800.0,8.345,9.065,8.345,9.0,315600.0
1998-10-20,False,daily,16.81,17.25,16.5,16.81,278100.0,8.405,8.625,8.25,8.405,556200.0
1998-10-19,False,daily,17.38,17.38,16.25,16.88,64000.0,8.69,8.69,8.125,8.44,128000.0
1998-10-16,False,daily,16.25,17.5,15.75,17.38,224000.0,8.125,8.75,7.875,8.69,448000.0
1998-10-15,False,daily,14.75,15.88,14.63,15.19,88200.0,7.375,7.94,7.315,7.595,176400.0
1998-10-14,False,daily,14.5,14.5,13.88,14.5,235100.0,7.25,7.25,6.94,7.25,470200.0
1998-10-13,False,daily,14.44,14.5,13.5,14.0,370000.0,7.22,7.25,6.75,7.0,740000.0
1998-10-12,False,daily,13.13,14.44,12.75,14.44,964400.0,6.565,7.22,6.375,7.22,1928800.0
1998-10-09,False,daily,13.0,13.13,12.56,12.75,246100.0,6.5,6.565,6.28,6.375,492200.0
1998-10-08,False,daily,14.13,14.13,10.31,12.5,385100.0,7.065,7.065,5.155,6.25,770200.0
1998-10-07,False,daily,14.25,14.75,13.94,13.94,95200.0,7.125,7.375,6.97,6.97,190400.0
1998-10-06,False,daily,14.13,15.0,14.0,14.5,84200.0,7.065,7.5,7.0,7.25,168400.0
1998-10-05,False,daily,15.63,15.75,13.88,14.13,243500.0,7.815,7.875,6.94,7.065,487000.0
1998-10-02,False,daily,16.25,16.25,14.88,15.75,179900.0,8.125,8.125,7.44,7.875,359800.0
1998-10-01,False,daily,15.5,16.5,15.0,15.13,332100.0,7.75,8.25,7.5,7.565,664200.0
1998-09-30,False,daily,16.75,17.13,15.88,16.0,168300.0,8.375,8.565,7.94,8.0,336600.0
1998-09-29,False,daily,17.63,17.63,17.13,17.13,73700.0,8.815,8.815,8.565,8.565,147400.0
1998-09-28,False,daily,17.94,18.0,17.31,17.88,196300.0,8.97,9.0,8.655,8.94,392600.0
1998-09-25,False,daily,18.75,18.81,17.13,17.75,284200.0,9.375,9.405,8.565,8.875,568400.0
1998-09-24,False,daily,18.0,20.38,18.0,18.75,327800.0,9.0,10.19,9.0,9.375,655600.0
1998-09-23,False,daily,17.75,18.25,16.75,18.13,153000.0,8.875,9.125,8.375,9.065,306000.0
1998-09-22,False,daily,16.13,16.63,16.06,16.44,199600.0,8.065,8.315,8.03,8.22,399200.0
1998-09-21,False,daily,16.25,17.0,15.56,16.13,166100.0,8.125,8.5,7.78,8.065,332200.0
1998-09-18,False,daily,16.38,16.44,15.81,16.44,126500.0,8.19,8.22,7.905,8.22,253000.0
1998-09-17,False,daily,16.0,16.5,15.13,15.75,194600.0,8.0,8.25,7.565,7.875,389200.0
1998-09-16,False,daily,16.63,16.88,16.25,16.56,444700.0,8.315,8.44,8.125,8.28,889400.0
1998-09-15,False,daily,17.19,17.25,16.0,16.63,455200.0,8.595,8.625,8.0,8.315,910400.0
1998-09-14,False,daily,16.63,17.5,16.38,16.94,631600.0,8.315,8.75,8.19,8.47,1263200.0
1998-09-11,False,daily,15.06,16.13,14.38,15.75,1328700.0,7.53,8.065,7.19,7.875,2657400.0
1998-09-10,False,daily,25.5,25.5,12.5,14.81,4818100.0,12.75,12.75,6.25,7.405,9636200.0
1998-09-09,False,daily,27.0,27.5,25.56,25.66,165600.0,13.5,13.75,12.78,12.83,331200.0
1998-09-08,False,daily,25.25,28.88,24.5,27.5,118000.0,12.625,14.44,12.25,13.75,236000.0
1998-09-04,False,daily,24.0,25.0,23.0,24.13,37400.0,12.0,12.5,11.5,12.065,74800.0
1998-09-03,False,daily,25.0,25.13,24.0,24.25,132600.0,12.5,12.565,12.0,12.125,265200.0
1998-09-02,False,daily,25.0,25.38,24.38,24.38,54000.0,12.5,12.69,12.19,12.19,108000.0
1998-09-01,False,daily,24.38,25.0,23.63,24.5,105700.0,12.19,12.5,11.815,12.25,211400.0
1998-08-31,False,daily,24.0,26.25,24.0,24.44,209100.0,12.0,13.125,12.0,12.22,418200.0
1998-08-28,False,daily,25.88,25.88,22.88,24.0,368100.0,12.94,12.94,11.44,12.0,736200.0
1998-08-27,False,daily,26.0,26.0,24.5,24.94,166800.0,13.0,13.0,12.25,12.47,333600.0
1998-08-26,False,daily,28.5,28.5,26.44,26.81,64500.0,14.25,14.25,13.22,13.405,129000.0
1998-08-25,False,daily,29.13,30.0,28.5,28.5,61500.0,14.565,15.0,14.25,14.25,123000.0
1998-08-24,False,daily,29.5,29.63,29.0,29.19,72700.0,14.75,14.815,14.5,14.595,145400.0
1998-08-21,False,daily,30.25,30.25,29.5,29.56,133300.0,15.125,15.125,14.75,14.78,266600.0
1998-08-20,False,daily,30.0,30.25,29.88,29.94,77700.0,15.0,15.125,14.94,14.97,155400.0
1998-08-19,False,daily,32.5,32.69,29.88,30.06,83000.0,16.25,16.345,14.94,15.03,166000.0
1998-08-18,False,daily,30.88,32.75,30.0,32.34,58100.0,15.44,16.375,15.0,16.17,116200.0
1998-08-17,False,daily,29.75,31.0,29.75,30.13,47400.0,14.875,15.5,14.875,15.065,94800.0
1998-08-14,False,daily,30.75,30.75,29.63,30.0,62200.0,15.375,15.375,14.815,15.0,124400.0
1998-08-13,False,daily,30.25,31.5,29.5,29.69,285300.0,15.125,15.75,14.75,14.845,570600.0
1998-08-12,False,daily,31.0,31.5,29.81,31.5,130700.0,15.5,15.75,14.905,15.75,261400.0
1998-08-11,False,daily,31.0,31.13,29.81,29.94,194100.0,15.5,15.565,14.905,14.97,388200.0
1998-08-10,False,daily,33.75,34.75,31.25,31.44,79200.0,16.875,17.375,15.625,15.72,158400.0
1998-08-07,False,daily,32.5,34.25,32.25,34.0,59600.0,16.25,17.125,16.125,17.0,119200.0
1998-08-06,False,daily,30.94,32.25,30.5,32.06,76700.0,15.47,16.125,15.25,16.03,153400.0
1998-08-05,False,daily,31.0,31.0,29.75,30.31,59100.0,15.5,15.5,14.875,15.155,118200.0
1998-08-04,False,daily,30.25,30.69,29.5,30.06,158100.0,15.125,15.345,14.75,15.03,316200.0
1998-08-03,False,daily,29.13,30.5,28.75,29.97,297000.0,14.565,15.25,14.375,14.985,594000.0
1998-07-31,False,daily,31.5,31.5,29.75,31.0,69300.0,15.75,15.75,14.875,15.5,138600.0
1998-07-30,False,daily,32.5,33.0,31.0,31.13,218000.0,16.25,16.5,15.5,15.565,436000.0
1998-07-29,False,daily,33.13,33.13,32.0,32.5,63400.0,16.565,16.565,16.0,16.25,126800.0
1998-07-28,False,daily,32.75,33.0,32.38,33.0,52800.0,16.375,16.5,16.19,16.5,105600.0
1998-07-27,False,daily,32.63,33.13,32.59,32.81,104100.0,16.315,16.565,16.295,16.405,208200.0
1998-07-24,False,daily,34.25,34.25,32.5,32.88,79800.0,17.125,17.125,16.25,16.44,159600.0
1998-07-23,False,daily,34.5,34.5,33.25,33.25,87500.0,17.25,17.25,16.625,16.625,175000.0
1998-07-22,False,daily,35.5,35.5,33.88,34.25,183400.0,17.75,17.75,16.94,17.125,366800.0
1998-07-21,False,daily,35.38,36.0,34.5,35.5,315500.0,17.69,18.0,17.25,17.75,631000.0
1998-07-20,False,daily,36.25,36.25,34.63,34.63,118800.0,18.125,18.125,17.315,17.315,237600.0
1998-07-17,False,daily,38.0,38.0,36.38,36.5,73400.0,19.0,19.0,18.19,18.25,146800.0
1998-07-16,False,daily,38.38,38.5,37.0,37.06,130100.0,19.19,19.25,18.5,18.53,260200.0
1998-07-15,False,daily,39.0,39.0,37.25,38.38,9200.0,19.5,19.5,18.625,19.19,18400.0
1998-07-14,False,daily,38.5,38.69,37.25,38.5,87000.0,19.25,19.345,18.625,19.25,174000.0
1998-07-13,False,daily,36.75,38.25,36.75,38.06,52500.0,18.375,19.125,18.375,19.03,105000.0
1998-07-10,False,daily,37.0,37.25,36.0,36.94,46300.0,18.5,18.625,18.0,18.47,92600.0
1998-07-09,False,daily,38.75,38.75,36.5,36.5,70200.0,19.375,19.375,18.25,18.25,140400.0
1998-07-08,False,daily,36.0,38.0,36.0,38.0,47100.0,18.0,19.0,18.0,19.0,94200.0
1998-07-07,False,daily,36.5,36.88,36.38,36.38,45200.0,18.25,18.44,18.19,18.19,90400.0
1998-07-06,False,daily,37.5,38.38,36.75,37.0,25300.0,18.75,19.19,18.375,18.5,50600.0
1998-07-02,False,daily,36.44,38.5,36.44,37.75,22300.0,18.22,19.25,18.22,18.875,44600.0
1998-07-01,False,daily,34.75,36.75,34.75,36.75,22200.0,17.375,18.375,17.375,18.375,44400.0
1998-06-30,False,daily,34.0,36.0,34.0,35.59,64800.0,17.0,18.0,17.0,17.795,129600.0
1998-06-29,False,daily,36.5,37.0,34.0,34.5,97300.0,18.25,18.5,17.0,17.25,194600.0
1998-06-26,False,daily,35.63,36.5,35.5,36.0,114100.0,17.815,18.25,17.75,18.0,228200.0
1998-06-25,False,daily,35.13,35.88,34.91,35.88,87400.0,17.565,17.94,17.455,17.94,174800.0
1998-06-24,False,daily,33.88,34.75,32.69,34.75,40400.0,16.94,17.375,16.345,17.375,80800.0
1998-06-23,False,daily,33.0,33.88,32.75,33.88,28800.0,16.5,16.94,16.375,16.94,57600.0
1998-06-22,False,daily,33.25,33.75,32.0,33.0,31600.0,16.625,16.875,16.0,16.5,63200.0
1998-06-19,False,daily,31.25,32.5,31.25,32.38,104800.0,15.625,16.25,15.625,16.19,209600.0
1998-06-18,False,daily,34.25,34.25,31.5,31.81,115200.0,17.125,17.125,15.75,15.905,230400.0
1998-06-17,False,daily,34.0,34.28,33.5,34.0,113000.0,17.0,17.14,16.75,17.0,226000.0
1998-06-16,False,daily,34.0,35.0,33.69,33.69,85500.0,17.0,17.5,16.845,16.845,171000.0
1998-06-15,False,daily,35.0,35.0,34.0,34.0,25200.0,17.5,17.5,17.0,17.0,50400.0
1998-06-12,False,daily,35.31,35.31,34.5,34.81,104600.0,17.655,17.655,17.25,17.405,209200.0
1998-06-11,False,daily,34.75,35.63,34.75,35.13,45300.0,17.375,17.815,17.375,17.565,90600.0
1998-06-10,False,daily,35.0,35.25,34.38,35.25,62500.0,17.5,17.625,17.19,17.625,125000.0
1998-06-09,False,daily,34.5,35.19,34.13,34.88,150800.0,17.25,17.595,17.065,17.44,301600.0
1998-06-08,False,daily,33.63,35.38,33.5,34.38,138400.0,16.815,17.69,16.75,17.19,276800.0
1998-06-05,False,daily,33.63,33.63,32.56,33.63,49000.0,16.815,16.815,16.28,16.815,98000.0
1998-06-04,False,daily,33.63,33.63,32.88,33.63,29700.0,16.815,16.815,16.44,16.815,59400.0
1998-06-03,False,daily,33.0,33.63,33.0,33.38,133400.0,16.5,16.815,16.5,16.69,266800.0
1998-06-02,False,daily,34.0,34.0,32.88,33.25,51000.0,17.0,17.0,16.44,16.625,102000.0
1998-06-01,False,daily,33.5,33.63,32.75,33.5,33100.0,16.75,16.815,16.375,16.75,66200.0
1998-05-29,False,daily,33.25,33.5,32.75,32.75,77200.0,16.625,16.75,16.375,16.375,154400.0
1998-05-28,False,daily,31.5,33.75,31.5,33.56,258100.0,15.75,16.875,15.75,16.78,516200.0
1998-05-27,False,daily,31.88,32.88,31.38,32.88,121900.0,15.94,16.44,15.69,16.44,243800.0
1998-05-26,False,daily,33.38,33.63,32.0,32.88,178300.0,16.69,16.815,16.0,16.44,356600.0
1998-05-22,False,daily,33.5,33.5,32.5,32.5,19900.0,16.75,16.75,16.25,16.25,39800.0
1998-05-21,False,daily,34.5,35.75,32.41,33.0,312600.0,17.25,17.875,16.205,16.5,625200.0
1998-05-20,False,daily,31.88,32.38,31.0,32.0,160700.0,15.94,16.19,15.5,16.0,321400.0
1998-05-19,False,daily,31.88,31.88,31.0,31.88,46500.0,15.94,15.94,15.5,15.94,93000.0
1998-05-18,False,daily,32.38,32.38,31.38,31.38,22600.0,16.19,16.19,15.69,15.69,45200.0
1998-05-15,False,daily,32.75,33.25,32.0,32.38,153600.0,16.375,16.625,16.0,16.19,307200.0
1998-05-14,False,daily,33.25,33.25,32.0,32.0,40900.0,16.625,16.625,16.0,16.0,81800.0
1998-05-13,False,daily,33.38,33.5,32.72,32.72,56500.0,16.69,16.75,16.36,16.36,113000.0
1998-05-12,False,daily,33.5,33.5,33.0,33.0,45800.0,16.75,16.75,16.5,16.5,91600.0
1998-05-11,False,daily,33.0,33.5,33.0,33.5,81900.0,16.5,16.75,16.5,16.75,163800.0
1998-05-08,False,daily,33.0,34.0,33.0,33.31,270600.0,16.5,17.0,16.5,16.655,541200.0
1998-05-07,False,daily,34.0,34.0,33.0,33.5,126100.0,17.0,17.0,16.5,16.75,252200.0
1998-05-06,False,daily,34.0,34.0,33.0,33.75,91700.0,17.0,17.0,16.5,16.875,183400.0
1998-05-05,False,daily,32.0,34.0,32.0,33.75,263300.0,16.0,17.0,16.0,16.875,526600.0
1998-05-04,False,daily,34.0,34.0,33.0,33.63,134050.0,17.0,17.0,16.5,16.815,268100.0
1998-05-01,False,daily,66.75,66.75,64.75,66.5,14200.0,16.6875,16.6875,16.1875,16.625,56800.0
1998-04-30,False,daily,65.75,66.75,64.5,65.25,18900.0,16.4375,16.6875,16.125,16.3125,75600.0
1998-04-29,False,daily,65.0,65.0,62.75,65.0,5900.0,16.25,16.25,15.6875,16.25,23600.0
1998-04-28,False,daily,65.0,65.0,62.88,63.75,11800.0,16.25,16.25,15.72,15.9375,47200.0
1998-04-27,False,daily,62.63,64.5,62.63,63.88,96100.0,15.6575,16.125,15.6575,15.97,384400.0
1998-04-24,False,daily,66.75,66.75,63.13,64.0,18300.0,16.6875,16.6875,15.7825,16.0,73200.0
1998-04-23,False,daily,66.0,66.75,65.25,65.25,6600.0,16.5,16.6875,16.3125,16.3125,26400.0
1998-04-22,False,daily,65.25,66.0,64.0,65.25,7500.0,16.3125,16.5,16.0,16.3125,30000.0
1998-04-21,False,daily,64.5,64.75,63.56,64.5,25700.0,16.125,16.1875,15.89,16.125,102800.0
1998-04-20,False,daily,62.38,64.0,62.38,64.0,28300.0,15.595,16.0,15.595,16.0,113200.0
1998-04-17,False,daily,62.25,62.75,62.0,62.63,43300.0,15.5625,15.6875,15.5,15.6575,173200.0
1998-04-16,False,daily,63.75,63.75,61.75,62.5,14500.0,15.9375,15.9375,15.4375,15.625,58000.0
1998-04-15,False,daily,65.25,65.5,63.13,63.13,19600.0,16.3125,16.375,15.7825,15.7825,78400.0
1998-04-14,False,daily,64.0,65.5,62.75,65.13,44400.0,16.0,16.375,15.6875,16.2825,177600.0
1998-04-13,False,daily,61.75,63.88,61.0,63.88,39300.0,15.4375,15.97,15.25,15.97,157200.0
1998-04-09,False,daily,61.5,61.75,60.5,61.0,8400.0,15.375,15.4375,15.125,15.25,33600.0
1998-04-08,False,daily,63.0,63.0,60.5,60.94,29400.0,15.75,15.75,15.125,15.235,117600.0
1998-04-07,False,daily,64.0,64.0,62.0,62.0,13000.0,16.0,16.0,15.5,15.5,52000.0
1998-04-06,False,daily,63.75,64.25,62.88,63.0,8800.0,15.9375,16.0625,15.72,15.75,35200.0
1998-04-03,False,daily,63.75,64.5,62.25,62.25,86800.0,15.9375,16.125,15.5625,15.5625,347200.0
1998-04-02,False,daily,63.38,63.5,61.75,63.19,6300.0,15.845,15.875,15.4375,15.7975,25200.0
1998-04-01,False,daily,61.75,63.38,60.81,62.69,31400.0,15.4375,15.845,15.2025,15.6725,125600.0
1998-03-31,False,daily,61.5,61.75,60.0,61.06,10400.0,15.375,15.4375,15.0,15.265,41600.0
1998-03-30,False,daily,61.63,61.63,60.25,61.5,3400.0,15.4075,15.4075,15.0625,15.375,13600.0
1998-03-27,False,daily,62.0,62.0,60.5,61.5,17600.0,15.5,15.5,15.125,15.375,70400.0
1998-03-26,False,daily,63.25,63.5,61.0,61.0,17100.0,15.8125,15.875,15.25,15.25,68400.0
1998-03-25,False,daily,63.5,64.5,61.75,63.0,31400.0,15.875,16.125,15.4375,15.75,125600.0
1998-03-24,False,daily,64.13,64.13,62.75,63.13,102500.0,16.0325,16.0325,15.6875,15.7825,410000.0
1998-03-23,False,daily,59.88,63.88,59.88,63.88,108100.0,14.97,15.97,14.97,15.97,432400.0
1998-03-20,False,daily,58.75,60.25,57.5,60.0,54700.0,14.6875,15.0625,14.375,15.0,218800.0
1998-03-19,False,daily,57.13,57.75,57.0,57.5,102200.0,14.2825,14.4375,14.25,14.375,408800.0
1998-03-18,False,daily,57.44,57.5,55.75,57.38,24900.0,14.36,14.375,13.9375,14.345,99600.0
1998-03-17,False,daily,57.0,57.5,56.88,57.0,21900.0,14.25,14.375,14.22,14.25,87600.0
1998-03-16,False,daily,56.5,57.0,56.0,56.75,54700.0,14.125,14.25,14.0,14.1875,218800.0
1998-03-13,False,daily,56.5,57.25,56.5,56.75,23100.0,14.125,14.3125,14.125,14.1875,92400.0
1998-03-12,False,daily,56.13,57.5,56.13,57.13,43700.0,14.0325,14.375,14.0325,14.2825,174800.0
1998-03-11,False,daily,56.0,57.5,56.0,57.25,33500.0,14.0,14.375,14.0,14.3125,134000.0
1998-03-10,False,daily,56.0,57.5,56.0,56.63,54500.0,14.0,14.375,14.0,14.1575,218000.0
1998-03-09,False,daily,56.06,57.75,56.0,56.0,8600.0,14.015,14.4375,14.0,14.0,34400.0
1998-03-06,False,daily,55.5,57.5,55.5,57.5,4900.0,13.875,14.375,13.875,14.375,19600.0
1998-03-05,False,daily,55.0,56.75,55.0,55.88,11800.0,13.75,14.1875,13.75,13.97,47200.0
1998-03-04,False,daily,56.38,57.5,55.63,57.5,52400.0,14.095,14.375,13.9075,14.375,209600.0
1998-03-03,False,daily,57.5,57.5,55.75,56.59,106600.0,14.375,14.375,13.9375,14.1475,426400.0
1998-03-02,False,daily,57.0,57.13,56.63,57.13,21000.0,14.25,14.2825,14.1575,14.2825,84000.0
1998-02-27,False,daily,56.63,57.75,56.5,57.0,54800.0,14.1575,14.4375,14.125,14.25,219200.0
1998-02-26,False,daily,57.75,57.75,57.0,57.75,31100.0,14.4375,14.4375,14.25,14.4375,124400.0
1998-02-25,False,daily,56.5,57.75,56.5,57.63,61000.0,14.125,14.4375,14.125,14.4075,244000.0
1998-02-24,False,daily,56.75,57.25,56.5,57.25,83300.0,14.1875,14.3125,14.125,14.3125,333200.0
1998-02-23,False,daily,57.88,58.0,56.56,56.75,30400.0,14.47,14.5,14.14,14.1875,121600.0
1998-02-20,False,daily,58.5,58.5,57.63,57.63,18300.0,14.625,14.625,14.4075,14.4075,73200.0
1998-02-19,False,daily,58.75,58.75,57.25,57.5,9400.0,14.6875,14.6875,14.3125,14.375,37600.0
1998-02-18,False,daily,58.25,59.0,57.13,58.0,39800.0,14.5625,14.75,14.2825,14.5,159200.0
1998-02-17,False,daily,59.0,59.0,57.0,58.63,39800.0,14.75,14.75,14.25,14.6575,159200.0
1998-02-13,False,daily,56.75,58.75,56.75,58.75,10800.0,14.1875,14.6875,14.1875,14.6875,43200.0
1998-02-12,False,daily,59.0,59.0,57.25,57.25,27800.0,14.75,14.75,14.3125,14.3125,111200.0
1998-02-11,False,daily,60.0,60.25,58.0,58.0,42400.0,15.0,15.0625,14.5,14.5,169600.0
1998-02-10,False,daily,58.25,60.63,57.0,59.88,69000.0,14.5625,15.1575,14.25,14.97,276000.0
1998-02-09,False,daily,57.25,58.0,57.0,57.75,34600.0,14.3125,14.5,14.25,14.4375,138400.0
1998-02-06,False,daily,56.25,57.25,56.25,57.25,19100.0,14.0625,14.3125,14.0625,14.3125,76400.0
1998-02-05,False,daily,56.38,57.75,56.25,56.88,14000.0,14.095,14.4375,14.0625,14.22,56000.0
1998-02-04,False,daily,57.0,57.0,56.38,57.0,35600.0,14.25,14.25,14.095,14.25,142400.0
1998-02-03,False,daily,56.75,57.38,56.13,56.88,51000.0,14.1875,14.345,14.0325,14.22,204000.0
1998-02-02,False,daily,55.13,57.5,55.13,57.5,130000.0,13.7825,14.375,13.7825,14.375,520000.0
1998-01-30,False,daily,55.0,55.75,55.0,55.13,128400.0,13.75,13.9375,13.75,13.7825,513600.0
1998-01-29,False,daily,52.75,55.75,52.75,55.0,82300.0,13.1875,13.9375,13.1875,13.75,329200.0
1998-01-28,False,daily,54.5,55.0,53.0,53.0,42900.0,13.625,13.75,13.25,13.25,171600.0
1998-01-27,False,daily,55.13,55.75,54.5,54.88,175400.0,13.7825,13.9375,13.625,13.72,701600.0
1998-01-26,False,daily,54.25,55.19,54.25,55.0,64900.0,13.5625,13.7975,13.5625,13.75,259600.0
1998-01-23,False,daily,54.25,55.38,53.25,54.88,96500.0,13.5625,13.845,13.3125,13.72,386000.0
1998-01-22,False,daily,55.5,55.5,54.25,54.94,125800.0,13.875,13.875,13.5625,13.735,503200.0
1998-01-21,False,daily,56.38,56.5,56.0,56.25,37300.0,14.095,14.125,14.0,14.0625,149200.0
1998-01-20,False,daily,56.0,57.38,56.0,57.06,61800.0,14.0,14.345,14.0,14.265,247200.0
1998-01-16,False,daily,57.63,57.63,55.75,57.38,99200.0,14.4075,14.4075,13.9375,14.345,396800.0
1998-01-15,False,daily,55.75,57.25,54.25,56.5,128600.0,13.9375,14.3125,13.5625,14.125,514400.0
1998-01-14,False,daily,49.88,53.25,49.88,53.0,43900.0,12.47,13.3125,12.47,13.25,175600.0
1998-01-13,False,daily,52.25,52.25,49.5,50.38,20100.0,13.0625,13.0625,12.375,12.595,80400.0
1998-01-12,False,daily,50.25,51.75,50.0,50.44,65400.0,12.5625,12.9375,12.5,12.61,261600.0
1998-01-09,False,daily,54.0,54.5,51.75,51.75,53800.0,13.5,13.625,12.9375,12.9375,215200.0
1998-01-08,False,daily,54.25,55.0,54.25,54.31,49000.0,13.5625,13.75,13.5625,13.5775,196000.0
1998-01-07,False,daily,55.19,55.75,54.0,55.0,135800.0,13.7975,13.9375,13.5,13.75,543200.0
1998-01-06,False,daily,55.25,55.75,54.25,55.09,40700.0,13.8125,13.9375,13.5625,13.7725,162800.0
1998-01-05,False,daily,53.75,56.0,53.75,54.63,14500.0,13.4375,14.0,13.4375,13.6575,58000.0
1998-01-02,False,daily,55.75,55.75,53.75,53.75,19400.0,13.9375,13.9375,13.4375,13.4375,77600.0
1999-12-31,False,daily,50.5,51.69,49.5,49.5,45200.0,25.25,25.845,24.75,24.75,90400.0
1999-12-30,False,daily,50.75,51.25,50.38,50.56,92600.0,25.375,25.625,25.19,25.28,185200.0
1999-12-29,False,daily,52.19,52.63,50.88,51.13,126100.0,26.095,26.315,25.44,25.565,252200.0
1999-12-28,False,daily,52.09,55.22,51.5,52.84,227900.0,26.045,27.61,25.75,26.42,455800.0
1999-12-27,False,daily,49.88,52.5,49.44,52.25,281400.0,24.94,26.25,24.72,26.125,562800.0
1999-12-23,False,daily,50.5,50.5,48.75,49.25,39100.0,25.25,25.25,24.375,24.625,78200.0
1999-12-22,False,daily,49.31,50.38,49.25,50.38,88500.0,24.655,25.19,24.625,25.19,177000.0
1999-12-21,False,daily,47.19,50.13,47.0,50.0,174300.0,23.595,25.065,23.5,25.0,348600.0
1999-12-20,False,daily,48.44,48.5,47.19,47.19,92300.0,24.22,24.25,23.595,23.595,184600.0
1999-12-17,False,daily,49.63,49.69,48.88,49.06,234500.0,24.815,24.845,24.44,24.53,469000.0
1999-12-16,False,daily,49.75,50.0,47.13,49.38,168800.0,24.875,25.0,23.565,24.69,337600.0
1999-12-15,False,daily,44.88,51.0,44.75,49.75,451100.0,22.44,25.5,22.375,24.875,902200.0
1999-12-14,False,daily,42.63,46.38,42.25,45.94,915100.0,21.315,23.19,21.125,22.97,1830200.0
1999-12-13,False,daily,41.0,42.63,40.5,41.75,288700.0,20.5,21.315,20.25,20.875,577400.0
1999-12-10,False,daily,43.69,44.0,38.75,40.5,390600.0,21.845,22.0,19.375,20.25,781200.0
1999-12-09,False,daily,43.0,44.0,42.5,43.75,607700.0,21.5,22.0,21.25,21.875,1215400.0
1999-12-08,False,daily,40.06,43.13,40.06,42.56,116400.0,20.03,21.565,20.03,21.28,232800.0
1999-12-07,False,daily,40.25,41.5,39.31,41.44,103700.0,20.125,20.75,19.655,20.72,207400.0
1999-12-06,False,daily,39.5,40.75,38.63,40.13,80200.0,19.75,20.375,19.315,20.065,160400.0
1999-12-03,False,daily,38.25,39.5,38.25,39.13,112500.0,19.125,19.75,19.125,19.565,225000.0
1999-12-02,False,daily,36.63,39.25,36.5,37.88,171300.0,18.315,19.625,18.25,18.94,342600.0
1999-12-01,False,daily,36.44,36.75,36.0,36.63,67200.0,18.22,18.375,18.0,18.315,134400.0
1999-11-30,False,daily,34.88,37.13,34.69,36.81,226300.0,17.44,18.565,17.345,18.405,452600.0
1999-11-29,False,daily,35.25,35.25,34.75,34.94,107100.0,17.625,17.625,17.375,17.47,214200.0
1999-11-26,False,daily,35.13,35.63,35.13,35.56,29300.0,17.565,17.815,17.565,17.78,58600.0
1999-11-24,False,daily,36.31,36.5,35.0,35.25,146400.0,18.155,18.25,17.5,17.625,292800.0
1999-11-23,False,daily,37.88,38.19,36.63,36.94,170700.0,18.94,19.095,18.315,18.47,341400.0
1999-11-22,False,daily,38.06,38.25,37.75,38.13,148300.0,19.03,19.125,18.875,19.065,296600.0
1999-11-19,False,daily,39.13,39.31,37.69,38.38,242000.0,19.565,19.655,18.845,19.19,484000.0
1999-11-18,False,daily,39.25,40.94,38.25,39.0,273300.0,19.625,20.47,19.125,19.5,546600.0
1999-11-17,False,daily,36.91,38.88,36.88,38.5,403800.0,18.455,19.44,18.44,19.25,807600.0
1999-11-16,False,daily,36.88,37.13,36.63,37.06,116900.0,18.44,18.565,18.315,18.53,233800.0
1999-11-15,False,daily,37.38,37.38,36.5,36.5,134800.0,18.69,18.69,18.25,18.25,269600.0
1999-11-12,False,daily,35.13,37.75,35.0,37.0,217400.0,17.565,18.875,17.5,18.5,434800.0
1999-11-11,False,daily,35.44,35.5,35.13,35.13,97000.0,17.72,17.75,17.565,17.565,194000.0
1999-11-10,False,daily,35.0,36.13,35.0,35.69,103900.0,17.5,18.065,17.5,17.845,207800.0
1999-11-09,False,daily,35.25,35.44,34.63,35.22,88500.0,17.625,17.72,17.315,17.61,177000.0
1999-11-08,False,daily,35.31,36.25,35.25,35.63,94100.0,17.655,18.125,17.625,17.815,188200.0
1999-11-05,False,daily,36.13,36.19,34.5,36.0,238400.0,18.065,18.095,17.25,18.0,476800.0
1999-11-04,False,daily,35.75,36.06,35.19,35.69,245200.0,17.875,18.03,17.595,17.845,490400.0
1999-11-03,False,daily,34.06,35.63,34.06,35.25,147300.0,17.03,17.815,17.03,17.625,294600.0
1999-11-02,False,daily,33.0,34.94,33.0,34.25,153800.0,16.5,17.47,16.5,17.125,307600.0
1999-11-01,False,daily,32.63,34.69,32.5,33.5,80600.0,16.315,17.345,16.25,16.75,161200.0
1999-10-29,False,daily,32.0,33.63,31.75,32.63,354600.0,16.0,16.815,15.875,16.315,709200.0
1999-10-28,False,daily,34.94,36.38,31.5,32.25,659100.0,17.47,18.19,15.75,16.125,1318200.0
1999-10-27,False,daily,30.81,36.0,30.81,35.13,768400.0,15.405,18.0,15.405,17.565,1536800.0
1999-10-26,False,daily,28.5,31.06,28.38,30.84,819200.0,14.25,15.53,14.19,15.42,1638400.0
1999-10-25,False,daily,28.69,28.69,27.63,28.44,85100.0,14.345,14.345,13.815,14.22,170200.0
1999-10-22,False,daily,27.94,29.28,27.88,28.81,232800.0,13.97,14.64,13.94,14.405,465600.0
1999-10-21,False,daily,27.0,27.88,26.75,27.63,193400.0,13.5,13.94,13.375,13.815,386800.0
1999-10-20,False,daily,25.53,28.06,25.38,27.81,456100.0,12.765,14.03,12.69,13.905,912200.0
1999-10-19,False,daily,24.75,26.0,24.63,25.44,459200.0,12.375,13.0,12.315,12.72,918400.0
1999-10-18,False,daily,23.63,24.63,23.5,24.63,264400.0,11.815,12.315,11.75,12.315,528800.0
1999-10-15,False,daily,24.0,24.19,22.88,23.81,318400.0,12.0,12.095,11.44,11.905,636800.0
1999-10-14,False,daily,24.5,25.0,24.06,24.56,58400.0,12.25,12.5,12.03,12.28,116800.0
1999-10-13,False,daily,22.56,24.88,22.25,24.0,45000.0,11.28,12.44,11.125,12.0,90000.0
1999-10-12,False,daily,25.0,25.25,22.63,22.88,130100.0,12.5,12.625,11.315,11.44,260200.0
1999-10-11,False,daily,24.38,25.25,24.38,25.13,52600.0,12.19,12.625,12.19,12.565,105200.0
1999-10-08,False,daily,24.0,25.0,23.63,25.0,114100.0,12.0,12.5,11.815,12.5,228200.0
1999-10-07,False,daily,23.5,24.25,23.5,23.88,142100.0,11.75,12.125,11.75,11.94,284200.0
1999-10-06,False,daily,24.0,24.06,23.38,24.06,14400.0,12.0,12.03,11.69,12.03,28800.0
1999-10-05,False,daily,22.56,24.06,22.25,23.75,55800.0,11.28,12.03,11.125,11.875,111600.0
1999-10-04,False,daily,24.19,24.19,22.19,23.0,80800.0,12.095,12.095,11.095,11.5,161600.0
1999-10-01,False,daily,24.25,24.44,23.75,24.19,115700.0,12.125,12.22,11.875,12.095,231400.0
1999-09-30,False,daily,24.44,24.44,23.88,24.13,53300.0,12.22,12.22,11.94,12.065,106600.0
1999-09-29,False,daily,24.63,24.63,24.13,24.63,27300.0,12.315,12.315,12.065,12.315,54600.0
1999-09-28,False,daily,24.0,25.19,23.88,24.38,24600.0,12.0,12.595,11.94,12.19,49200.0
1999-09-27,False,daily,24.38,25.0,24.0,24.5,57000.0,12.19,12.5,12.0,12.25,114000.0
1999-09-24,False,daily,23.38,24.06,23.38,23.38,17900.0,11.69,12.03,11.69,11.69,35800.0
1999-09-23,False,daily,23.69,24.0,23.38,23.69,92500.0,11.845,12.0,11.69,11.845,185000.0
1999-09-22,False,daily,23.72,24.06,23.69,23.81,20300.0,11.86,12.03,11.845,11.905,40600.0
1999-09-21,False,daily,23.63,23.88,23.63,23.88,31200.0,11.815,11.94,11.815,11.94,62400.0
1999-09-20,False,daily,23.63,24.0,23.63,23.63,29000.0,11.815,12.0,11.815,11.815,58000.0
1999-09-17,False,daily,24.0,24.38,23.81,24.0,61600.0,12.0,12.19,11.905,12.0,123200.0
1999-09-16,False,daily,23.63,23.94,23.63,23.63,49600.0,11.815,11.97,11.815,11.815,99200.0
1999-09-15,False,daily,23.56,23.94,23.38,23.94,64000.0,11.78,11.97,11.69,11.97,128000.0
1999-09-14,False,daily,23.13,23.56,23.0,23.5,162700.0,11.565,11.78,11.5,11.75,325400.0
1999-09-13,False,daily,22.94,23.13,22.63,23.13,63500.0,11.47,11.565,11.315,11.565,127000.0
1999-09-10,False,daily,23.06,23.06,22.88,23.06,31100.0,11.53,11.53,11.44,11.53,62200.0
1999-09-09,False,daily,23.0,23.25,22.88,23.0,124200.0,11.5,11.625,11.44,11.5,248400.0
1999-09-08,False,daily,22.81,23.25,22.63,23.0,34500.0,11.405,11.625,11.315,11.5,69000.0
1999-09-07,False,daily,23.0,23.13,22.69,23.06,104900.0,11.5,11.565,11.345,11.53,209800.0
1999-09-03,False,daily,23.0,23.75,22.88,22.97,74600.0,11.5,11.875,11.44,11.485,149200.0
1999-09-02,False,daily,22.5,23.0,22.0,22.5,20600.0,11.25,11.5,11.0,11.25,41200.0
1999-09-01,False,daily,22.56,24.0,21.81,23.38,49400.0,11.28,12.0,10.905,11.69,98800.0
1999-08-31,False,daily,23.06,23.06,20.75,22.44,75400.0,11.53,11.53,10.375,11.22,150800.0
1999-08-30,False,daily,23.75,24.13,22.75,23.0,29500.0,11.875,12.065,11.375,11.5,59000.0
1999-08-27,False,daily,23.75,24.13,23.5,23.84,67500.0,11.875,12.065,11.75,11.92,135000.0
1999-08-26,False,daily,24.19,24.19,23.69,23.94,26500.0,12.095,12.095,11.845,11.97,53000.0
1999-08-25,False,daily,24.25,24.25,23.63,23.81,31000.0,12.125,12.125,11.815,11.905,62000.0
1999-08-24,False,daily,24.31,24.38,23.75,24.13,106200.0,12.155,12.19,11.875,12.065,212400.0
1999-08-23,False,daily,25.22,25.31,24.31,24.31,48600.0,12.61,12.655,12.155,12.155,97200.0
1999-08-20,False,daily,25.63,25.75,25.13,25.13,57500.0,12.815,12.875,12.565,12.565,115000.0
1999-08-19,False,daily,26.13,26.88,25.5,25.5,63400.0,13.065,13.44,12.75,12.75,126800.0
1999-08-18,False,daily,25.63,26.88,25.38,26.88,68400.0,12.815,13.44,12.69,13.44,136800.0
1999-08-17,False,daily,25.5,25.75,25.13,25.63,19100.0,12.75,12.875,12.565,12.815,38200.0
1999-08-16,False,daily,24.88,25.5,24.5,25.13,24400.0,12.44,12.75,12.25,12.565,48800.0
1999-08-13,False,daily,25.25,25.56,24.19,24.81,67900.0,12.625,12.78,12.095,12.405,135800.0
1999-08-12,False,daily,24.88,25.56,24.88,25.25,142000.0,12.44,12.78,12.44,12.625,284000.0
1999-08-11,False,daily,24.25,25.38,24.0,24.88,143700.0,12.125,12.69,12.0,12.44,287400.0
1999-08-10,False,daily,23.38,24.25,22.88,24.25,99700.0,11.69,12.125,11.44,12.125,199400.0
1999-08-09,False,daily,22.06,23.25,21.75,23.25,42900.0,11.03,11.625,10.875,11.625,85800.0
1999-08-06,False,daily,22.5,22.5,21.56,21.56,29300.0,11.25,11.25,10.78,10.78,58600.0
1999-08-05,False,daily,23.5,23.5,22.13,22.5,80300.0,11.75,11.75,11.065,11.25,160600.0
1999-08-04,False,daily,23.66,23.94,23.06,23.5,39700.0,11.83,11.97,11.53,11.75,79400.0
1999-08-03,False,daily,24.0,24.0,23.25,24.0,39700.0,12.0,12.0,11.625,12.0,79400.0
1999-08-02,False,daily,24.5,24.5,23.63,24.0,23000.0,12.25,12.25,11.815,12.0,46000.0
1999-07-30,False,daily,25.88,25.88,24.13,24.5,33600.0,12.94,12.94,12.065,12.25,67200.0
1999-07-29,False,daily,24.63,25.88,24.19,25.81,106500.0,12.315,12.94,12.095,12.905,213000.0
1999-07-28,False,daily,23.81,25.25,23.81,24.56,60300.0,11.905,12.625,11.905,12.28,120600.0
1999-07-27,False,daily,23.75,24.0,23.5,23.94,83700.0,11.875,12.0,11.75,11.97,167400.0
1999-07-26,False,daily,23.0,23.75,22.88,23.75,80600.0,11.5,11.875,11.44,11.875,161200.0
1999-07-23,False,daily,25.38,25.38,22.31,22.75,163100.0,12.69,12.69,11.155,11.375,326200.0
1999-07-22,False,daily,26.0,26.0,24.94,25.38,24600.0,13.0,13.0,12.47,12.69,49200.0
1999-07-21,False,daily,26.5,26.5,25.63,26.25,69300.0,13.25,13.25,12.815,13.125,138600.0
1999-07-20,False,daily,26.5,26.88,26.13,26.44,96000.0,13.25,13.44,13.065,13.22,192000.0
1999-07-19,False,daily,28.25,28.31,26.13,26.81,203900.0,14.125,14.155,13.065,13.405,407800.0
1999-07-16,False,daily,24.0,28.5,24.0,28.5,469500.0,12.0,14.25,12.0,14.25,939000.0
1999-07-15,False,daily,24.0,24.13,22.88,24.0,70700.0,12.0,12.065,11.44,12.0,141400.0
1999-07-14,False,daily,24.25,24.25,23.63,23.75,21200.0,12.125,12.125,11.815,11.875,42400.0
1999-07-13,False,daily,24.5,24.88,23.81,23.94,26300.0,12.25,12.44,11.905,11.97,52600.0
1999-07-12,False,daily,24.5,25.0,24.44,24.69,41500.0,12.25,12.5,12.22,12.345,83000.0
1999-07-09,False,daily,24.38,24.69,24.0,24.0,24900.0,12.19,12.345,12.0,12.0,49800.0
1999-07-08,False,daily,24.56,24.69,24.13,24.5,50900.0,12.28,12.345,12.065,12.25,101800.0
1999-07-07,False,daily,24.81,24.94,24.13,24.38,52900.0,12.405,12.47,12.065,12.19,105800.0
1999-07-06,False,daily,24.0,24.94,24.0,24.81,54700.0,12.0,12.47,12.0,12.405,109400.0
1999-07-02,False,daily,24.94,25.0,24.38,24.59,23400.0,12.47,12.5,12.19,12.295,46800.0
1999-07-01,False,daily,24.88,25.0,24.13,24.63,191900.0,12.44,12.5,12.065,12.315,383800.0
1999-06-30,False,daily,24.0,24.88,23.88,24.75,102900.0,12.0,12.44,11.94,12.375,205800.0
1999-06-29,False,daily,24.0,24.25,23.81,24.13,120200.0,12.0,12.125,11.905,12.065,240400.0
1999-06-28,False,daily,22.75,23.44,22.63,23.38,47900.0,11.375,11.72,11.315,11.69,95800.0
1999-06-25,False,daily,22.31,22.88,22.31,22.63,48300.0,11.155,11.44,11.155,11.315,96600.0
1999-06-24,False,daily,22.22,22.5,22.0,22.25,26200.0,11.11,11.25,11.0,11.125,52400.0
1999-06-23,False,daily,21.88,22.25,21.75,22.13,33800.0,10.94,11.125,10.875,11.065,67600.0
1999-06-22,False,daily,22.0,22.25,21.88,22.09,47400.0,11.0,11.125,10.94,11.045,94800.0
1999-06-21,False,daily,22.0,22.38,21.88,22.13,35100.0,11.0,11.19,10.94,11.065,70200.0
1999-06-18,False,daily,22.22,22.5,21.81,21.81,73800.0,11.11,11.25,10.905,10.905,147600.0
1999-06-17,False,daily,21.75,22.13,21.5,22.0,28900.0,10.875,11.065,10.75,11.0,57800.0
1999-06-16,False,daily,22.25,24.63,22.13,22.13,136800.0,11.125,12.315,11.065,11.065,273600.0
1999-06-15,False,daily,20.0,22.13,19.75,22.13,156600.0,10.0,11.065,9.875,11.065,313200.0
1999-06-14,False,daily,19.94,20.25,19.88,20.0,53300.0,9.97,10.125,9.94,10.0,106600.0
1999-06-11,False,daily,19.94,20.25,19.75,20.13,100100.0,9.97,10.125,9.875,10.065,200200.0
1999-06-10,False,daily,19.69,20.06,19.56,19.94,133400.0,9.845,10.03,9.78,9.97,266800.0
1999-06-09,False,daily,19.94,20.0,19.5,19.75,115800.0,9.97,10.0,9.75,9.875,231600.0
1999-06-08,False,daily,21.5,21.5,19.81,20.0,78500.0,10.75,10.75,9.905,10.0,157000.0
1999-06-07,False,daily,20.06,21.5,20.06,21.25,54400.0,10.03,10.75,10.03,10.625,108800.0
1999-06-04,False,daily,19.88,20.5,19.56,20.08,24900.0,9.94,10.25,9.78,10.04,49800.0
1999-06-03,False,daily,20.19,20.25,19.56,19.63,61000.0,10.095,10.125,9.78,9.815,122000.0
1999-06-02,False,daily,19.88,20.5,19.25,20.5,126600.0,9.94,10.25,9.625,10.25,253200.0
1999-06-01,False,daily,19.0,19.94,19.0,19.88,32500.0,9.5,9.97,9.5,9.94,65000.0
1999-05-28,False,daily,19.13,19.25,19.06,19.25,62700.0,9.565,9.625,9.53,9.625,125400.0
1999-05-27,False,daily,19.16,19.25,18.88,18.97,64700.0,9.58,9.625,9.44,9.485,129400.0
1999-05-26,False,daily,19.25,19.38,19.13,19.19,70800.0,9.625,9.69,9.565,9.595,141600.0
1999-05-25,False,daily,19.25,19.5,19.13,19.25,80900.0,9.625,9.75,9.565,9.625,161800.0
1999-05-24,False,daily,19.19,19.75,19.06,19.38,74000.0,9.595,9.875,9.53,9.69,148000.0
1999-05-21,False,daily,18.94,19.38,18.88,19.19,82500.0,9.47,9.69,9.44,9.595,165000.0
1999-05-20,False,daily,19.0,19.31,18.88,19.0,88100.0,9.5,9.655,9.44,9.5,176200.0
1999-05-19,False,daily,19.13,19.75,18.88,18.88,102100.0,9.565,9.875,9.44,9.44,204200.0
1999-05-18,False,daily,19.5,19.5,18.94,19.0,23000.0,9.75,9.75,9.47,9.5,46000.0
1999-05-17,False,daily,19.38,19.38,18.75,19.09,13800.0,9.69,9.69,9.375,9.545,27600.0
1999-05-14,False,daily,19.38,19.5,18.5,19.38,101000.0,9.69,9.75,9.25,9.69,202000.0
1999-05-13,False,daily,18.75,19.75,18.56,19.75,137400.0,9.375,9.875,9.28,9.875,274800.0
1999-05-12,False,daily,18.38,18.69,18.13,18.56,67700.0,9.19,9.345,9.065,9.28,135400.0
1999-05-11,False,daily,18.5,18.94,18.38,18.56,34700.0,9.25,9.47,9.19,9.28,69400.0
1999-05-10,False,daily,18.13,18.81,18.13,18.5,132500.0,9.065,9.405,9.065,9.25,265000.0
1999-05-07,False,daily,17.88,18.5,17.88,18.25,67000.0,8.94,9.25,8.94,9.125,134000.0
1999-05-06,False,daily,17.75,18.25,17.25,18.0,52700.0,8.875,9.125,8.625,9.0,105400.0
1999-05-05,False,daily,17.88,18.13,16.75,17.63,78300.0,8.94,9.065,8.375,8.815,156600.0
1999-05-04,False,daily,17.5,18.63,17.25,18.03,54100.0,8.75,9.315,8.625,9.015,108200.0
1999-05-03,False,daily,17.56,17.75,17.25,17.44,49900.0,8.78,8.875,8.625,8.72,99800.0
1999-04-30,False,daily,18.0,18.38,17.5,17.56,154300.0,9.0,9.19,8.75,8.78,308600.0
1999-04-29,False,daily,17.63,17.88,17.0,17.88,318800.0,8.815,8.94,8.5,8.94,637600.0
1999-04-28,False,daily,17.5,17.88,17.44,17.75,181000.0,8.75,8.94,8.72,8.875,362000.0
1999-04-27,False,daily,17.19,17.75,16.75,17.56,360700.0,8.595,8.875,8.375,8.78,721400.0
1999-04-26,False,daily,16.75,17.25,16.5,16.94,184100.0,8.375,8.625,8.25,8.47,368200.0
1999-04-23,False,daily,18.31,18.44,16.38,17.0,234200.0,9.155,9.22,8.19,8.5,468400.0
1999-04-22,False,daily,18.5,18.75,18.13,18.5,92900.0,9.25,9.375,9.065,9.25,185800.0
1999-04-21,False,daily,18.0,18.69,18.0,18.31,67200.0,9.0,9.345,9.0,9.155,134400.0
1999-04-20,False,daily,18.25,18.63,17.69,18.0,95900.0,9.125,9.315,8.845,9.0,191800.0
1999-04-19,False,daily,17.88,18.44,17.88,18.25,160100.0,8.94,9.22,8.94,9.125,320200.0
1999-04-16,False,daily,18.56,19.34,17.06,17.88,417100.0,9.28,9.67,8.53,8.94,834200.0
1999-04-15,False,daily,21.88,21.88,19.5,20.06,47900.0,10.94,10.94,9.75,10.03,95800.0
1999-04-14,False,daily,19.31,25.34,19.13,21.75,825300.0,9.655,12.67,9.565,10.875,1650600.0
1999-04-13,False,daily,18.69,19.38,18.31,19.0,203700.0,9.345,9.69,9.155,9.5,407400.0
1999-04-12,False,daily,17.44,18.5,17.38,18.25,117900.0,8.72,9.25,8.69,9.125,235800.0
1999-04-09,False,daily,17.13,17.63,17.0,17.63,105300.0,8.565,8.815,8.5,8.815,210600.0
1999-04-08,False,daily,18.0,18.0,17.0,17.38,212300.0,9.0,9.0,8.5,8.69,424600.0
1999-04-07,False,daily,19.0,19.13,17.56,17.94,122700.0,9.5,9.565,8.78,8.97,245400.0
1999-04-06,False,daily,20.0,20.38,18.81,18.88,87000.0,10.0,10.19,9.405,9.44,174000.0
1999-04-05,False,daily,20.5,20.75,19.75,20.25,93300.0,10.25,10.375,9.875,10.125,186600.0
1999-04-01,False,daily,20.75,20.75,20.5,20.69,32200.0,10.375,10.375,10.25,10.345,64400.0
1999-03-31,False,daily,20.31,20.75,20.19,20.69,104200.0,10.155,10.375,10.095,10.345,208400.0
1999-03-30,False,daily,19.88,20.38,19.63,20.06,172900.0,9.94,10.19,9.815,10.03,345800.0
1999-03-29,False,daily,19.75,20.31,19.75,19.94,29100.0,9.875,10.155,9.875,9.97,58200.0
1999-03-26,False,daily,19.81,20.31,19.19,19.88,69000.0,9.905,10.155,9.595,9.94,138000.0
1999-03-25,False,daily,18.63,19.88,18.63,19.88,43500.0,9.315,9.94,9.315,9.94,87000.0
1999-03-24,False,daily,19.13,19.38,18.38,18.94,62300.0,9.565,9.69,9.19,9.47,124600.0
1999-03-23,False,daily,19.69,19.69,18.56,18.63,119000.0,9.845,9.845,9.28,9.315,238000.0
1999-03-22,False,daily,20.56,20.88,19.69,19.69,61600.0,10.28,10.44,9.845,9.845,123200.0
1999-03-19,False,daily,21.0,22.0,20.13,20.5,157200.0,10.5,11.0,10.065,10.25,314400.0
1999-03-18,False,daily,20.19,21.0,19.75,21.0,186200.0,10.095,10.5,9.875,10.5,372400.0
1999-03-17,False,daily,19.69,20.19,19.69,20.13,108200.0,9.845,10.095,9.845,10.065,216400.0
1999-03-16,False,daily,20.13,20.13,19.75,19.81,33500.0,10.065,10.065,9.875,9.905,67000.0
1999-03-15,False,daily,19.69,20.13,19.63,20.06,91900.0,9.845,10.065,9.815,10.03,183800.0
1999-03-12,False,daily,19.13,19.94,19.13,19.75,69700.0,9.565,9.97,9.565,9.875,139400.0
1999-03-11,False,daily,19.06,19.38,19.06,19.38,22900.0,9.53,9.69,9.53,9.69,45800.0
1999-03-10,False,daily,18.88,19.31,18.88,19.31,62300.0,9.44,9.655,9.44,9.655,124600.0
1999-03-09,False,daily,19.13,19.25,18.88,18.97,119900.0,9.565,9.625,9.44,9.485,239800.0
1999-03-08,False,daily,19.38,19.69,19.25,19.25,58700.0,9.69,9.845,9.625,9.625,117400.0
1999-03-05,False,daily,19.06,19.69,19.06,19.44,44600.0,9.53,9.845,9.53,9.72,89200.0
1999-03-04,False,daily,19.5,19.5,18.88,19.0,79100.0,9.75,9.75,9.44,9.5,158200.0
1999-03-03,False,daily,19.25,20.0,19.25,19.5,89600.0,9.625,10.0,9.625,9.75,179200.0
1999-03-02,False,daily,19.25,19.56,19.0,19.19,61200.0,9.625,9.78,9.5,9.595,122400.0
1999-03-01,False,daily,19.25,19.75,19.0,19.31,71500.0,9.625,9.875,9.5,9.655,143000.0
1999-02-26,False,daily,18.75,19.44,18.38,19.19,89900.0,9.375,9.72,9.19,9.595,179800.0
1999-02-25,False,daily,18.44,19.0,18.19,19.0,74000.0,9.22,9.5,9.095,9.5,148000.0
1999-02-24,False,daily,18.19,18.56,18.19,18.38,87600.0,9.095,9.28,9.095,9.19,175200.0
1999-02-23,False,daily,18.38,18.38,18.19,18.25,64700.0,9.19,9.19,9.095,9.125,129400.0
1999-02-22,False,daily,18.38,18.5,18.19,18.25,93900.0,9.19,9.25,9.095,9.125,187800.0
1999-02-19,False,daily,18.25,18.5,18.19,18.38,51500.0,9.125,9.25,9.095,9.19,103000.0
1999-02-18,False,daily,18.13,18.38,18.0,18.13,78100.0,9.065,9.19,9.0,9.065,156200.0
1999-02-17,False,daily,18.0,18.31,17.88,18.13,241700.0,9.0,9.155,8.94,9.065,483400.0
1999-02-16,False,daily,17.88,18.06,17.88,18.0,199800.0,8.94,9.03,8.94,9.0,399600.0
1999-02-12,False,daily,17.63,18.06,17.63,18.0,153900.0,8.815,9.03,8.815,9.0,307800.0
1999-02-11,False,daily,18.0,18.06,17.56,17.88,315500.0,9.0,9.03,8.78,8.94,631000.0
1999-02-10,False,daily,17.88,18.06,17.75,17.75,207000.0,8.94,9.03,8.875,8.875,414000.0
1999-02-09,False,daily,18.25,18.25,17.88,17.97,237800.0,9.125,9.125,8.94,8.985,475600.0
1999-02-08,False,daily,18.0,18.25,17.88,18.25,115100.0,9.0,9.125,8.94,9.125,230200.0
1999-02-05,False,daily,18.63,18.63,18.0,18.0,167200.0,9.315,9.315,9.0,9.0,334400.0
1999-02-04,False,daily,18.88,18.88,18.69,18.69,132600.0,9.44,9.44,9.345,9.345,265200.0
1999-02-03,False,daily,18.88,19.0,18.5,18.75,224000.0,9.44,9.5,9.25,9.375,448000.0
1999-02-02,False,daily,19.13,19.13,18.88,19.0,163800.0,9.565,9.565,9.44,9.5,327600.0
1999-02-01,False,daily,19.0,19.63,18.63,19.13,284400.0,9.5,9.815,9.315,9.565,568800.0
1999-01-29,False,daily,18.0,19.06,17.88,18.81,196600.0,9.0,9.53,8.94,9.405,393200.0
1999-01-28,False,daily,18.25,18.25,17.88,18.13,73700.0,9.125,9.125,8.94,9.065,147400.0
1999-01-27,False,daily,18.81,18.94,17.88,18.25,251200.0,9.405,9.47,8.94,9.125,502400.0
1999-01-26,False,daily,18.0,19.25,18.0,18.88,218700.0,9.0,9.625,9.0,9.44,437400.0
1999-01-25,False,daily,18.0,18.13,17.88,18.0,273700.0,9.0,9.065,8.94,9.0,547400.0
1999-01-22,False,daily,17.88,18.13,17.75,18.0,152800.0,8.94,9.065,8.875,9.0,305600.0
1999-01-21,False,daily,18.06,18.13,17.88,17.88,172500.0,9.03,9.065,8.94,8.94,345000.0
1999-01-20,False,daily,17.88,18.13,17.5,18.0,302100.0,8.94,9.065,8.75,9.0,604200.0
1999-01-19,False,daily,18.13,18.13,17.0,17.75,131700.0,9.065,9.065,8.5,8.875,263400.0
1999-01-15,False,daily,17.25,17.5,16.13,16.81,108500.0,8.625,8.75,8.065,8.405,217000.0
1999-01-14,False,daily,17.81,18.0,17.0,17.13,95800.0,8.905,9.0,8.5,8.565,191600.0
1999-01-13,False,daily,16.44,17.81,15.0,17.81,117800.0,8.22,8.905,7.5,8.905,235600.0
1999-01-12,False,daily,18.38,18.56,17.0,17.13,302200.0,9.19,9.28,8.5,8.565,604400.0
1999-01-11,False,daily,18.63,18.88,18.5,18.75,61200.0,9.315,9.44,9.25,9.375,122400.0
1999-01-08,False,daily,18.81,18.94,18.69,18.75,115800.0,9.405,9.47,9.345,9.375,231600.0
1999-01-07,False,daily,18.81,19.0,18.63,18.94,141600.0,9.405,9.5,9.315,9.47,283200.0
1999-01-06,False,daily,18.63,19.0,18.63,18.88,112200.0,9.315,9.5,9.315,9.44,224400.0
1999-01-05,False,daily,17.5,19.13,17.31,18.69,301700.0,8.75,9.565,8.655,9.345,603400.0
1999-01-04,False,daily,16.94,17.5,16.94,17.25,139900.0,8.47,8.75,8.47,8.625,279800.0
2000-12-29,False,daily,39.75,40.38,34.0,34.56,1015300.0,39.75,40.38,34.0,34.56,1015300.0
2000-12-28,False,daily,39.31,40.63,39.06,39.56,666000.0,39.31,40.63,39.06,39.56,666000.0
2000-12-27,False,daily,37.31,40.0,36.5,39.75,736300.0,37.31,40.0,36.5,39.75,736300.0
2000-12-26,False,daily,36.94,38.19,36.19,37.81,456500.0,36.94,38.19,36.19,37.81,456500.0
2000-12-22,False,daily,35.19,38.13,35.17,37.89,765600.0,35.19,38.13,35.17,37.89,765600.0
2000-12-21,False,daily,32.5,36.56,31.56,34.19,755400.0,32.5,36.56,31.56,34.19,755400.0
2000-12-20,False,daily,34.5,34.63,31.5,32.5,1335300.0,34.5,34.63,31.5,32.5,1335300.0
2000-12-19,False,daily,33.22,37.0,33.0,34.69,1075200.0,33.22,37.0,33.0,34.69,1075200.0
2000-12-18,False,daily,32.94,33.88,32.88,33.25,1282400.0,32.94,33.88,32.88,33.25,1282400.0
2000-12-15,False,daily,33.38,33.75,32.13,32.88,865900.0,33.38,33.75,32.13,32.88,865900.0
2000-12-14,False,daily,32.88,35.38,32.75,34.69,909900.0,32.88,35.38,32.75,34.69,909900.0
2000-12-13,False,daily,34.75,35.31,32.63,33.63,1121400.0,34.75,35.31,32.63,33.63,1121400.0
2000-12-12,False,daily,38.0,38.5,34.13,34.75,5419300.0,38.0,38.5,34.13,34.75,5419300.0
2000-12-11,False,daily,42.75,44.56,42.0,44.5,1575500.0,42.75,44.56,42.0,44.5,1575500.0
2000-12-08,False,daily,43.0,46.44,41.44,42.5,1687300.0,43.0,46.44,41.44,42.5,1687300.0
2000-12-07,False,daily,43.56,43.81,40.06,42.5,523100.0,43.56,43.81,40.06,42.5,523100.0
2000-12-06,False,daily,40.97,46.63,40.69,43.83,1530700.0,40.97,46.63,40.69,43.83,1530700.0
2000-12-05,False,daily,36.5,41.25,36.06,40.88,1250500.0,36.5,41.25,36.06,40.88,1250500.0
2000-12-04,False,daily,36.38,36.44,34.88,36.13,524200.0,36.38,36.44,34.88,36.13,524200.0
2000-12-01,False,daily,34.81,36.75,33.13,36.75,779800.0,34.81,36.75,33.13,36.75,779800.0
2000-11-30,False,daily,36.63,36.75,33.81,34.5,827900.0,36.63,36.75,33.81,34.5,827900.0
2000-11-29,False,daily,35.19,37.5,35.19,37.38,726000.0,35.19,37.5,35.19,37.38,726000.0
2000-11-28,False,daily,36.98,38.0,34.75,35.06,1092600.0,36.98,38.0,34.75,35.06,1092600.0
2000-11-27,False,daily,37.06,39.25,36.5,36.75,383700.0,37.06,39.25,36.5,36.75,383700.0
2000-11-24,False,daily,36.5,38.25,36.25,36.25,302100.0,36.5,38.25,36.25,36.25,302100.0
2000-11-22,False,daily,37.67,37.67,35.13,36.5,710200.0,37.67,37.67,35.13,36.5,710200.0
2000-11-21,False,daily,39.69,40.0,37.25,37.75,708000.0,39.69,40.0,37.25,37.75,708000.0
2000-11-20,False,daily,39.0,40.88,38.75,39.25,746400.0,39.0,40.88,38.75,39.25,746400.0
2000-11-17,False,daily,42.06,42.44,39.63,39.63,516600.0,42.06,42.44,39.63,39.63,516600.0
2000-11-16,False,daily,42.5,43.31,41.5,41.69,270700.0,42.5,43.31,41.5,41.69,270700.0
2000-11-15,False,daily,42.25,43.19,39.88,42.94,703700.0,42.25,43.19,39.88,42.94,703700.0
2000-11-14,False,daily,41.0,42.88,40.63,41.88,463100.0,41.0,42.88,40.63,41.88,463100.0
2000-11-13,False,daily,41.56,41.66,38.0,40.38,559700.0,41.56,41.66,38.0,40.38,559700.0
2000-11-10,False,daily,44.0,44.06,41.75,41.81,400700.0,44.0,44.06,41.75,41.81,400700.0
2000-11-09,False,daily,45.91,46.19,43.94,44.38,559900.0,45.91,46.19,43.94,44.38,559900.0
2000-11-08,False,daily,46.63,46.88,44.88,46.31,751000.0,46.63,46.88,44.88,46.31,751000.0
2000-11-07,False,daily,47.94,48.13,44.88,46.31,450200.0,47.94,48.13,44.88,46.31,450200.0
2000-11-06,False,daily,47.67,48.75,47.38,47.56,355900.0,47.67,48.75,47.38,47.56,355900.0
2000-11-03,False,daily,48.97,49.0,46.63,47.56,378700.0,48.97,49.0,46.63,47.56,378700.0
2000-11-02,False,daily,44.44,48.88,44.38,48.19,712900.0,44.44,48.88,44.38,48.19,712900.0
2000-11-01,False,daily,46.0,46.19,43.31,43.75,269900.0,46.0,46.19,43.31,43.75,269900.0
2000-10-31,False,daily,45.06,46.42,44.31,46.25,405400.0,45.06,46.42,44.31,46.25,405400.0
2000-10-30,False,daily,43.13,45.13,43.11,45.13,473200.0,43.13,45.13,43.11,45.13,473200.0
2000-10-27,False,daily,42.25,43.75,41.94,42.94,530300.0,42.25,43.75,41.94,42.94,530300.0
2000-10-26,False,daily,41.88,42.5,37.5,41.69,754100.0,41.88,42.5,37.5,41.69,754100.0
2000-10-25,False,daily,41.66,44.56,41.63,41.75,723700.0,41.66,44.56,41.63,41.75,723700.0
2000-10-24,False,daily,42.05,43.56,42.0,43.0,735900.0,42.05,43.56,42.0,43.0,735900.0
2000-10-23,False,daily,40.38,42.31,40.33,42.0,1167900.0,40.38,42.31,40.33,42.0,1167900.0
2000-10-20,False,daily,37.0,43.81,37.0,40.0,2810500.0,37.0,43.81,37.0,40.0,2810500.0
2000-10-19,False,daily,33.25,35.38,32.63,33.69,2074700.0,33.25,35.38,32.63,33.69,2074700.0
2000-10-18,False,daily,33.94,33.94,30.38,31.19,2522100.0,33.94,33.94,30.38,31.19,2522100.0
2000-10-17,False,daily,38.5,39.19,33.25,35.06,1688500.0,38.5,39.19,33.25,35.06,1688500.0
2000-10-16,False,daily,41.0,41.06,36.63,38.44,1315000.0,41.0,41.06,36.63,38.44,1315000.0
2000-10-13,False,daily,39.5,42.75,38.5,40.63,1228600.0,39.5,42.75,38.5,40.63,1228600.0
2000-10-12,False,daily,43.34,45.06,39.63,39.63,1164200.0,43.34,45.06,39.63,39.63,1164200.0
2000-10-11,False,daily,40.13,43.31,39.44,43.0,1727500.0,40.13,43.31,39.44,43.0,1727500.0
2000-10-10,False,daily,47.81,48.75,42.75,43.13,1012900.0,47.81,48.75,42.75,43.13,1012900.0
2000-10-09,False,daily,47.97,49.06,44.38,48.88,862000.0,47.97,49.06,44.38,48.88,862000.0
2000-10-06,False,daily,55.88,56.75,47.63,49.0,1309500.0,55.88,56.75,47.63,49.0,1309500.0
2000-10-05,False,daily,55.23,58.0,55.09,55.88,555100.0,55.23,58.0,55.09,55.88,555100.0
2000-10-04,False,daily,58.88,58.88,54.75,55.0,1156400.0,58.88,58.88,54.75,55.0,1156400.0
2000-10-03,False,daily,60.13,61.88,58.5,58.5,588100.0,60.13,61.88,58.5,58.5,588100.0
2000-10-02,False,daily,58.22,59.19,57.63,58.25,768600.0,58.22,59.19,57.63,58.25,768600.0
2000-09-29,False,daily,56.25,58.5,54.5,58.23,5604400.0,56.25,58.5,54.5,58.23,5604400.0
2000-09-28,False,daily,51.38,57.94,51.19,57.94,732900.0,51.38,57.94,51.19,57.94,732900.0
2000-09-27,False,daily,53.13,54.38,51.0,51.0,470800.0,53.13,54.38,51.0,51.0,470800.0
2000-09-26,False,daily,52.81,53.0,49.81,50.0,695200.0,52.81,53.0,49.81,50.0,695200.0
2000-09-25,False,daily,52.38,54.25,51.69,52.75,537900.0,52.38,54.25,51.69,52.75,537900.0
2000-09-22,False,daily,45.0,51.25,44.88,50.81,730500.0,45.0,51.25,44.88,50.81,730500.0
2000-09-21,False,daily,48.75,49.13,47.88,48.0,780500.0,48.75,49.13,47.88,48.0,780500.0
2000-09-20,False,daily,51.97,52.0,46.75,48.88,1247900.0,51.97,52.0,46.75,48.88,1247900.0
2000-09-19,False,daily,53.03,53.38,49.13,51.69,1066200.0,53.03,53.38,49.13,51.69,1066200.0
2000-09-18,False,daily,57.5,57.75,50.63,54.25,1605500.0,57.5,57.75,50.63,54.25,1605500.0
2000-09-15,False,daily,63.63,63.63,56.38,56.98,753500.0,63.63,63.63,56.38,56.98,753500.0
2000-09-14,False,daily,62.88,65.0,62.19,64.06,629600.0,62.88,65.0,62.19,64.06,629600.0
2000-09-13,False,daily,62.09,63.44,62.06,62.44,633700.0,62.09,63.44,62.06,62.44,633700.0
2000-09-12,False,daily,62.0,63.25,61.44,62.06,1158300.0,62.0,63.25,61.44,62.06,1158300.0
2000-09-11,False,daily,59.84,61.13,59.81,61.0,640800.0,59.84,61.13,59.81,61.0,640800.0
2000-09-08,False,daily,59.19,60.56,59.06,59.19,544000.0,59.19,60.56,59.06,59.19,544000.0
2000-09-07,False,daily,59.91,60.0,59.13,59.44,465000.0,59.91,60.0,59.13,59.44,465000.0
2000-09-06,False,daily,59.31,60.25,58.63,59.88,772300.0,59.31,60.25,58.63,59.88,772300.0
2000-09-05,False,daily,58.75,59.75,58.31,59.19,889800.0,58.75,59.75,58.31,59.19,889800.0
2000-09-01,False,daily,58.13,59.25,58.0,58.31,695400.0,58.13,59.25,58.0,58.31,695400.0
2000-08-31,False,daily,56.13,59.19,56.09,57.63,753700.0,56.13,59.19,56.09,57.63,753700.0
2000-08-30,False,daily,55.19,56.38,54.31,56.06,497500.0,55.19,56.38,54.31,56.06,497500.0
2000-08-29,False,daily,53.19,55.81,52.44,55.38,379400.0,53.19,55.81,52.44,55.38,379400.0
2000-08-28,False,daily,53.91,54.44,52.19,53.06,224200.0,53.91,54.44,52.19,53.06,224200.0
2000-08-25,False,daily,54.91,56.38,53.69,53.94,259100.0,54.91,56.38,53.69,53.94,259100.0
2000-08-24,False,daily,53.13,55.63,52.5,55.63,399500.0,53.13,55.63,52.5,55.63,399500.0
2000-08-23,False,daily,53.53,54.63,52.38,52.75,641100.0,53.53,54.63,52.38,52.75,641100.0
2000-08-22,False,daily,55.06,58.94,54.94,56.19,948100.0,55.06,58.94,54.94,56.19,948100.0
2000-08-21,False,daily,54.06,55.0,51.38,55.0,488400.0,54.06,55.0,51.38,55.0,488400.0
2000-08-18,False,daily,53.84,54.5,53.31,53.44,403200.0,53.84,54.5,53.31,53.44,403200.0
2000-08-17,False,daily,51.13,54.0,50.13,53.25,361600.0,51.13,54.0,50.13,53.25,361600.0
2000-08-16,False,daily,53.41,54.75,52.13,52.63,787600.0,53.41,54.75,52.13,52.63,787600.0
2000-08-15,False,daily,53.38,53.75,53.0,53.5,396600.0,53.38,53.75,53.0,53.5,396600.0
2000-08-14,False,daily,54.0,54.0,51.5,53.56,498400.0,54.0,54.0,51.5,53.56,498400.0
2000-08-11,False,daily,49.06,54.13,49.06,53.13,947700.0,49.06,54.13,49.06,53.13,947700.0
2000-08-10,False,daily,49.56,50.94,48.5,48.94,481300.0,49.56,50.94,48.5,48.94,481300.0
2000-08-09,False,daily,51.88,51.88,48.22,49.31,403500.0,51.88,51.88,48.22,49.31,403500.0
2000-08-08,False,daily,51.81,53.0,50.63,51.38,626600.0,51.81,53.0,50.63,51.38,626600.0
2000-08-07,False,daily,49.13,52.0,46.63,51.92,1286400.0,49.13,52.0,46.63,51.92,1286400.0
2000-08-04,False,daily,49.19,50.0,45.19,48.63,776600.0,49.19,50.0,45.19,48.63,776600.0
2000-08-03,False,daily,44.31,49.13,42.25,48.75,977400.0,44.31,49.13,42.25,48.75,977400.0
2000-08-02,False,daily,42.5,45.81,42.19,45.5,2111500.0,42.5,45.81,42.19,45.5,2111500.0
2000-08-01,False,daily,43.88,43.94,42.0,42.19,533500.0,43.88,43.94,42.0,42.19,533500.0
2000-07-31,False,daily,42.5,45.25,42.25,43.81,1146500.0,42.5,45.25,42.25,43.81,1146500.0
2000-07-28,False,daily,45.63,45.75,44.06,44.19,624600.0,45.63,45.75,44.06,44.19,624600.0
2000-07-27,False,daily,49.56,49.78,45.5,45.56,852000.0,49.56,49.78,45.5,45.56,852000.0
2000-07-26,False,daily,49.13,50.13,48.0,49.81,542900.0,49.13,50.13,48.0,49.81,542900.0
2000-07-25,False,daily,48.5,49.5,47.0,49.38,517000.0,48.5,49.5,47.0,49.38,517000.0
2000-07-24,False,daily,45.75,49.69,45.13,48.5,444900.0,45.75,49.69,45.13,48.5,444900.0
2000-07-21,False,daily,49.69,49.88,45.06,46.5,844700.0,49.69,49.88,45.06,46.5,844700.0
2000-07-20,False,daily,49.22,51.0,49.0,49.5,540000.0,49.22,51.0,49.0,49.5,540000.0
2000-07-19,False,daily,48.88,49.38,48.5,49.31,260600.0,48.88,49.38,48.5,49.31,260600.0
2000-07-18,False,daily,49.63,49.94,48.69,49.25,378000.0,49.63,49.94,48.69,49.25,378000.0
2000-07-17,False,daily,47.63,50.31,47.38,49.94,553500.0,47.63,50.31,47.38,49.94,553500.0
2000-07-14,False,daily,47.81,47.81,46.0,47.44,587000.0,47.81,47.81,46.0,47.44,587000.0
2000-07-13,False,daily,46.13,48.13,45.94,47.06,524400.0,46.13,48.13,45.94,47.06,524400.0
2000-07-12,False,daily,47.25,48.13,45.44,45.44,682700.0,47.25,48.13,45.44,45.44,682700.0
2000-07-11,False,daily,46.69,47.69,45.75,46.88,559200.0,46.69,47.69,45.75,46.88,559200.0
2000-07-10,False,daily,44.69,46.75,44.5,46.5,541500.0,44.69,46.75,44.5,46.5,541500.0
2000-07-07,False,daily,40.94,44.25,40.88,44.06,319900.0,40.94,44.25,40.88,44.06,319900.0
2000-07-06,False,daily,41.44,41.5,39.5,41.0,452000.0,41.44,41.5,39.5,41.0,452000.0
2000-07-05,False,daily,41.88,42.0,41.25,41.25,468800.0,41.88,42.0,41.25,41.25,468800.0
2000-07-03,False,daily,40.56,42.63,40.5,42.0,202000.0,40.56,42.63,40.5,42.0,202000.0
2000-06-30,False,daily,43.28,44.75,41.75,42.63,1003100.0,43.28,44.75,41.75,42.63,1003100.0
2000-06-29,False,daily,44.44,44.5,42.5,43.44,602700.0,44.44,44.5,42.5,43.44,602700.0
2000-06-28,False,daily,40.06,44.5,40.0,44.44,756600.0,40.06,44.5,40.0,44.44,756600.0
2000-06-27,False,daily,39.25,41.94,38.0,41.31,627900.0,39.25,41.94,38.0,41.31,627900.0
2000-06-26,False,daily,39.13,39.5,37.5,39.31,385600.0,39.13,39.5,37.5,39.31,385600.0
2000-06-23,False,daily,39.72,39.94,38.75,38.81,534400.0,39.72,39.94,38.75,38.81,534400.0
2000-06-22,False,daily,41.28,41.31,38.31,39.69,528200.0,41.28,41.31,38.31,39.69,528200.0
2000-06-21,False,daily,40.69,40.81,38.81,40.75,568700.0,40.69,40.81,38.81,40.75,568700.0
2000-06-20,False,daily,39.81,41.75,38.75,40.81,447600.0,39.81,41.75,38.75,40.81,447600.0
2000-06-19,False,daily,38.13,39.97,36.0,39.81,373800.0,38.13,39.97,36.0,39.81,373800.0
2000-06-16,False,daily,39.75,39.81,38.0,38.25,738700.0,39.75,39.81,38.0,38.25,738700.0
2000-06-15,False,daily,40.06,40.19,36.5,39.94,627500.0,40.06,40.19,36.5,39.94,627500.0
2000-06-14,False,daily,38.53,39.94,38.5,39.88,722900.0,38.53,39.94,38.5,39.88,722900.0
2000-06-13,False,daily,37.63,38.69,37.5,38.44,299600.0,37.63,38.69,37.5,38.44,299600.0
2000-06-12,False,daily,39.0,39.0,37.38,38.75,794000.0,39.0,39.0,37.38,38.75,794000.0
2000-06-09,False,daily,36.0,38.94,36.0,38.5,918200.0,36.0,38.94,36.0,38.5,918200.0
2000-06-08,False,daily,38.47,38.63,34.94,34.94,557500.0,38.47,38.63,34.94,34.94,557500.0
2000-06-07,False,daily,39.81,39.94,37.44,38.44,717800.0,39.81,39.94,37.44,38.44,717800.0
2000-06-06,False,daily,39.97,40.13,39.25,39.75,767800.0,39.97,40.13,39.25,39.75,767800.0
2000-06-05,False,daily,39.88,40.06,39.06,39.94,1202600.0,39.88,40.06,39.06,39.94,1202600.0
2000-06-02,False,daily,34.97,39.94,34.94,39.63,1475400.0,34.97,39.94,34.94,39.63,1475400.0
2000-06-01,False,daily,32.81,35.5,32.63,34.94,706200.0,32.81,35.5,32.63,34.94,706200.0
2000-05-31,False,daily,29.38,30.94,29.0,30.88,582100.0,29.38,30.94,29.0,30.88,582100.0
2000-05-30,False,daily,28.81,29.75,28.44,29.75,374400.0,28.81,29.75,28.44,29.75,374400.0
2000-05-26,False,daily,28.5,29.5,27.25,28.44,211600.0,28.5,29.5,27.25,28.44,211600.0
2000-05-25,False,daily,28.88,30.5,28.0,28.0,400900.0,28.88,30.5,28.0,28.0,400900.0
2000-05-24,False,daily,26.31,28.5,26.08,28.5,436800.0,26.31,28.5,26.08,28.5,436800.0
2000-05-23,False,daily,27.94,29.72,26.75,27.25,613300.0,27.94,29.72,26.75,27.25,613300.0
2000-05-22,False,daily,31.31,31.75,26.94,28.0,505800.0,31.31,31.75,26.94,28.0,505800.0
2000-05-19,False,daily,32.44,33.56,30.25,30.95,537000.0,32.44,33.56,30.25,30.95,537000.0
2000-05-18,False,daily,32.75,35.19,32.25,33.88,555200.0,32.75,35.19,32.25,33.88,555200.0
2000-05-17,False,daily,32.03,32.63,31.25,32.0,372800.0,32.03,32.63,31.25,32.0,372800.0
2000-05-16,False,daily,32.44,34.38,31.75,32.94,190850.0,32.44,34.38,31.75,32.94,190850.0
2000-05-15,False,daily,62.91,63.63,61.0,63.56,395200.0,31.455,31.815,30.5,31.78,790400.0
2000-05-12,False,daily,60.0,63.0,58.5,62.25,458100.0,30.0,31.5,29.25,31.125,916200.0
2000-05-11,False,daily,57.56,60.0,57.25,60.0,221300.0,28.78,30.0,28.625,30.0,442600.0
2000-05-10,False,daily,59.13,59.13,54.44,57.25,368000.0,29.565,29.565,27.22,28.625,736000.0
2000-05-09,False,daily,59.13,61.0,56.44,61.0,236300.0,29.565,30.5,28.22,30.5,472600.0
2000-05-08,False,daily,58.81,61.25,57.63,58.75,246700.0,29.405,30.625,28.815,29.375,493400.0
2000-05-05,False,daily,57.44,60.0,55.44,58.75,511900.0,28.72,30.0,27.72,29.375,1023800.0
2000-05-04,False,daily,59.22,59.44,56.06,57.5,95300.0,29.61,29.72,28.03,28.75,190600.0
2000-05-03,False,daily,61.72,61.88,56.63,58.06,328700.0,30.86,30.94,28.315,29.03,657400.0
2000-05-02,False,daily,61.56,64.44,59.19,61.13,209400.0,30.78,32.22,29.595,30.565,418800.0
2000-05-01,False,daily,62.31,63.0,59.31,61.31,373700.0,31.155,31.5,29.655,30.655,747400.0
2000-04-28,False,daily,57.56,62.0,55.81,61.75,442800.0,28.78,31.0,27.905,30.875,885600.0
2000-04-27,False,daily,52.56,59.44,49.75,57.0,437400.0,26.28,29.72,24.875,28.5,874800.0
2000-04-26,False,daily,63.56,63.56,55.5,56.56,355900.0,31.78,31.78,27.75,28.28,711800.0
2000-04-25,False,daily,55.0,63.5,55.0,62.75,485100.0,27.5,31.75,27.5,31.375,970200.0
2000-04-24,False,daily,48.63,57.94,46.44,55.38,648400.0,24.315,28.97,23.22,27.69,1296800.0
2000-04-20,False,daily,49.75,50.06,44.5,47.38,506700.0,24.875,25.03,22.25,23.69,1013400.0
2000-04-19,False,daily,41.47,50.63,41.38,44.44,908200.0,20.735,25.315,20.69,22.22,1816400.0
2000-04-18,False,daily,36.31,43.25,34.44,40.94,1276400.0,18.155,21.625,17.22,20.47,2552800.0
2000-04-17,False,daily,37.63,40.0,33.5,34.0,1492200.0,18.815,20.0,16.75,17.0,2984400.0
2000-04-14,False,daily,52.0,52.0,35.38,36.0,588700.0,26.0,26.0,17.69,18.0,1177400.0
2000-04-13,False,daily,55.31,55.38,53.44,53.94,183000.0,27.655,27.69,26.72,26.97,366000.0
2000-04-12,False,daily,55.0,58.63,52.81,53.5,196800.0,27.5,29.315,26.405,26.75,393600.0
2000-04-11,False,daily,52.0,58.81,50.75,55.84,317600.0,26.0,29.405,25.375,27.92,635200.0
2000-04-10,False,daily,59.38,62.31,52.0,52.06,239600.0,29.69,31.155,26.0,26.03,479200.0
2000-04-07,False,daily,58.63,60.31,55.0,57.31,286900.0,29.315,30.155,27.5,28.655,573800.0
2000-04-06,False,daily,56.88,63.56,55.84,58.0,488600.0,28.44,31.78,27.92,29.0,977200.0
2000-04-05,False,daily,61.5,65.06,53.0,54.75,823400.0,30.75,32.53,26.5,27.375,1646800.0
2000-04-04,False,daily,68.81,69.31,50.88,64.69,647400.0,34.405,34.655,25.44,32.345,1294800.0
2000-04-03,False,daily,70.13,73.38,63.31,69.31,310200.0,35.065,36.69,31.655,34.655,620400.0
2000-03-31,False,daily,74.25,76.0,67.31,71.88,161400.0,37.125,38.0,33.655,35.94,322800.0
2000-03-30,False,daily,69.19,73.31,63.88,70.38,336900.0,34.595,36.655,31.94,35.19,673800.0
2000-03-29,False,daily,74.63,74.63,69.0,70.44,100600.0,37.315,37.315,34.5,35.22,201200.0
2000-03-28,False,daily,72.0,76.13,70.56,72.38,179400.0,36.0,38.065,35.28,36.19,358800.0
2000-03-27,False,daily,72.69,72.94,69.69,70.94,180500.0,36.345,36.47,34.845,35.47,361000.0
2000-03-24,False,daily,68.5,73.69,67.62,68.69,244300.0,34.25,36.845,33.81,34.345,488600.0
2000-03-23,False,daily,74.75,75.88,67.5,68.5,345700.0,37.375,37.94,33.75,34.25,691400.0
2000-03-22,False,daily,71.0,76.38,70.81,74.75,122700.0,35.5,38.19,35.405,37.375,245400.0
2000-03-21,False,daily,61.19,80.0,61.13,76.06,654800.0,30.595,40.0,30.565,38.03,1309600.0
2000-03-20,False,daily,78.0,78.06,59.31,60.0,624600.0,39.0,39.03,29.655,30.0,1249200.0
2000-03-17,False,daily,78.88,81.5,72.0,77.81,381100.0,39.44,40.75,36.0,38.905,762200.0
2000-03-16,False,daily,72.81,81.0,69.63,80.5,451300.0,36.405,40.5,34.815,40.25,902600.0
2000-03-15,False,daily,74.88,75.88,70.25,72.5,255600.0,37.44,37.94,35.125,36.25,511200.0
2000-03-14,False,daily,85.63,86.75,74.0,74.5,268300.0,42.815,43.375,37.0,37.25,536600.0
2000-03-13,False,daily,83.0,88.0,81.94,85.81,244900.0,41.5,44.0,40.97,42.905,489800.0
2000-03-10,False,daily,89.0,89.0,83.94,86.75,567200.0,44.5,44.5,41.97,43.375,1134400.0
2000-03-09,False,daily,83.5,89.5,79.31,86.19,413700.0,41.75,44.75,39.655,43.095,827400.0
2000-03-08,False,daily,85.5,88.0,84.0,87.0,310900.0,42.75,44.0,42.0,43.5,621800.0
2000-03-07,False,daily,88.0,88.25,82.56,84.56,184500.0,44.0,44.125,41.28,42.28,369000.0
2000-03-06,False,daily,89.31,89.94,87.25,88.13,298300.0,44.655,44.97,43.625,44.065,596600.0
2000-03-03,False,daily,79.38,90.63,79.25,90.0,447600.0,39.69,45.315,39.625,45.0,895200.0
2000-03-02,False,daily,79.06,81.0,78.88,79.59,225400.0,39.53,40.5,39.44,39.795,450800.0
2000-03-01,False,daily,78.0,81.81,76.0,80.06,297600.0,39.0,40.905,38.0,40.03,595200.0
2000-02-29,False,daily,68.38,79.75,68.13,79.25,279000.0,34.19,39.875,34.065,39.625,558000.0
2000-02-28,False,daily,67.56,69.13,65.81,68.88,161600.0,33.78,34.565,32.905,34.44,323200.0
2000-02-25,False,daily,66.31,68.88,66.31,67.38,124800.0,33.155,34.44,33.155,33.69,249600.0
2000-02-24,False,daily,66.25,67.5,65.25,66.69,322500.0,33.125,33.75,32.625,33.345,645000.0
2000-02-23,False,daily,65.0,66.75,62.75,66.75,242700.0,32.5,33.375,31.375,33.375,485400.0
2000-02-22,False,daily,60.31,66.38,57.75,64.94,741100.0,30.155,33.19,28.875,32.47,1482200.0
2000-02-18,False,daily,61.5,62.19,58.63,60.75,102600.0,30.75,31.095,29.315,30.375,205200.0
2000-02-17,False,daily,64.0,64.63,61.63,61.91,94400.0,32.0,32.315,30.815,30.955,188800.0
2000-02-16,False,daily,64.25,64.75,62.0,64.13,324200.0,32.125,32.375,31.0,32.065,648400.0
2000-02-15,False,daily,63.25,64.69,63.25,64.34,236000.0,31.625,32.345,31.625,32.17,472000.0
2000-02-14,False,daily,64.88,65.25,62.88,63.63,106600.0,32.44,32.625,31.44,31.815,213200.0
2000-02-11,False,daily,67.0,67.5,64.88,64.88,91600.0,33.5,33.75,32.44,32.44,183200.0
2000-02-10,False,daily,69.63,69.81,66.63,67.19,396900.0,34.815,34.905,33.315,33.595,793800.0
2000-02-09,False,daily,67.44,70.0,66.25,69.56,380200.0,33.72,35.0,33.125,34.78,760400.0
2000-02-08,False,daily,61.22,69.94,60.81,67.38,595200.0,30.61,34.97,30.405,33.69,1190400.0
2000-02-07,False,daily,58.5,61.63,58.44,61.25,473900.0,29.25,30.815,29.22,30.625,947800.0
2000-02-04,False,daily,57.81,59.63,57.44,58.69,188200.0,28.905,29.815,28.72,29.345,376400.0
2000-02-03,False,daily,58.28,58.5,56.88,58.0,271700.0,29.14,29.25,28.44,29.0,543400.0
2000-02-02,False,daily,59.0,59.38,55.75,57.75,162200.0,29.5,29.69,27.875,28.875,324400.0
2000-02-01,False,daily,55.88,60.0,55.63,59.0,418800.0,27.94,30.0,27.815,29.5,837600.0
2000-01-31,False,daily,54.06,55.81,52.88,55.75,331300.0,27.03,27.905,26.44,27.875,662600.0
2000-01-28,False,daily,54.0,54.75,53.5,54.47,106700.0,27.0,27.375,26.75,27.235,213400.0
2000-01-27,False,daily,52.88,55.0,52.88,54.94,300000.0,26.44,27.5,26.44,27.47,600000.0
2000-01-26,False,daily,53.31,54.19,52.81,53.5,176800.0,26.655,27.095,26.405,26.75,353600.0
2000-01-25,False,daily,54.19,54.44,52.94,53.44,170000.0,27.095,27.22,26.47,26.72,340000.0
2000-01-24,False,daily,54.5,55.63,54.25,54.63,181400.0,27.25,27.815,27.125,27.315,362800.0
2000-01-21,False,daily,54.5,55.25,54.0,54.44,574500.0,27.25,27.625,27.0,27.22,1149000.0
2000-01-20,False,daily,51.5,54.5,50.88,51.88,271500.0,25.75,27.25,25.44,25.94,543000.0
2000-01-19,False,daily,52.25,53.06,49.94,51.28,216200.0,26.125,26.53,24.97,25.64,432400.0
2000-01-18,False,daily,52.0,52.31,51.5,52.25,57500.0,26.0,26.155,25.75,26.125,115000.0
2000-01-14,False,daily,52.0,52.38,51.5,51.81,452100.0,26.0,26.19,25.75,25.905,904200.0
2000-01-13,False,daily,52.69,52.75,51.13,51.31,237300.0,26.345,26.375,25.565,25.655,474600.0
2000-01-12,False,daily,54.25,54.25,52.0,52.0,407700.0,27.125,27.125,26.0,26.0,815400.0
2000-01-11,False,daily,53.25,56.44,53.06,54.13,224300.0,26.625,28.22,26.53,27.065,448600.0
2000-01-10,False,daily,49.88,52.5,49.44,52.13,208600.0,24.94,26.25,24.72,26.065,417200.0
2000-01-07,False,daily,49.0,49.75,48.38,49.44,138000.0,24.5,24.875,24.19,24.72,276000.0
2000-01-06,False,daily,47.75,49.44,47.63,49.11,199400.0,23.875,24.72,23.815,24.555,398800.0
2000-01-05,False,daily,49.81,50.13,48.0,48.25,175300.0,24.905,25.065,24.0,24.125,350600.0
2000-01-04,False,daily,52.13,52.13,48.75,49.56,174700.0,26.065,26.065,24.375,24.78,349400.0
2000-01-03,False,daily,50.09,52.5,49.75,52.5,197300.0,25.045,26.25,24.875,26.25,394600.0
2001-12-31,False,daily,27.75,27.76,26.73,26.73,528800.0,27.75,27.76,26.73,26.73,528800.0
2001-12-28,False,daily,27.65,27.92,27.57,27.75,346300.0,27.65,27.92,27.57,27.75,346300.0
2001-12-27,False,daily,27.46,27.73,27.4,27.54,550100.0,27.46,27.73,27.4,27.54,550100.0
2001-12-26,False,daily,27.85,27.85,26.98,27.49,342900.0,27.85,27.85,26.98,27.49,342900.0
2001-12-24,False,daily,27.41,27.87,27.41,27.81,79100.0,27.41,27.87,27.41,27.81,79100.0
2001-12-21,False,daily,26.39,27.99,26.13,27.44,595500.0,26.39,27.99,26.13,27.44,595500.0
2001-12-20,False,daily,26.85,27.33,26.67,27.0,395200.0,26.85,27.33,26.67,27.0,395200.0
2001-12-19,False,daily,27.05,27.74,26.9,27.23,375000.0,27.05,27.74,26.9,27.23,375000.0
2001-12-18,False,daily,26.24,27.3,26.24,27.18,361100.0,26.24,27.3,26.24,27.18,361100.0
2001-12-17,False,daily,25.6,26.6,25.4,26.24,187100.0,25.6,26.6,25.4,26.24,187100.0
2001-12-14,False,daily,26.41,26.6,25.45,25.75,239900.0,26.41,26.6,25.45,25.75,239900.0
2001-12-13,False,daily,26.26,26.65,25.7,26.39,185700.0,26.26,26.65,25.7,26.39,185700.0
2001-12-12,False,daily,26.31,26.97,25.91,26.66,112400.0,26.31,26.97,25.91,26.66,112400.0
2001-12-11,False,daily,26.6,26.8,26.1,26.54,179100.0,26.6,26.8,26.1,26.54,179100.0
2001-12-10,False,daily,26.62,26.75,26.17,26.6,350300.0,26.62,26.75,26.17,26.6,350300.0
2001-12-07,False,daily,27.4,27.4,26.32,27.04,444700.0,27.4,27.4,26.32,27.04,444700.0
2001-12-06,False,daily,27.53,27.53,26.9,27.33,419600.0,27.53,27.53,26.9,27.33,419600.0
2001-12-05,False,daily,26.22,27.75,26.1,27.29,505700.0,26.22,27.75,26.1,27.29,505700.0
2001-12-04,False,daily,24.9,26.28,24.88,26.21,371100.0,24.9,26.28,24.88,26.21,371100.0
2001-12-03,False,daily,25.29,25.29,24.69,24.91,355400.0,25.29,25.29,24.69,24.91,355400.0
2001-11-30,False,daily,25.5,25.94,25.15,25.23,388600.0,25.5,25.94,25.15,25.23,388600.0
2001-11-29,False,daily,24.96,25.55,24.81,25.43,452800.0,24.96,25.55,24.81,25.43,452800.0
2001-11-28,False,daily,26.2,26.2,24.9,25.01,540700.0,26.2,26.2,24.9,25.01,540700.0
2001-11-27,False,daily,26.7,26.7,26.23,26.33,193600.0,26.7,26.7,26.23,26.33,193600.0
2001-11-26,False,daily,25.96,27.0,25.95,26.86,262500.0,25.96,27.0,25.95,26.86,262500.0
2001-11-23,False,daily,26.2,26.2,25.94,26.15,46700.0,26.2,26.2,25.94,26.15,46700.0
2001-11-21,False,daily,26.09,26.09,25.29,25.96,137900.0,26.09,26.09,25.29,25.96,137900.0
2001-11-20,False,daily,26.42,26.43,25.67,25.97,341800.0,26.42,26.43,25.67,25.97,341800.0
2001-11-19,False,daily,26.0,27.04,25.95,26.4,284200.0,26.0,27.04,25.95,26.4,284200.0
2001-11-16,False,daily,26.2,26.3,25.68,26.0,154100.0,26.2,26.3,25.68,26.0,154100.0
2001-11-15,False,daily,26.94,27.29,26.17,26.46,528000.0,26.94,27.29,26.17,26.46,528000.0
2001-11-14,False,daily,25.93,27.12,25.93,26.97,1029700.0,25.93,27.12,25.93,26.97,1029700.0
2001-11-13,False,daily,24.52,25.96,24.32,25.65,881300.0,24.52,25.96,24.32,25.65,881300.0
2001-11-12,False,daily,23.77,24.56,23.54,24.45,712000.0,23.77,24.56,23.54,24.45,712000.0
2001-11-09,False,daily,23.9,24.4,23.47,23.96,454600.0,23.9,24.4,23.47,23.96,454600.0
2001-11-08,False,daily,24.15,24.2,23.76,23.94,328600.0,24.15,24.2,23.76,23.94,328600.0
2001-11-07,False,daily,24.45,24.45,22.94,24.15,1190500.0,24.45,24.45,22.94,24.15,1190500.0
2001-11-06,False,daily,23.73,24.0,23.38,23.94,408100.0,23.73,24.0,23.38,23.94,408100.0
2001-11-05,False,daily,22.93,24.34,22.93,24.0,134800.0,22.93,24.34,22.93,24.0,134800.0
2001-11-02,False,daily,23.17,23.55,22.7,23.01,324500.0,23.17,23.55,22.7,23.01,324500.0
2001-11-01,False,daily,23.35,23.35,22.79,23.23,734200.0,23.35,23.35,22.79,23.23,734200.0
2001-10-31,False,daily,23.06,23.85,22.93,23.44,498700.0,23.06,23.85,22.93,23.44,498700.0
2001-10-30,False,daily,23.62,23.62,23.07,23.1,634300.0,23.62,23.62,23.07,23.1,634300.0
2001-10-29,False,daily,23.8,24.0,23.7,23.76,703600.0,23.8,24.0,23.7,23.76,703600.0
2001-10-26,False,daily,22.95,23.97,22.8,23.86,820800.0,22.95,23.97,22.8,23.86,820800.0
2001-10-25,False,daily,22.13,23.62,21.49,23.05,857800.0,22.13,23.62,21.49,23.05,857800.0
2001-10-24,False,daily,22.38,22.38,20.33,22.33,707300.0,22.38,22.38,20.33,22.33,707300.0
2001-10-23,False,daily,20.93,21.15,20.53,20.59,488600.0,20.93,21.15,20.53,20.59,488600.0
2001-10-22,False,daily,20.58,21.21,20.38,21.04,694100.0,20.58,21.21,20.38,21.04,694100.0
2001-10-19,False,daily,19.0,20.68,18.91,20.48,1155400.0,19.0,20.68,18.91,20.48,1155400.0
2001-10-18,False,daily,19.11,19.27,18.9,18.9,308400.0,19.11,19.27,18.9,18.9,308400.0
2001-10-17,False,daily,19.38,19.76,19.02,19.2,277800.0,19.38,19.76,19.02,19.2,277800.0
2001-10-16,False,daily,19.4,19.65,19.16,19.27,616900.0,19.4,19.65,19.16,19.27,616900.0
2001-10-15,False,daily,19.4,19.6,19.11,19.45,466000.0,19.4,19.6,19.11,19.45,466000.0
2001-10-12,False,daily,19.91,20.1,19.13,19.44,377900.0,19.91,20.1,19.13,19.44,377900.0
2001-10-11,False,daily,19.42,20.24,19.38,20.14,509400.0,19.42,20.24,19.38,20.14,509400.0
2001-10-10,False,daily,18.55,19.5,18.43,19.42,399300.0,18.55,19.5,18.43,19.42,399300.0
2001-10-09,False,daily,18.98,18.98,18.45,18.68,410100.0,18.98,18.98,18.45,18.68,410100.0
2001-10-08,False,daily,19.84,19.84,18.61,18.77,684700.0,19.84,19.84,18.61,18.77,684700.0
2001-10-05,False,daily,20.34,20.34,19.56,19.83,761100.0,20.34,20.34,19.56,19.83,761100.0
2001-10-04,False,daily,21.3,21.3,20.08,20.21,779000.0,21.3,21.3,20.08,20.21,779000.0
2001-10-03,False,daily,21.0,21.0,19.89,20.99,552900.0,21.0,21.0,19.89,20.99,552900.0
2001-10-02,False,daily,20.29,20.29,19.12,20.13,674400.0,20.29,20.29,19.12,20.13,674400.0
2001-10-01,False,daily,19.92,20.15,18.58,19.8,366900.0,19.92,20.15,18.58,19.8,366900.0
2001-09-28,False,daily,19.51,21.01,19.42,20.2,1068500.0,19.51,21.01,19.42,20.2,1068500.0
2001-09-27,False,daily,19.01,20.17,18.57,19.5,853900.0,19.01,20.17,18.57,19.5,853900.0
2001-09-26,False,daily,19.0,19.35,18.58,19.05,538300.0,19.0,19.35,18.58,19.05,538300.0
2001-09-25,False,daily,18.82,19.03,18.3,19.02,446800.0,18.82,19.03,18.3,19.02,446800.0
2001-09-24,False,daily,17.46,19.08,17.2,18.87,951900.0,17.46,19.08,17.2,18.87,951900.0
2001-09-21,False,daily,18.02,18.02,15.85,17.41,1155000.0,18.02,18.02,15.85,17.41,1155000.0
2001-09-20,False,daily,17.85,17.85,16.5,16.67,451500.0,17.85,17.85,16.5,16.67,451500.0
2001-09-19,False,daily,19.33,19.33,17.81,17.82,1201900.0,19.33,19.33,17.81,17.82,1201900.0
2001-09-18,False,daily,17.93,18.05,17.05,17.99,948800.0,17.93,18.05,17.05,17.99,948800.0
2001-09-17,False,daily,19.3,19.31,17.26,18.05,1563600.0,19.3,19.31,17.26,18.05,1563600.0
2001-09-10,False,daily,20.01,20.16,19.29,19.65,509200.0,20.01,20.16,19.29,19.65,509200.0
2001-09-07,False,daily,20.48,20.48,19.97,20.2,553900.0,20.48,20.48,19.97,20.2,553900.0
2001-09-06,False,daily,21.12,21.13,20.18,20.65,596400.0,21.12,21.13,20.18,20.65,596400.0
2001-09-05,False,daily,22.36,22.41,20.99,21.28,404700.0,22.36,22.41,20.99,21.28,404700.0
2001-09-04,False,daily,22.03,23.25,22.02,22.36,420800.0,22.03,23.25,22.02,22.36,420800.0
2001-08-31,False,daily,21.72,22.68,21.71,22.36,375400.0,21.72,22.68,21.71,22.36,375400.0
2001-08-30,False,daily,21.63,22.13,21.53,21.82,412100.0,21.63,22.13,21.53,21.82,412100.0
2001-08-29,False,daily,21.85,22.1,21.55,21.73,355600.0,21.85,22.1,21.55,21.73,355600.0
2001-08-28,False,daily,21.89,22.55,21.67,21.83,420300.0,21.89,22.55,21.67,21.83,420300.0
2001-08-27,False,daily,22.38,22.48,21.81,21.99,292100.0,22.38,22.48,21.81,21.99,292100.0
2001-08-24,False,daily,21.79,22.76,21.79,22.54,258500.0,21.79,22.76,21.79,22.54,258500.0
2001-08-23,False,daily,21.74,22.13,21.39,21.86,360000.0,21.74,22.13,21.39,21.86,360000.0
2001-08-22,False,daily,21.2,21.78,21.13,21.68,302800.0,21.2,21.78,21.13,21.68,302800.0
2001-08-21,False,daily,21.2,21.89,21.0,21.02,885700.0,21.2,21.89,21.0,21.02,885700.0
2001-08-20,False,daily,20.7,21.35,20.68,21.12,577700.0,20.7,21.35,20.68,21.12,577700.0
2001-08-17,False,daily,20.85,21.2,20.75,20.9,473700.0,20.85,21.2,20.75,20.9,473700.0
2001-08-16,False,daily,20.9,21.77,20.71,21.2,667500.0,20.9,21.77,20.71,21.2,667500.0
2001-08-15,False,daily,21.17,21.29,20.59,20.98,235800.0,21.17,21.29,20.59,20.98,235800.0
2001-08-14,False,daily,21.66,21.94,20.82,21.3,205500.0,21.66,21.94,20.82,21.3,205500.0
2001-08-13,False,daily,21.77,21.95,20.95,21.68,98200.0,21.77,21.95,20.95,21.68,98200.0
2001-08-10,False,daily,21.13,21.8,20.3,21.67,213100.0,21.13,21.8,20.3,21.67,213100.0
2001-08-09,False,daily,21.12,21.24,20.41,21.15,421400.0,21.12,21.24,20.41,21.15,421400.0
2001-08-08,False,daily,21.59,21.9,21.16,21.16,320900.0,21.59,21.9,21.16,21.16,320900.0
2001-08-07,False,daily,21.45,21.84,21.16,21.75,437000.0,21.45,21.84,21.16,21.75,437000.0
2001-08-06,False,daily,21.8,22.01,21.43,21.62,369600.0,21.8,22.01,21.43,21.62,369600.0
2001-08-03,False,daily,21.81,22.01,20.75,21.78,388500.0,21.81,22.01,20.75,21.78,388500.0
2001-08-02,False,daily,20.71,22.49,20.66,21.9,644400.0,20.71,22.49,20.66,21.9,644400.0
2001-08-01,False,daily,20.2,20.86,19.75,20.58,218500.0,20.2,20.86,19.75,20.58,218500.0
2001-07-31,False,daily,20.09,21.0,20.0,20.16,377000.0,20.09,21.0,20.0,20.16,377000.0
2001-07-30,False,daily,20.46,20.74,19.75,20.0,247500.0,20.46,20.74,19.75,20.0,247500.0
2001-07-27,False,daily,20.43,20.65,20.17,20.45,304800.0,20.43,20.65,20.17,20.45,304800.0
2001-07-26,False,daily,20.16,20.45,19.87,20.25,326100.0,20.16,20.45,19.87,20.25,326100.0
2001-07-25,False,daily,20.17,20.25,19.8,20.14,277800.0,20.17,20.25,19.8,20.14,277800.0
2001-07-24,False,daily,20.74,20.95,19.65,20.16,1165200.0,20.74,20.95,19.65,20.16,1165200.0
2001-07-23,False,daily,20.13,21.0,20.12,20.82,618900.0,20.13,21.0,20.12,20.82,618900.0
2001-07-20,False,daily,18.98,20.35,18.98,20.07,804600.0,18.98,20.35,18.98,20.07,804600.0
2001-07-19,False,daily,18.95,19.37,18.9,18.98,694200.0,18.95,19.37,18.9,18.98,694200.0
2001-07-18,False,daily,18.96,19.2,18.9,18.95,648400.0,18.96,19.2,18.9,18.95,648400.0
2001-07-17,False,daily,19.9,19.9,18.78,19.06,755100.0,19.9,19.9,18.78,19.06,755100.0
2001-07-16,False,daily,20.08,20.09,19.71,19.81,435900.0,20.08,20.09,19.71,19.81,435900.0
2001-07-13,False,daily,20.19,20.34,19.88,20.19,297600.0,20.19,20.34,19.88,20.19,297600.0
2001-07-12,False,daily,19.51,20.51,19.5,20.46,764100.0,19.51,20.51,19.5,20.46,764100.0
2001-07-11,False,daily,19.45,19.66,19.4,19.5,1042300.0,19.45,19.66,19.4,19.5,1042300.0
2001-07-10,False,daily,19.14,19.61,19.13,19.5,1331900.0,19.14,19.61,19.13,19.5,1331900.0
2001-07-09,False,daily,19.6,19.89,19.01,19.29,647300.0,19.6,19.89,19.01,19.29,647300.0
2001-07-06,False,daily,19.93,20.11,19.55,19.73,446300.0,19.93,20.11,19.55,19.73,446300.0
2001-07-05,False,daily,20.0,20.16,19.76,19.97,713400.0,20.0,20.16,19.76,19.97,713400.0
2001-07-03,False,daily,20.55,20.55,20.0,20.14,528300.0,20.55,20.55,20.0,20.14,528300.0
2001-07-02,False,daily,21.68,21.68,20.52,20.54,1182900.0,21.68,21.68,20.52,20.54,1182900.0
2001-06-29,False,daily,21.56,22.0,20.7,22.0,511200.0,21.56,22.0,20.7,22.0,511200.0
2001-06-28,False,daily,21.71,21.86,21.36,21.48,581000.0,21.71,21.86,21.36,21.48,581000.0
2001-06-27,False,daily,21.75,22.15,21.55,21.6,498400.0,21.75,22.15,21.55,21.6,498400.0
2001-06-26,False,daily,22.0,22.1,21.71,21.8,689400.0,22.0,22.1,21.71,21.8,689400.0
2001-06-25,False,daily,22.02,22.17,21.9,22.01,1243000.0,22.02,22.17,21.9,22.01,1243000.0
2001-06-22,False,daily,22.05,23.05,21.81,22.05,3824300.0,22.05,23.05,21.81,22.05,3824300.0
2001-06-21,False,daily,26.01,26.25,25.52,25.86,1187000.0,26.01,26.25,25.52,25.86,1187000.0
2001-06-20,False,daily,26.69,26.69,25.7,26.06,555800.0,26.69,26.69,25.7,26.06,555800.0
2001-06-19,False,daily,27.0,27.68,26.57,26.64,314800.0,27.0,27.68,26.57,26.64,314800.0
2001-06-18,False,daily,26.76,27.04,26.69,26.8,218700.0,26.76,27.04,26.69,26.8,218700.0
2001-06-15,False,daily,26.78,27.03,26.51,26.95,467500.0,26.78,27.03,26.51,26.95,467500.0
2001-06-14,False,daily,27.54,27.56,26.9,26.95,416000.0,27.54,27.56,26.9,26.95,416000.0
2001-06-13,False,daily,27.73,28.1,27.25,27.6,197300.0,27.73,28.1,27.25,27.6,197300.0
2001-06-12,False,daily,27.35,27.86,26.6,27.72,751800.0,27.35,27.86,26.6,27.72,751800.0
2001-06-11,False,daily,28.53,28.53,27.02,27.43,370600.0,28.53,28.53,27.02,27.43,370600.0
2001-06-08,False,daily,28.42,28.61,28.34,28.53,355900.0,28.42,28.61,28.34,28.53,355900.0
2001-06-07,False,daily,28.51,28.66,28.35,28.46,785800.0,28.51,28.66,28.35,28.46,785800.0
2001-06-06,False,daily,28.62,28.7,28.31,28.54,505600.0,28.62,28.7,28.31,28.54,505600.0
2001-06-05,False,daily,28.01,28.82,27.78,28.8,487600.0,28.01,28.82,27.78,28.8,487600.0
2001-06-04,False,daily,27.72,28.37,27.69,28.09,288100.0,27.72,28.37,27.69,28.09,288100.0
2001-06-01,False,daily,27.68,28.0,27.39,27.77,191700.0,27.68,28.0,27.39,27.77,191700.0
2001-05-31,False,daily,27.08,28.1,27.07,27.65,553000.0,27.08,28.1,27.07,27.65,553000.0
2001-05-30,False,daily,28.63,28.63,27.05,27.1,763800.0,28.63,28.63,27.05,27.1,763800.0
2001-05-29,False,daily,29.16,29.3,28.75,28.8,637300.0,29.16,29.3,28.75,28.8,637300.0
2001-05-25,False,daily,29.54,29.54,29.11,29.21,281400.0,29.54,29.54,29.11,29.21,281400.0
2001-05-24,False,daily,29.6,29.99,29.05,29.51,557500.0,29.6,29.99,29.05,29.51,557500.0
2001-05-23,False,daily,30.32,30.38,29.5,29.55,385900.0,30.32,30.38,29.5,29.55,385900.0
2001-05-22,False,daily,30.05,30.45,29.81,30.32,954300.0,30.05,30.45,29.81,30.32,954300.0
2001-05-21,False,daily,29.9,30.15,29.7,29.97,886500.0,29.9,30.15,29.7,29.97,886500.0
2001-05-18,False,daily,31.45,31.5,29.76,30.02,781300.0,31.45,31.5,29.76,30.02,781300.0
2001-05-17,False,daily,29.25,31.76,29.1,31.65,1206600.0,29.25,31.76,29.1,31.65,1206600.0
2001-05-16,False,daily,27.75,29.4,27.5,29.26,506700.0,27.75,29.4,27.5,29.26,506700.0
2001-05-15,False,daily,27.74,28.2,27.63,27.77,897500.0,27.74,28.2,27.63,27.77,897500.0
2001-05-14,False,daily,27.41,27.94,27.39,27.75,376500.0,27.41,27.94,27.39,27.75,376500.0
2001-05-11,False,daily,27.45,27.64,27.42,27.48,599900.0,27.45,27.64,27.42,27.48,599900.0
2001-05-10,False,daily,27.04,27.78,27.03,27.6,500000.0,27.04,27.78,27.03,27.6,500000.0
2001-05-09,False,daily,27.15,27.16,26.75,27.0,807000.0,27.15,27.16,26.75,27.0,807000.0
2001-05-08,False,daily,27.2,27.41,26.88,27.16,665400.0,27.2,27.41,26.88,27.16,665400.0
2001-05-07,False,daily,27.57,28.23,26.7,27.17,795700.0,27.57,28.23,26.7,27.17,795700.0
2001-05-04,False,daily,26.96,28.09,26.8,27.46,1153100.0,26.96,28.09,26.8,27.46,1153100.0
2001-05-03,False,daily,27.75,27.8,27.12,27.31,771000.0,27.75,27.8,27.12,27.31,771000.0
2001-05-02,False,daily,26.8,28.2,26.76,27.87,1618800.0,26.8,28.2,26.76,27.87,1618800.0
2001-05-01,False,daily,25.1,26.8,24.87,26.46,944300.0,25.1,26.8,24.87,26.46,944300.0
2001-04-30,False,daily,24.89,25.29,24.55,25.06,632700.0,24.89,25.29,24.55,25.06,632700.0
2001-04-27,False,daily,23.54,24.8,23.54,24.31,586900.0,23.54,24.8,23.54,24.31,586900.0
2001-04-26,False,daily,23.09,23.95,22.98,23.31,618300.0,23.09,23.95,22.98,23.31,618300.0
2001-04-25,False,daily,22.73,23.47,22.58,22.98,471100.0,22.73,23.47,22.58,22.98,471100.0
2001-04-24,False,daily,23.2,23.2,22.63,22.88,855600.0,23.2,23.2,22.63,22.88,855600.0
2001-04-23,False,daily,23.65,23.65,22.07,23.16,932500.0,23.65,23.65,22.07,23.16,932500.0
2001-04-20,False,daily,25.73,25.76,22.9,23.71,3201300.0,25.73,25.76,22.9,23.71,3201300.0
2001-04-19,False,daily,25.08,26.45,24.75,26.4,667300.0,25.08,26.45,24.75,26.4,667300.0
2001-04-18,False,daily,24.21,26.08,24.21,25.07,1519500.0,24.21,26.08,24.21,25.07,1519500.0
2001-04-17,False,daily,23.22,23.6,23.1,23.59,383900.0,23.22,23.6,23.1,23.59,383900.0
2001-04-16,False,daily,24.01,24.14,23.01,23.28,406400.0,24.01,24.14,23.01,23.28,406400.0
2001-04-12,False,daily,22.75,24.36,22.4,24.04,525100.0,22.75,24.36,22.4,24.04,525100.0
2001-04-11,False,daily,22.85,23.73,22.79,22.92,610600.0,22.85,23.73,22.79,22.92,610600.0
2001-04-10,False,daily,21.61,23.18,21.56,22.6,969100.0,21.61,23.18,21.56,22.6,969100.0
2001-04-09,False,daily,21.16,21.9,21.15,21.29,717600.0,21.16,21.9,21.15,21.29,717600.0
2001-04-06,False,daily,20.81,21.75,20.44,21.13,2131500.0,20.81,21.75,20.44,21.13,2131500.0
2001-04-05,False,daily,19.06,20.0,18.94,19.88,1764400.0,19.06,20.0,18.94,19.88,1764400.0
2001-04-04,False,daily,21.19,21.5,18.0,18.06,2033600.0,21.19,21.5,18.0,18.06,2033600.0
2001-04-03,False,daily,22.34,22.42,20.47,21.25,974000.0,22.34,22.42,20.47,21.25,974000.0
2001-04-02,False,daily,23.5,24.56,22.31,22.31,773800.0,23.5,24.56,22.31,22.31,773800.0
2001-03-30,False,daily,23.69,25.13,23.31,23.5,848900.0,23.69,25.13,23.31,23.5,848900.0
2001-03-29,False,daily,23.31,24.25,23.25,23.56,739800.0,23.31,24.25,23.25,23.56,739800.0
2001-03-28,False,daily,25.0,25.0,23.19,23.81,1233600.0,25.0,25.0,23.19,23.81,1233600.0
2001-03-27,False,daily,24.16,25.13,23.19,25.06,704500.0,24.16,25.13,23.19,25.06,704500.0
2001-03-26,False,daily,22.81,24.19,22.81,24.19,433300.0,22.81,24.19,22.81,24.19,433300.0
2001-03-23,False,daily,21.25,23.75,21.13,22.69,1012500.0,21.25,23.75,21.13,22.69,1012500.0
2001-03-22,False,daily,22.06,22.06,20.63,21.06,937700.0,22.06,22.06,20.63,21.06,937700.0
2001-03-21,False,daily,23.69,24.0,21.81,22.0,602100.0,23.69,24.0,21.81,22.0,602100.0
2001-03-20,False,daily,23.39,25.38,22.81,23.69,911500.0,23.39,25.38,22.81,23.69,911500.0
2001-03-19,False,daily,22.44,23.5,20.94,23.48,2369200.0,22.44,23.5,20.94,23.48,2369200.0
2001-03-16,False,daily,23.64,25.06,23.0,23.0,3614600.0,23.64,25.06,23.0,23.0,3614600.0
2001-03-15,False,daily,26.31,26.44,25.44,25.81,1157600.0,26.31,26.44,25.44,25.81,1157600.0
2001-03-14,False,daily,26.81,27.69,25.88,26.06,586900.0,26.81,27.69,25.88,26.06,586900.0
2001-03-13,False,daily,26.91,27.5,26.69,27.38,1025600.0,26.91,27.5,26.69,27.38,1025600.0
2001-03-12,False,daily,28.13,28.19,26.5,26.75,916500.0,28.13,28.19,26.5,26.75,916500.0
2001-03-09,False,daily,29.38,29.44,28.81,29.13,990700.0,29.38,29.44,28.81,29.13,990700.0
2001-03-08,False,daily,29.94,30.13,29.38,29.38,717700.0,29.94,30.13,29.38,29.38,717700.0
2001-03-07,False,daily,30.38,30.5,29.88,29.94,463400.0,30.38,30.5,29.88,29.94,463400.0
2001-03-06,False,daily,29.75,30.63,29.75,30.44,231800.0,29.75,30.63,29.75,30.44,231800.0
2001-03-05,False,daily,29.94,30.19,29.5,29.75,1050400.0,29.94,30.19,29.5,29.75,1050400.0
2001-03-02,False,daily,28.0,30.06,27.5,29.94,1204000.0,28.0,30.06,27.5,29.94,1204000.0
2001-03-01,False,daily,27.89,29.0,26.63,28.38,1344000.0,27.89,29.0,26.63,28.38,1344000.0
2001-02-28,False,daily,29.0,29.25,27.63,27.94,1378000.0,29.0,29.25,27.63,27.94,1378000.0
2001-02-27,False,daily,29.06,29.63,28.56,28.81,976100.0,29.06,29.63,28.56,28.81,976100.0
2001-02-26,False,daily,28.56,29.56,28.38,29.13,764200.0,28.56,29.56,28.38,29.13,764200.0
2001-02-23,False,daily,29.23,29.25,27.56,27.94,1553100.0,29.23,29.25,27.56,27.94,1553100.0
2001-02-22,False,daily,30.06,30.13,27.31,29.19,1206700.0,30.06,30.13,27.31,29.19,1206700.0
2001-02-21,False,daily,29.92,31.0,29.63,30.06,1131600.0,29.92,31.0,29.63,30.06,1131600.0
2001-02-20,False,daily,31.69,32.25,29.81,30.19,736300.0,31.69,32.25,29.81,30.19,736300.0
2001-02-16,False,daily,33.06,33.13,31.5,31.63,1177500.0,33.06,33.13,31.5,31.63,1177500.0
2001-02-15,False,daily,31.95,33.5,31.94,33.25,929800.0,31.95,33.5,31.94,33.25,929800.0
2001-02-14,False,daily,30.81,31.88,30.75,31.75,343800.0,30.81,31.88,30.75,31.75,343800.0
2001-02-13,False,daily,30.3,31.75,30.19,31.0,749300.0,30.3,31.75,30.19,31.0,749300.0
2001-02-12,False,daily,30.5,30.75,30.13,30.19,215700.0,30.5,30.75,30.13,30.19,215700.0
2001-02-09,False,daily,31.56,31.75,30.06,30.5,452700.0,31.56,31.75,30.06,30.5,452700.0
2001-02-08,False,daily,30.38,31.0,30.13,31.0,526700.0,30.38,31.0,30.13,31.0,526700.0
2001-02-07,False,daily,29.88,30.69,29.81,29.81,842100.0,29.88,30.69,29.81,29.81,842100.0
2001-02-06,False,daily,30.89,31.38,29.69,30.0,1099100.0,30.89,31.38,29.69,30.0,1099100.0
2001-02-05,False,daily,31.11,31.25,30.5,30.63,430500.0,31.11,31.25,30.5,30.63,430500.0
2001-02-02,False,daily,32.08,32.38,31.44,31.5,281400.0,32.08,32.38,31.44,31.5,281400.0
2001-02-01,False,daily,32.56,33.06,31.5,32.06,387800.0,32.56,33.06,31.5,32.06,387800.0
2001-01-31,False,daily,34.86,34.86,32.5,32.5,532900.0,34.86,34.86,32.5,32.5,532900.0
2001-01-30,False,daily,33.64,34.88,33.64,34.75,568200.0,33.64,34.88,33.64,34.75,568200.0
2001-01-29,False,daily,32.94,34.13,32.88,33.69,654600.0,32.94,34.13,32.88,33.69,654600.0
2001-01-26,False,daily,33.13,34.06,32.81,33.06,748400.0,33.13,34.06,32.81,33.06,748400.0
2001-01-25,False,daily,32.83,33.56,32.31,33.0,749900.0,32.83,33.56,32.31,33.0,749900.0
2001-01-24,False,daily,32.75,33.5,32.25,32.75,628900.0,32.75,33.5,32.25,32.75,628900.0
2001-01-23,False,daily,31.56,32.63,31.0,32.19,1485700.0,31.56,32.63,31.0,32.19,1485700.0
2001-01-22,False,daily,29.84,31.69,29.69,31.69,1075200.0,29.84,31.69,29.69,31.69,1075200.0
2001-01-19,False,daily,31.13,31.25,28.75,29.69,3062600.0,31.13,31.25,28.75,29.69,3062600.0
2001-01-18,False,daily,31.75,31.88,29.5,29.81,1282900.0,31.75,31.88,29.5,29.81,1282900.0
2001-01-17,False,daily,32.13,32.44,30.5,31.69,857500.0,32.13,32.44,30.5,31.69,857500.0
2001-01-16,False,daily,32.56,33.81,30.81,32.0,1180600.0,32.56,33.81,30.81,32.0,1180600.0
2001-01-12,False,daily,33.81,34.88,31.63,32.31,1377000.0,33.81,34.88,31.63,32.31,1377000.0
2001-01-11,False,daily,31.11,34.0,30.88,33.69,1925100.0,31.11,34.0,30.88,33.69,1925100.0
2001-01-10,False,daily,28.25,31.19,27.19,30.81,1650300.0,28.25,31.19,27.19,30.81,1650300.0
2001-01-09,False,daily,32.06,32.13,27.38,28.5,2103100.0,32.06,32.13,27.38,28.5,2103100.0
2001-01-08,False,daily,33.58,34.19,31.63,32.0,494300.0,33.58,34.19,31.63,32.0,494300.0
2001-01-05,False,daily,35.98,36.0,33.25,34.0,542000.0,35.98,36.0,33.25,34.0,542000.0
2001-01-04,False,daily,37.69,37.69,35.5,35.88,1272700.0,37.69,37.69,35.5,35.88,1272700.0
2001-01-03,False,daily,31.44,39.13,30.5,38.0,1959100.0,31.44,39.13,30.5,38.0,1959100.0
2001-01-02,False,daily,34.75,35.0,31.0,31.25,790500.0,34.75,35.0,31.0,31.25,790500.0
2002-12-31,False,daily,17.95,18.52,17.82,18.25,298700.0,17.95,18.52,17.82,18.25,298700.0
2002-12-30,False,daily,17.82,18.1,17.58,17.87,278200.0,17.82,18.1,17.58,17.87,278200.0
2002-12-27,False,daily,18.2,18.21,17.8,17.88,146200.0,18.2,18.21,17.8,17.88,146200.0
2002-12-26,False,daily,18.05,18.47,18.05,18.22,456300.0,18.05,18.47,18.05,18.22,456300.0
2002-12-24,False,daily,18.12,18.47,18.05,18.06,149500.0,18.12,18.47,18.05,18.06,149500.0
2002-12-23,False,daily,18.46,18.46,18.0,18.18,298900.0,18.46,18.46,18.0,18.18,298900.0
2002-12-20,False,daily,18.15,18.69,18.0,18.35,613300.0,18.15,18.69,18.0,18.35,613300.0
2002-12-19,False,daily,18.24,18.55,18.12,18.23,464200.0,18.24,18.55,18.12,18.23,464200.0
2002-12-18,False,daily,18.6,18.69,18.24,18.24,618900.0,18.6,18.69,18.24,18.24,618900.0
2002-12-17,False,daily,18.73,18.83,18.5,18.67,419600.0,18.73,18.83,18.5,18.67,419600.0
2002-12-16,False,daily,18.46,18.85,18.36,18.73,585200.0,18.46,18.85,18.36,18.73,585200.0
2002-12-13,False,daily,18.52,18.68,18.2,18.36,335000.0,18.52,18.68,18.2,18.36,335000.0
2002-12-12,False,daily,18.55,18.86,18.51,18.55,324200.0,18.55,18.86,18.51,18.55,324200.0
2002-12-11,False,daily,18.22,18.63,18.11,18.46,671000.0,18.22,18.63,18.11,18.46,671000.0
2002-12-10,False,daily,17.88,18.47,17.86,18.36,436900.0,17.88,18.47,17.86,18.36,436900.0
2002-12-09,False,daily,18.58,18.65,17.93,17.97,407300.0,18.58,18.65,17.93,17.97,407300.0
2002-12-06,False,daily,18.22,18.77,17.9,18.57,302800.0,18.22,18.77,17.9,18.57,302800.0
2002-12-05,False,daily,18.72,19.16,18.23,18.3,371000.0,18.72,19.16,18.23,18.3,371000.0
2002-12-04,False,daily,19.08,19.1,18.48,18.66,699800.0,19.08,19.1,18.48,18.66,699800.0
2002-12-03,False,daily,19.57,19.68,19.08,19.11,411900.0,19.57,19.68,19.08,19.11,411900.0
2002-12-02,False,daily,19.3,19.72,19.3,19.62,445900.0,19.3,19.72,19.3,19.62,445900.0
2002-11-29,False,daily,19.98,20.0,19.32,19.4,234800.0,19.98,20.0,19.32,19.4,234800.0
2002-11-27,False,daily,19.11,19.95,19.06,19.94,366900.0,19.11,19.95,19.06,19.94,366900.0
2002-11-26,False,daily,19.8,19.8,18.75,19.05,456500.0,19.8,19.8,18.75,19.05,456500.0
2002-11-25,False,daily,19.75,19.88,19.6,19.75,340800.0,19.75,19.88,19.6,19.75,340800.0
2002-11-22,False,daily,19.8,19.9,19.3,19.69,612500.0,19.8,19.9,19.3,19.69,612500.0
2002-11-21,False,daily,18.7,19.9,18.68,19.89,664900.0,18.7,19.9,18.68,19.89,664900.0
2002-11-20,False,daily,17.9,18.77,17.9,18.7,265600.0,17.9,18.77,17.9,18.7,265600.0
2002-11-19,False,daily,17.83,18.27,17.68,17.99,284200.0,17.83,18.27,17.68,17.99,284200.0
2002-11-18,False,daily,18.28,18.5,17.77,17.77,285900.0,18.28,18.5,17.77,17.77,285900.0
2002-11-15,False,daily,18.04,18.3,17.32,18.21,328600.0,18.04,18.3,17.32,18.21,328600.0
2002-11-14,False,daily,17.28,18.15,17.28,18.14,441000.0,17.28,18.15,17.28,18.14,441000.0
2002-11-13,False,daily,17.32,17.43,16.88,17.27,238200.0,17.32,17.43,16.88,17.27,238200.0
2002-11-12,False,daily,17.09,17.49,17.04,17.23,249500.0,17.09,17.49,17.04,17.23,249500.0
2002-11-11,False,daily,17.11,17.36,16.8,17.01,530800.0,17.11,17.36,16.8,17.01,530800.0
2002-11-08,False,daily,17.39,17.64,16.87,17.07,496000.0,17.39,17.64,16.87,17.07,496000.0
2002-11-07,False,daily,18.31,18.33,17.28,17.3,881100.0,18.31,18.33,17.28,17.3,881100.0
2002-11-06,False,daily,19.25,19.3,18.1,18.36,678600.0,19.25,19.3,18.1,18.36,678600.0
2002-11-05,False,daily,19.46,19.47,18.87,19.24,244100.0,19.46,19.47,18.87,19.24,244100.0
2002-11-04,False,daily,19.25,20.0,19.19,19.45,594700.0,19.25,20.0,19.19,19.45,594700.0
2002-11-01,False,daily,18.79,19.31,18.25,19.14,1023800.0,18.79,19.31,18.25,19.14,1023800.0
2002-10-31,False,daily,18.69,18.99,18.48,18.79,775600.0,18.69,18.99,18.48,18.79,775600.0
2002-10-30,False,daily,18.02,18.7,18.01,18.64,398200.0,18.02,18.7,18.01,18.64,398200.0
2002-10-29,False,daily,18.05,18.49,17.78,18.02,377100.0,18.05,18.49,17.78,18.02,377100.0
2002-10-28,False,daily,18.7,18.84,17.96,18.53,492800.0,18.7,18.84,17.96,18.53,492800.0
2002-10-25,False,daily,18.11,18.69,17.9,18.66,490600.0,18.11,18.69,17.9,18.66,490600.0
2002-10-24,False,daily,18.13,18.68,17.89,17.9,602000.0,18.13,18.68,17.89,17.9,602000.0
2002-10-23,False,daily,18.0,18.12,17.32,18.1,610300.0,18.0,18.12,17.32,18.1,610300.0
2002-10-22,False,daily,17.7,18.05,17.61,18.0,776900.0,17.7,18.05,17.61,18.0,776900.0
2002-10-21,False,daily,17.73,18.08,17.33,18.05,917300.0,17.73,18.08,17.33,18.05,917300.0
2002-10-18,False,daily,16.45,18.09,16.39,17.5,813800.0,16.45,18.09,16.39,17.5,813800.0
2002-10-17,False,daily,16.3,17.1,16.22,16.7,480900.0,16.3,17.1,16.22,16.7,480900.0
2002-10-16,False,daily,16.89,16.89,16.09,16.09,566300.0,16.89,16.89,16.09,16.09,566300.0
2002-10-15,False,daily,16.19,17.63,16.06,16.9,377200.0,16.19,17.63,16.06,16.9,377200.0
2002-10-14,False,daily,15.75,16.04,15.65,15.9,182600.0,15.75,16.04,15.65,15.9,182600.0
2002-10-11,False,daily,15.01,16.71,15.0,15.81,501200.0,15.01,16.71,15.0,15.81,501200.0
2002-10-10,False,daily,14.7,15.07,14.67,14.95,690400.0,14.7,15.07,14.67,14.95,690400.0
2002-10-09,False,daily,14.0,15.28,14.0,14.7,430600.0,14.0,15.28,14.0,14.7,430600.0
2002-10-08,False,daily,14.7,15.4,14.6,15.15,889300.0,14.7,15.4,14.6,15.15,889300.0
2002-10-07,False,daily,14.85,14.91,14.35,14.58,682400.0,14.85,14.91,14.35,14.58,682400.0
2002-10-04,False,daily,15.69,16.29,14.8,14.91,1014100.0,15.69,16.29,14.8,14.91,1014100.0
2002-10-03,False,daily,17.2,17.2,15.6,15.69,1323000.0,17.2,17.2,15.6,15.69,1323000.0
2002-10-02,False,daily,17.1,17.69,16.93,17.2,576600.0,17.1,17.69,16.93,17.2,576600.0
2002-10-01,False,daily,17.15,17.36,16.9,17.2,1065200.0,17.15,17.36,16.9,17.2,1065200.0
2002-09-30,False,daily,16.65,17.1,16.56,16.93,961800.0,16.65,17.1,16.56,16.93,961800.0
2002-09-27,False,daily,16.98,17.06,16.65,16.75,502400.0,16.98,17.06,16.65,16.75,502400.0
2002-09-26,False,daily,16.85,17.1,16.85,17.0,308600.0,16.85,17.1,16.85,17.0,308600.0
2002-09-25,False,daily,17.05,17.2,16.85,16.99,757400.0,17.05,17.2,16.85,16.99,757400.0
2002-09-24,False,daily,16.81,17.02,16.68,16.86,305700.0,16.81,17.02,16.68,16.86,305700.0
2002-09-23,False,daily,16.71,17.17,16.4,16.9,658000.0,16.71,17.17,16.4,16.9,658000.0
2002-09-20,False,daily,16.98,17.23,16.74,16.88,827600.0,16.98,17.23,16.74,16.88,827600.0
2002-09-19,False,daily,17.9,17.95,16.87,17.19,1498500.0,17.9,17.95,16.87,17.19,1498500.0
2002-09-18,False,daily,17.55,18.5,17.5,17.97,1695600.0,17.55,18.5,17.5,17.97,1695600.0
2002-09-17,False,daily,20.77,21.19,19.88,20.11,523600.0,20.77,21.19,19.88,20.11,523600.0
2002-09-16,False,daily,21.1,21.28,20.64,20.76,285900.0,21.1,21.28,20.64,20.76,285900.0
2002-09-13,False,daily,21.7,21.7,20.92,21.34,294100.0,21.7,21.7,20.92,21.34,294100.0
2002-09-12,False,daily,21.8,21.81,21.5,21.59,485200.0,21.8,21.81,21.5,21.59,485200.0
2002-09-11,False,daily,22.19,22.3,21.75,21.85,181100.0,22.19,22.3,21.75,21.85,181100.0
2002-09-10,False,daily,22.5,22.5,21.65,21.76,255700.0,22.5,22.5,21.65,21.76,255700.0
2002-09-09,False,daily,22.16,22.48,21.96,22.4,331900.0,22.16,22.48,21.96,22.4,331900.0
2002-09-06,False,daily,21.93,22.61,21.78,22.08,330400.0,21.93,22.61,21.78,22.08,330400.0
2002-09-05,False,daily,22.5,22.63,21.65,21.71,376300.0,22.5,22.63,21.65,21.71,376300.0
2002-09-04,False,daily,21.84,22.53,21.65,22.5,258100.0,21.84,22.53,21.65,22.5,258100.0
2002-09-03,False,daily,22.58,22.58,21.63,21.77,367000.0,22.58,22.58,21.63,21.77,367000.0
2002-08-30,False,daily,22.5,23.08,22.49,22.66,296200.0,22.5,23.08,22.49,22.66,296200.0
2002-08-29,False,daily,22.3,22.71,21.91,22.66,307100.0,22.3,22.71,21.91,22.66,307100.0
2002-08-28,False,daily,22.63,22.63,22.07,22.28,273800.0,22.63,22.63,22.07,22.28,273800.0
2002-08-27,False,daily,22.65,22.96,22.4,22.46,329900.0,22.65,22.96,22.4,22.46,329900.0
2002-08-26,False,daily,21.9,22.65,21.9,22.48,526700.0,21.9,22.65,21.9,22.48,526700.0
2002-08-23,False,daily,22.56,22.64,21.82,22.04,240400.0,22.56,22.64,21.82,22.04,240400.0
2002-08-22,False,daily,22.59,22.8,22.26,22.63,281600.0,22.59,22.8,22.26,22.63,281600.0
2002-08-21,False,daily,22.19,22.77,22.02,22.75,290100.0,22.19,22.77,22.02,22.75,290100.0
2002-08-20,False,daily,22.4,22.4,22.0,22.01,269500.0,22.4,22.4,22.0,22.01,269500.0
2002-08-19,False,daily,22.3,22.55,22.0,22.45,367000.0,22.3,22.55,22.0,22.45,367000.0
2002-08-16,False,daily,23.0,23.0,22.31,22.49,393700.0,23.0,23.0,22.31,22.49,393700.0
2002-08-15,False,daily,23.34,23.35,22.39,22.95,483700.0,23.34,23.35,22.39,22.95,483700.0
2002-08-14,False,daily,21.86,23.11,21.86,23.11,399100.0,21.86,23.11,21.86,23.11,399100.0
2002-08-13,False,daily,22.4,22.74,21.63,21.88,353500.0,22.4,22.74,21.63,21.88,353500.0
2002-08-12,False,daily,22.91,22.91,21.87,22.4,206900.0,22.91,22.91,21.87,22.4,206900.0
2002-08-09,False,daily,22.54,23.35,22.04,22.91,258500.0,22.54,23.35,22.04,22.91,258500.0
2002-08-08,False,daily,21.75,22.69,21.37,22.57,396300.0,21.75,22.69,21.37,22.57,396300.0
2002-08-07,False,daily,21.34,21.86,21.2,21.68,536100.0,21.34,21.86,21.2,21.68,536100.0
2002-08-06,False,daily,20.1,21.52,20.05,21.25,668100.0,20.1,21.52,20.05,21.25,668100.0
2002-08-05,False,daily,20.66,20.67,20.01,20.06,515800.0,20.66,20.67,20.01,20.06,515800.0
2002-08-02,False,daily,21.01,21.35,20.52,20.7,511800.0,21.01,21.35,20.52,20.7,511800.0
2002-08-01,False,daily,21.87,21.88,21.1,21.11,468500.0,21.87,21.88,21.1,21.11,468500.0
2002-07-31,False,daily,21.43,21.81,21.03,21.64,583600.0,21.43,21.81,21.03,21.64,583600.0
2002-07-30,False,daily,21.46,21.68,20.8,21.43,642300.0,21.46,21.68,20.8,21.43,642300.0
2002-07-29,False,daily,20.49,21.7,20.25,21.49,511100.0,20.49,21.7,20.25,21.49,511100.0
2002-07-26,False,daily,21.38,21.38,20.1,20.48,529500.0,21.38,21.38,20.1,20.48,529500.0
2002-07-25,False,daily,20.39,21.58,19.56,21.01,1044500.0,20.39,21.58,19.56,21.01,1044500.0
2002-07-24,False,daily,19.16,20.55,18.61,20.35,1282900.0,19.16,20.55,18.61,20.35,1282900.0
2002-07-23,False,daily,19.77,20.17,19.15,19.16,1203900.0,19.77,20.17,19.15,19.16,1203900.0
2002-07-22,False,daily,21.49,21.5,19.55,19.85,1148200.0,21.49,21.5,19.55,19.85,1148200.0
2002-07-19,False,daily,23.55,23.56,21.15,21.19,1635400.0,23.55,23.56,21.15,21.19,1635400.0
2002-07-18,False,daily,24.82,24.89,23.25,23.27,434800.0,24.82,24.89,23.25,23.27,434800.0
2002-07-17,False,daily,24.5,25.42,23.81,24.8,396600.0,24.5,25.42,23.81,24.8,396600.0
2002-07-16,False,daily,23.5,24.8,22.79,24.57,570000.0,23.5,24.8,22.79,24.57,570000.0
2002-07-15,False,daily,24.88,24.88,22.34,23.53,787200.0,24.88,24.88,22.34,23.53,787200.0
2002-07-12,False,daily,25.01,25.19,24.49,24.89,201500.0,25.01,25.19,24.49,24.89,201500.0
2002-07-11,False,daily,25.15,25.31,24.21,24.93,348700.0,25.15,25.31,24.21,24.93,348700.0
2002-07-10,False,daily,26.03,26.7,24.99,25.09,308900.0,26.03,26.7,24.99,25.09,308900.0
2002-07-09,False,daily,26.95,27.07,25.85,26.0,330000.0,26.95,27.07,25.85,26.0,330000.0
2002-07-08,False,daily,26.36,27.03,26.11,27.01,327900.0,26.36,27.03,26.11,27.01,327900.0
2002-07-05,False,daily,25.25,26.36,25.01,26.22,65600.0,25.25,26.36,25.01,26.22,65600.0
2002-07-03,False,daily,25.37,25.59,24.58,25.2,207300.0,25.37,25.59,24.58,25.2,207300.0
2002-07-02,False,daily,26.33,26.66,25.38,25.51,135600.0,26.33,26.66,25.38,25.51,135600.0
2002-07-01,False,daily,26.38,27.14,26.08,26.23,389900.0,26.38,27.14,26.08,26.23,389900.0
2002-06-28,False,daily,26.01,27.0,25.98,26.36,1213500.0,26.01,27.0,25.98,26.36,1213500.0
2002-06-27,False,daily,25.25,26.18,25.18,26.0,524700.0,25.25,26.18,25.18,26.0,524700.0
2002-06-26,False,daily,25.4,25.73,24.96,25.36,405100.0,25.4,25.73,24.96,25.36,405100.0
2002-06-25,False,daily,25.35,26.48,25.13,25.8,755800.0,25.35,26.48,25.13,25.8,755800.0
2002-06-24,False,daily,25.72,25.72,24.48,25.3,640500.0,25.72,25.72,24.48,25.3,640500.0
2002-06-21,False,daily,26.22,26.41,25.28,25.73,500200.0,26.22,26.41,25.28,25.73,500200.0
2002-06-20,False,daily,26.92,27.29,25.91,25.99,410700.0,26.92,27.29,25.91,25.99,410700.0
2002-06-19,False,daily,27.7,27.89,26.93,26.93,264100.0,27.7,27.89,26.93,26.93,264100.0
2002-06-18,False,daily,28.52,28.75,27.5,27.72,505300.0,28.52,28.75,27.5,27.72,505300.0
2002-06-17,False,daily,27.25,28.81,27.19,28.68,792200.0,27.25,28.81,27.19,28.68,792200.0
2002-06-14,False,daily,26.7,27.25,26.02,27.2,848800.0,26.7,27.25,26.02,27.2,848800.0
2002-06-13,False,daily,27.89,27.89,26.65,26.74,504100.0,27.89,27.89,26.65,26.74,504100.0
2002-06-12,False,daily,28.26,28.45,27.66,27.83,406700.0,28.26,28.45,27.66,27.83,406700.0
2002-06-11,False,daily,29.5,29.55,28.38,28.45,156700.0,29.5,29.55,28.38,28.45,156700.0
2002-06-10,False,daily,29.45,29.72,29.19,29.31,138800.0,29.45,29.72,29.19,29.31,138800.0
2002-06-07,False,daily,29.66,29.69,28.48,29.37,421500.0,29.66,29.69,28.48,29.37,421500.0
2002-06-06,False,daily,30.19,30.21,29.69,29.69,255300.0,30.19,30.21,29.69,29.69,255300.0
2002-06-05,False,daily,29.75,30.3,29.66,30.19,273100.0,29.75,30.3,29.66,30.19,273100.0
2002-06-04,False,daily,30.71,30.81,29.67,29.95,702400.0,30.71,30.81,29.67,29.95,702400.0
2002-06-03,False,daily,31.12,31.24,30.54,30.73,343300.0,31.12,31.24,30.54,30.73,343300.0
2002-05-31,False,daily,30.82,31.24,30.75,31.12,395200.0,30.82,31.24,30.75,31.12,395200.0
2002-05-30,False,daily,30.99,31.11,30.21,30.84,295000.0,30.99,31.11,30.21,30.84,295000.0
2002-05-29,False,daily,31.4,31.54,30.77,31.01,395400.0,31.4,31.54,30.77,31.01,395400.0
2002-05-28,False,daily,31.7,31.79,31.28,31.55,276800.0,31.7,31.79,31.28,31.55,276800.0
2002-05-24,False,daily,31.1,31.83,31.05,31.6,471300.0,31.1,31.83,31.05,31.6,471300.0
2002-05-23,False,daily,31.44,31.74,30.89,31.16,425400.0,31.44,31.74,30.89,31.16,425400.0
2002-05-22,False,daily,32.0,32.0,31.0,31.49,381200.0,32.0,32.0,31.0,31.49,381200.0
2002-05-21,False,daily,32.7,32.9,31.74,32.0,218300.0,32.7,32.9,31.74,32.0,218300.0
2002-05-20,False,daily,33.43,33.47,32.5,32.66,160200.0,33.43,33.47,32.5,32.66,160200.0
2002-05-17,False,daily,33.49,33.54,33.19,33.35,200500.0,33.49,33.54,33.19,33.35,200500.0
2002-05-16,False,daily,33.86,33.86,33.2,33.48,252700.0,33.86,33.86,33.2,33.48,252700.0
2002-05-15,False,daily,33.6,33.91,33.45,33.87,383200.0,33.6,33.91,33.45,33.87,383200.0
2002-05-14,False,daily,32.47,33.38,32.3,33.21,292600.0,32.47,33.38,32.3,33.21,292600.0
2002-05-13,False,daily,32.03,32.64,31.69,32.45,168900.0,32.03,32.64,31.69,32.45,168900.0
2002-05-10,False,daily,33.09,33.09,32.0,32.01,206100.0,33.09,33.09,32.0,32.01,206100.0
2002-05-09,False,daily,33.23,33.47,32.88,32.88,198000.0,33.23,33.47,32.88,32.88,198000.0
2002-05-08,False,daily,32.23,33.6,32.23,33.46,1005800.0,32.23,33.6,32.23,33.46,1005800.0
2002-05-07,False,daily,31.84,32.47,31.55,32.23,339700.0,31.84,32.47,31.55,32.23,339700.0
2002-05-06,False,daily,32.44,32.94,31.67,31.7,509800.0,32.44,32.94,31.67,31.7,509800.0
2002-05-03,False,daily,32.94,33.05,32.19,32.49,570800.0,32.94,33.05,32.19,32.49,570800.0
2002-05-02,False,daily,32.62,33.24,32.44,33.23,615100.0,32.62,33.24,32.44,33.23,615100.0
2002-05-01,False,daily,31.87,32.75,31.2,32.63,617500.0,31.87,32.75,31.2,32.63,617500.0
2002-04-30,False,daily,31.6,32.39,31.52,31.95,459000.0,31.6,32.39,31.52,31.95,459000.0
2002-04-29,False,daily,32.5,32.69,31.82,31.82,462900.0,32.5,32.69,31.82,31.82,462900.0
2002-04-26,False,daily,32.87,33.11,32.45,32.49,324700.0,32.87,33.11,32.45,32.49,324700.0
2002-04-25,False,daily,32.77,33.06,32.49,32.88,464800.0,32.77,33.06,32.49,32.88,464800.0
2002-04-24,False,daily,32.78,33.25,32.5,32.78,336300.0,32.78,33.25,32.5,32.78,336300.0
2002-04-23,False,daily,32.57,33.15,32.11,32.58,421100.0,32.57,33.15,32.11,32.58,421100.0
2002-04-22,False,daily,33.45,33.45,32.64,33.0,885600.0,33.45,33.45,32.64,33.0,885600.0
2002-04-19,False,daily,31.8,33.94,30.66,33.58,1337500.0,31.8,33.94,30.66,33.58,1337500.0
2002-04-18,False,daily,31.55,31.78,30.29,31.6,521200.0,31.55,31.78,30.29,31.6,521200.0
2002-04-17,False,daily,31.26,32.0,31.22,31.29,479300.0,31.26,32.0,31.22,31.29,479300.0
2002-04-16,False,daily,30.85,31.2,30.6,31.2,318800.0,30.85,31.2,30.6,31.2,318800.0
2002-04-15,False,daily,30.63,31.15,30.38,30.68,238200.0,30.63,31.15,30.38,30.68,238200.0
2002-04-12,False,daily,30.2,31.0,30.12,30.83,388400.0,30.2,31.0,30.12,30.83,388400.0
2002-04-11,False,daily,30.7,31.2,30.26,30.29,290800.0,30.7,31.2,30.26,30.29,290800.0
2002-04-10,False,daily,31.04,31.75,30.64,30.85,424700.0,31.04,31.75,30.64,30.85,424700.0
2002-04-09,False,daily,30.44,31.38,30.2,31.24,480100.0,30.44,31.38,30.2,31.24,480100.0
2002-04-08,False,daily,30.0,30.47,29.85,30.34,413100.0,30.0,30.47,29.85,30.34,413100.0
2002-04-05,False,daily,30.06,30.42,29.85,30.04,125900.0,30.06,30.42,29.85,30.04,125900.0
2002-04-04,False,daily,29.91,30.38,29.9,30.21,187100.0,29.91,30.38,29.9,30.21,187100.0
2002-04-03,False,daily,30.74,30.74,29.85,29.99,251300.0,30.74,30.74,29.85,29.99,251300.0
2002-04-02,False,daily,30.72,31.07,30.4,30.75,630000.0,30.72,31.07,30.4,30.75,630000.0
2002-04-01,False,daily,30.69,30.69,29.26,30.22,335100.0,30.69,30.69,29.26,30.22,335100.0
2002-03-28,False,daily,30.3,30.81,29.96,30.25,824000.0,30.3,30.81,29.96,30.25,824000.0
2002-03-27,False,daily,31.76,31.76,30.64,31.23,472800.0,31.76,31.76,30.64,31.23,472800.0
2002-03-26,False,daily,30.42,30.92,29.92,30.9,473500.0,30.42,30.92,29.92,30.9,473500.0
2002-03-25,False,daily,30.7,30.72,30.29,30.29,229600.0,30.7,30.72,30.29,30.29,229600.0
2002-03-22,False,daily,31.0,31.29,30.56,30.73,396800.0,31.0,31.29,30.56,30.73,396800.0
2002-03-21,False,daily,31.33,31.33,30.52,30.99,382300.0,31.33,31.33,30.52,30.99,382300.0
2002-03-20,False,daily,31.1,31.45,30.61,31.24,285800.0,31.1,31.45,30.61,31.24,285800.0
2002-03-19,False,daily,31.1,31.59,30.9,31.25,323800.0,31.1,31.59,30.9,31.25,323800.0
2002-03-18,False,daily,30.54,31.13,30.34,31.11,435800.0,30.54,31.13,30.34,31.11,435800.0
2002-03-15,False,daily,29.9,30.55,29.3,30.41,602600.0,29.9,30.55,29.3,30.41,602600.0
2002-03-14,False,daily,30.15,30.15,29.15,29.91,435100.0,30.15,30.15,29.15,29.91,435100.0
2002-03-13,False,daily,29.55,29.61,29.13,29.31,560800.0,29.55,29.61,29.13,29.31,560800.0
2002-03-12,False,daily,30.05,30.05,29.2,29.87,792900.0,30.05,30.05,29.2,29.87,792900.0
2002-03-11,False,daily,30.39,30.69,29.95,30.11,579800.0,30.39,30.69,29.95,30.11,579800.0
2002-03-08,False,daily,29.89,30.6,29.89,30.54,549800.0,29.89,30.6,29.89,30.54,549800.0
2002-03-07,False,daily,29.47,30.17,29.47,29.99,628500.0,29.47,30.17,29.47,29.99,628500.0
2002-03-06,False,daily,28.95,29.55,28.5,29.52,330600.0,28.95,29.55,28.5,29.52,330600.0
2002-03-05,False,daily,28.91,29.4,28.6,28.98,399500.0,28.91,29.4,28.6,28.98,399500.0
2002-03-04,False,daily,27.63,29.05,27.51,28.92,996500.0,27.63,29.05,27.51,28.92,996500.0
2002-03-01,False,daily,27.76,27.89,27.18,27.54,740000.0,27.76,27.89,27.18,27.54,740000.0
2002-02-28,False,daily,27.61,28.03,27.13,27.76,451800.0,27.61,28.03,27.13,27.76,451800.0
2002-02-27,False,daily,27.0,28.85,27.0,27.62,1850100.0,27.0,28.85,27.0,27.62,1850100.0
2002-02-26,False,daily,26.27,27.37,25.9,27.18,676200.0,26.27,27.37,25.9,27.18,676200.0
2002-02-25,False,daily,24.37,26.44,24.36,26.39,743500.0,24.37,26.44,24.36,26.39,743500.0
2002-02-22,False,daily,23.78,24.59,23.51,24.33,382700.0,23.78,24.59,23.51,24.33,382700.0
2002-02-21,False,daily,24.17,24.48,23.79,23.79,360500.0,24.17,24.48,23.79,23.79,360500.0
2002-02-20,False,daily,24.18,24.18,23.16,24.17,247900.0,24.18,24.18,23.16,24.17,247900.0
2002-02-19,False,daily,23.81,23.81,22.99,23.14,191000.0,23.81,23.81,22.99,23.14,191000.0
2002-02-15,False,daily,24.24,24.24,23.44,23.78,248600.0,24.24,24.24,23.44,23.78,248600.0
2002-02-14,False,daily,23.74,25.0,23.55,24.05,719400.0,23.74,25.0,23.55,24.05,719400.0
2002-02-13,False,daily,22.48,23.82,22.42,23.77,555800.0,22.48,23.82,22.42,23.77,555800.0
2002-02-12,False,daily,22.21,22.85,22.0,22.4,249300.0,22.21,22.85,22.0,22.4,249300.0
2002-02-11,False,daily,22.0,22.44,21.94,22.29,194200.0,22.0,22.44,21.94,22.29,194200.0
2002-02-08,False,daily,21.91,22.09,21.14,22.0,317500.0,21.91,22.09,21.14,22.0,317500.0
2002-02-07,False,daily,21.27,22.05,21.15,21.8,224200.0,21.27,22.05,21.15,21.8,224200.0
2002-02-06,False,daily,22.02,22.25,21.17,21.17,544700.0,22.02,22.25,21.17,21.17,544700.0
2002-02-05,False,daily,22.15,22.51,22.01,22.01,178000.0,22.15,22.51,22.01,22.01,178000.0
2002-02-04,False,daily,23.04,23.04,22.08,22.33,874500.0,23.04,23.04,22.08,22.33,874500.0
2002-02-01,False,daily,23.38,23.38,23.0,23.05,298400.0,23.38,23.38,23.0,23.05,298400.0
2002-01-31,False,daily,23.17,23.42,22.4,23.02,444100.0,23.17,23.42,22.4,23.02,444100.0
2002-01-30,False,daily,22.76,23.18,21.8,23.18,428100.0,22.76,23.18,21.8,23.18,428100.0
2002-01-29,False,daily,23.0,23.25,22.52,22.84,330500.0,23.0,23.25,22.52,22.84,330500.0
2002-01-28,False,daily,23.22,23.22,22.73,23.04,208400.0,23.22,23.22,22.73,23.04,208400.0
2002-01-25,False,daily,23.3,23.97,22.99,23.24,171200.0,23.3,23.97,22.99,23.24,171200.0
2002-01-24,False,daily,23.25,23.62,22.77,23.21,203300.0,23.25,23.62,22.77,23.21,203300.0
2002-01-23,False,daily,23.86,23.86,22.07,23.21,475000.0,23.86,23.86,22.07,23.21,475000.0
2002-01-22,False,daily,22.89,23.04,22.24,22.27,1120900.0,22.89,23.04,22.24,22.27,1120900.0
2002-01-18,False,daily,23.96,23.99,22.77,22.93,781700.0,23.96,23.99,22.77,22.93,781700.0
2002-01-17,False,daily,24.55,24.55,23.25,24.03,1150800.0,24.55,24.55,23.25,24.03,1150800.0
2002-01-16,False,daily,26.2,26.21,24.53,24.57,1166700.0,26.2,26.21,24.53,24.57,1166700.0
2002-01-15,False,daily,25.9,26.41,25.88,26.32,272800.0,25.9,26.41,25.88,26.32,272800.0
2002-01-14,False,daily,26.26,26.37,25.46,25.97,407600.0,26.26,26.37,25.46,25.97,407600.0
2002-01-11,False,daily,27.07,27.11,26.3,26.31,179800.0,27.07,27.11,26.3,26.31,179800.0
2002-01-10,False,daily,26.57,27.08,26.31,26.9,226900.0,26.57,27.08,26.31,26.9,226900.0
2002-01-09,False,daily,27.0,27.55,26.38,26.5,164400.0,27.0,27.55,26.38,26.5,164400.0
2002-01-08,False,daily,27.07,27.16,26.52,27.0,194100.0,27.07,27.16,26.52,27.0,194100.0
2002-01-07,False,daily,27.6,27.84,26.95,27.04,309900.0,27.6,27.84,26.95,27.04,309900.0
2002-01-04,False,daily,27.86,27.86,26.9,27.47,573100.0,27.86,27.86,26.9,27.47,573100.0
2002-01-03,False,daily,26.89,26.89,26.3,26.85,473400.0,26.89,26.89,26.3,26.85,473400.0
2002-01-02,False,daily,26.75,26.76,26.0,26.16,427600.0,26.75,26.76,26.0,26.16,427600.0
2003-12-31,False,daily,36.791,37.01,36.05,36.07,206700.0,36.791,37.01,36.05,36.07,206700.0
2003-12-30,False,daily,36.8,37.1,36.6,36.8,160700.0,36.8,37.1,36.6,36.8,160700.0
2003-12-29,False,daily,35.53,36.82,35.5,36.82,226900.0,35.53,36.82,35.5,36.82,226900.0
2003-12-26,False,daily,35.63,35.85,35.45,35.67,39400.0,35.63,35.85,35.45,35.67,39400.0
2003-12-24,False,daily,36.09,36.1,35.49,35.51,92300.0,36.09,36.1,35.49,35.51,92300.0
2003-12-23,False,daily,35.61,36.1,35.3,36.1,326200.0,35.61,36.1,35.3,36.1,326200.0
2003-12-22,False,daily,35.86,35.97,35.28,35.79,469000.0,35.86,35.97,35.28,35.79,469000.0
2003-12-19,False,daily,36.4,36.49,35.53,35.53,1434900.0,36.4,36.49,35.53,35.53,1434900.0
2003-12-18,False,daily,35.15,36.4,35.15,36.35,428200.0,35.15,36.4,35.15,36.35,428200.0
2003-12-17,False,daily,35.0,35.27,34.9,35.15,273200.0,35.0,35.27,34.9,35.15,273200.0
2003-12-16,False,daily,35.139,35.2,34.95,35.03,259400.0,35.139,35.2,34.95,35.03,259400.0
2003-12-15,False,daily,35.0,35.79,35.0,35.05,430400.0,35.0,35.79,35.0,35.05,430400.0
2003-12-12,False,daily,34.02,34.94,34.0,34.84,282500.0,34.02,34.94,34.0,34.84,282500.0
2003-12-11,False,daily,33.44,34.2,33.4,33.97,515800.0,33.44,34.2,33.4,33.97,515800.0
2003-12-10,False,daily,34.05,34.05,33.16,33.3,577700.0,34.05,34.05,33.16,33.3,577700.0
2003-12-09,False,daily,35.24,35.48,33.9,34.02,540700.0,35.24,35.48,33.9,34.02,540700.0
2003-12-08,False,daily,35.12,35.5,35.0,35.29,167600.0,35.12,35.5,35.0,35.29,167600.0
2003-12-05,False,daily,35.33,35.84,34.87,35.12,338700.0,35.33,35.84,34.87,35.12,338700.0
2003-12-04,False,daily,36.22,36.29,35.16,35.46,312600.0,36.22,36.29,35.16,35.46,312600.0
2003-12-03,False,daily,36.78,36.84,36.16,36.23,222300.0,36.78,36.84,36.16,36.23,222300.0
2003-12-02,False,daily,37.0,37.25,36.8,36.87,151500.0,37.0,37.25,36.8,36.87,151500.0
2003-12-01,False,daily,36.81,37.16,36.5,37.0,207800.0,36.81,37.16,36.5,37.0,207800.0
2003-11-28,False,daily,36.9,37.17,36.73,36.73,71600.0,36.9,37.17,36.73,36.73,71600.0
2003-11-26,False,daily,36.45,37.09,36.31,36.94,249500.0,36.45,37.09,36.31,36.94,249500.0
2003-11-25,False,daily,35.85,36.52,35.7,36.4,288800.0,35.85,36.52,35.7,36.4,288800.0
2003-11-24,False,daily,35.01,35.89,35.01,35.74,463700.0,35.01,35.89,35.01,35.74,463700.0
2003-11-21,False,daily,35.0,35.35,34.83,35.01,190900.0,35.0,35.35,34.83,35.01,190900.0
2003-11-20,False,daily,35.22,35.38,34.79,34.9,181300.0,35.22,35.38,34.79,34.9,181300.0
2003-11-19,False,daily,35.24,35.49,35.05,35.29,237600.0,35.24,35.49,35.05,35.29,237600.0
2003-11-18,False,daily,36.0,36.2,35.22,35.26,222600.0,36.0,36.2,35.22,35.26,222600.0
2003-11-17,False,daily,36.25,36.34,35.42,36.13,344900.0,36.25,36.34,35.42,36.13,344900.0
2003-11-14,False,daily,36.8,37.0,36.28,36.34,254700.0,36.8,37.0,36.28,36.34,254700.0
2003-11-13,False,daily,36.29,36.85,36.25,36.85,301600.0,36.29,36.85,36.25,36.85,301600.0
2003-11-12,False,daily,35.59,36.47,35.59,36.4,300800.0,35.59,36.47,35.59,36.4,300800.0
2003-11-11,False,daily,35.5,35.81,35.41,35.6,212100.0,35.5,35.81,35.41,35.6,212100.0
2003-11-10,False,daily,35.76,35.81,35.23,35.77,352000.0,35.76,35.81,35.23,35.77,352000.0
2003-11-07,False,daily,34.9,36.25,34.9,35.79,728000.0,34.9,36.25,34.9,35.79,728000.0
2003-11-06,False,daily,34.9,35.39,34.8,34.93,688300.0,34.9,35.39,34.8,34.93,688300.0
2003-11-05,False,daily,34.9,35.1,34.68,35.1,692900.0,34.9,35.1,34.68,35.1,692900.0
2003-11-04,False,daily,35.15,35.35,34.69,34.96,448300.0,35.15,35.35,34.69,34.96,448300.0
2003-11-03,False,daily,35.11,35.49,34.77,35.26,430800.0,35.11,35.49,34.77,35.26,430800.0
2003-10-31,False,daily,34.61,35.64,34.53,35.2,705200.0,34.61,35.64,34.53,35.2,705200.0
2003-10-30,False,daily,34.27,34.72,33.99,34.65,453700.0,34.27,34.72,33.99,34.65,453700.0
2003-10-29,False,daily,34.39,34.39,34.03,34.26,427900.0,34.39,34.39,34.03,34.26,427900.0
2003-10-28,False,daily,32.82,34.7,32.67,34.33,769400.0,32.82,34.7,32.67,34.33,769400.0
2003-10-27,False,daily,32.05,32.85,31.99,32.83,426500.0,32.05,32.85,31.99,32.83,426500.0
2003-10-24,False,daily,31.78,32.03,31.59,31.91,387200.0,31.78,32.03,31.59,31.91,387200.0
2003-10-23,False,daily,31.29,32.02,31.2,31.91,417800.0,31.29,32.02,31.2,31.91,417800.0
2003-10-22,False,daily,31.5,31.78,31.3,31.4,433700.0,31.5,31.78,31.3,31.4,433700.0
2003-10-21,False,daily,31.18,31.7,31.05,31.7,609500.0,31.18,31.7,31.05,31.7,609500.0
2003-10-20,False,daily,30.76,31.34,30.66,31.17,449900.0,30.76,31.34,30.66,31.17,449900.0
2003-10-17,False,daily,31.8,31.8,30.78,30.78,768900.0,31.8,31.8,30.78,30.78,768900.0
2003-10-16,False,daily,30.89,32.001,30.8,31.86,687000.0,30.89,32.001,30.8,31.86,687000.0
2003-10-15,False,daily,31.43,31.62,30.83,30.94,362500.0,31.43,31.62,30.83,30.94,362500.0
2003-10-14,False,daily,30.86,31.52,30.86,31.45,355700.0,30.86,31.52,30.86,31.45,355700.0
2003-10-13,False,daily,30.42,31.0,30.3,30.93,222000.0,30.42,31.0,30.3,30.93,222000.0
2003-10-10,False,daily,30.16,30.4,29.66,30.3,331600.0,30.16,30.4,29.66,30.3,331600.0
2003-10-09,False,daily,29.79,30.85,29.76,30.25,479800.0,29.79,30.85,29.76,30.25,479800.0
2003-10-08,False,daily,29.591,29.95,29.44,29.68,299200.0,29.591,29.95,29.44,29.68,299200.0
2003-10-07,False,daily,29.318,29.76,29.27,29.65,496900.0,29.318,29.76,29.27,29.65,496900.0
2003-10-06,False,daily,29.05,29.41,28.54,29.41,231100.0,29.05,29.41,28.54,29.41,231100.0
2003-10-03,False,daily,28.66,29.15,28.57,28.9,484100.0,28.66,29.15,28.57,28.9,484100.0
2003-10-02,False,daily,28.4,28.6,28.19,28.5,318900.0,28.4,28.6,28.19,28.5,318900.0
2003-10-01,False,daily,27.55,28.6,27.46,28.53,755900.0,27.55,28.6,27.46,28.53,755900.0
2003-09-30,False,daily,28.27,28.27,27.56,27.6,679300.0,28.27,28.27,27.56,27.6,679300.0
2003-09-29,False,daily,28.3,28.71,27.95,28.27,402100.0,28.3,28.71,27.95,28.27,402100.0
2003-09-26,False,daily,28.7,28.83,28.0,28.21,687300.0,28.7,28.83,28.0,28.21,687300.0
2003-09-25,False,daily,29.26,29.52,28.74,28.74,471400.0,29.26,29.52,28.74,28.74,471400.0
2003-09-24,False,daily,29.96,30.12,29.14,29.14,211200.0,29.96,30.12,29.14,29.14,211200.0
2003-09-23,False,daily,30.17,30.17,29.41,29.88,789300.0,30.17,30.17,29.41,29.88,789300.0
2003-09-22,False,daily,29.64,30.15,29.4,29.96,427900.0,29.64,30.15,29.4,29.96,427900.0
2003-09-19,False,daily,29.96,30.46,29.93,30.3,826700.0,29.96,30.46,29.93,30.3,826700.0
2003-09-18,False,daily,29.9,30.25,29.81,30.2,693500.0,29.9,30.25,29.81,30.2,693500.0
2003-09-17,False,daily,30.4,30.47,29.62,29.95,532500.0,30.4,30.47,29.62,29.95,532500.0
2003-09-16,False,daily,30.55,31.001,30.11,30.45,1077400.0,30.55,31.001,30.11,30.45,1077400.0
2003-09-15,False,daily,28.79,30.55,28.58,30.32,1948400.0,28.79,30.55,28.58,30.32,1948400.0
2003-09-12,False,daily,28.35,28.39,27.58,28.25,2100900.0,28.35,28.39,27.58,28.25,2100900.0
2003-09-11,False,daily,24.97,25.6,24.97,25.6,560000.0,24.97,25.6,24.97,25.6,560000.0
2003-09-10,False,daily,25.26,25.44,24.9,24.97,449400.0,25.26,25.44,24.9,24.97,449400.0
2003-09-09,False,daily,25.34,25.65,25.15,25.3,251100.0,25.34,25.65,25.15,25.3,251100.0
2003-09-08,False,daily,24.91,25.32,24.9,25.3,308400.0,24.91,25.32,24.9,25.3,308400.0
2003-09-05,False,daily,24.64,25.25,24.6207,24.92,798400.0,24.64,25.25,24.6207,24.92,798400.0
2003-09-04,False,daily,24.53,24.87,24.19,24.57,646300.0,24.53,24.87,24.19,24.57,646300.0
2003-09-03,False,daily,24.61,24.78,24.3,24.63,860500.0,24.61,24.78,24.3,24.63,860500.0
2003-09-02,False,daily,23.49,24.66,23.49,24.55,891000.0,23.49,24.66,23.49,24.55,891000.0
2003-08-29,False,daily,23.5,23.64,23.46,23.6,120900.0,23.5,23.64,23.46,23.6,120900.0
2003-08-28,False,daily,23.09,23.57,23.01,23.52,151000.0,23.09,23.57,23.01,23.52,151000.0
2003-08-27,False,daily,23.24,23.32,23.0,23.12,134700.0,23.24,23.32,23.0,23.12,134700.0
2003-08-26,False,daily,23.56,23.62,23.0,23.31,303800.0,23.56,23.62,23.0,23.31,303800.0
2003-08-25,False,daily,23.4,23.72,23.17,23.61,364000.0,23.4,23.72,23.17,23.61,364000.0
2003-08-22,False,daily,23.66,23.89,23.22,23.31,286400.0,23.66,23.89,23.22,23.31,286400.0
2003-08-21,False,daily,23.81,23.85,23.64,23.75,281800.0,23.81,23.85,23.64,23.75,281800.0
2003-08-20,False,daily,23.96,24.06,23.61,23.69,551000.0,23.96,24.06,23.61,23.69,551000.0
2003-08-19,False,daily,24.1,24.214,23.86,24.02,377600.0,24.1,24.214,23.86,24.02,377600.0
2003-08-18,False,daily,23.4,24.11,23.35,24.1,583300.0,23.4,24.11,23.35,24.1,583300.0
2003-08-15,False,daily,23.531,23.56,23.3,23.4,120400.0,23.531,23.56,23.3,23.4,120400.0
2003-08-14,False,daily,23.28,23.68,23.16,23.61,243300.0,23.28,23.68,23.16,23.61,243300.0
2003-08-13,False,daily,23.36,23.55,23.29,23.3,338900.0,23.36,23.55,23.29,23.3,338900.0
2003-08-12,False,daily,22.77,23.57,22.66,23.44,641000.0,22.77,23.57,22.66,23.44,641000.0
2003-08-11,False,daily,23.08,23.2,22.75,22.97,292900.0,23.08,23.2,22.75,22.97,292900.0
2003-08-08,False,daily,23.36,23.64,22.93,23.1,400300.0,23.36,23.64,22.93,23.1,400300.0
2003-08-07,False,daily,23.5,23.81,23.08,23.63,210100.0,23.5,23.81,23.08,23.63,210100.0
2003-08-06,False,daily,23.609,23.68,23.2,23.49,186600.0,23.609,23.68,23.2,23.49,186600.0
2003-08-05,False,daily,23.93,24.06,23.48,23.48,224100.0,23.93,24.06,23.48,23.48,224100.0
2003-08-04,False,daily,23.95,24.1,23.43,23.9,324400.0,23.95,24.1,23.43,23.9,324400.0
2003-08-01,False,daily,24.6,24.62,23.82,23.96,384400.0,24.6,24.62,23.82,23.96,384400.0
2003-07-31,False,daily,24.0,24.88,23.99,24.77,607300.0,24.0,24.88,23.99,24.77,607300.0
2003-07-30,False,daily,24.24,24.25,23.58,24.07,346400.0,24.24,24.25,23.58,24.07,346400.0
2003-07-29,False,daily,24.49,24.49,24.1,24.2,355500.0,24.49,24.49,24.1,24.2,355500.0
2003-07-28,False,daily,24.15,24.57,23.84,24.5,472000.0,24.15,24.57,23.84,24.5,472000.0
2003-07-25,False,daily,23.99,24.43,23.99,24.27,510800.0,23.99,24.43,23.99,24.27,510800.0
2003-07-24,False,daily,24.48,24.72,23.73,24.02,358100.0,24.48,24.72,23.73,24.02,358100.0
2003-07-23,False,daily,24.35,24.48,23.911,24.4,427100.0,24.35,24.48,23.911,24.4,427100.0
2003-07-22,False,daily,23.73,24.37,23.45,24.3,502100.0,23.73,24.37,23.45,24.3,502100.0
2003-07-21,False,daily,24.08,24.2,23.43,23.51,540500.0,24.08,24.2,23.43,23.51,540500.0
2003-07-18,False,daily,23.6,24.41,23.25,24.1,1003800.0,23.6,24.41,23.25,24.1,1003800.0
2003-07-17,False,daily,24.56,24.65,23.39,23.4,653900.0,24.56,24.65,23.39,23.4,653900.0
2003-07-16,False,daily,24.65,24.8,24.5,24.61,687700.0,24.65,24.8,24.5,24.61,687700.0
2003-07-15,False,daily,24.4,24.75,24.35,24.65,762900.0,24.4,24.75,24.35,24.65,762900.0
2003-07-14,False,daily,23.93,24.75,23.93,24.34,680300.0,23.93,24.75,23.93,24.34,680300.0
2003-07-11,False,daily,23.63,24.0,23.63,23.8,351600.0,23.63,24.0,23.63,23.8,351600.0
2003-07-10,False,daily,24.38,24.559,23.53,23.61,416500.0,24.38,24.559,23.53,23.61,416500.0
2003-07-09,False,daily,23.86,24.75,23.78,24.53,674900.0,23.86,24.75,23.78,24.53,674900.0
2003-07-08,False,daily,23.88,24.21,23.7,23.97,715100.0,23.88,24.21,23.7,23.97,715100.0
2003-07-07,False,daily,23.67,24.24,23.645,23.93,512600.0,23.67,24.24,23.645,23.93,512600.0
2003-07-03,False,daily,23.82,23.89,23.49,23.63,295200.0,23.82,23.89,23.49,23.63,295200.0
2003-07-02,False,daily,24.05,24.05,23.56,23.81,577100.0,24.05,24.05,23.56,23.81,577100.0
2003-07-01,False,daily,23.81,24.0,23.48,23.81,691500.0,23.81,24.0,23.48,23.81,691500.0
2003-06-30,False,daily,24.35,24.82,23.76,23.81,2242700.0,24.35,24.82,23.76,23.81,2242700.0
2003-06-27,False,daily,23.3,24.25,23.28,24.1,1096900.0,23.3,24.25,23.28,24.1,1096900.0
2003-06-26,False,daily,22.63,23.73,22.57,23.27,802500.0,22.63,23.73,22.57,23.27,802500.0
2003-06-25,False,daily,22.81,23.005,22.3,22.59,1345500.0,22.81,23.005,22.3,22.59,1345500.0
2003-06-24,False,daily,23.39,23.54,22.54,22.82,2016600.0,23.39,23.54,22.54,22.82,2016600.0
2003-06-23,False,daily,24.82,24.82,23.75,23.95,1486300.0,24.82,24.82,23.75,23.95,1486300.0
2003-06-20,False,daily,26.01,26.04,24.631,24.8,1387800.0,26.01,26.04,24.631,24.8,1387800.0
2003-06-19,False,daily,26.49,26.55,25.34,25.35,1202600.0,26.49,26.55,25.34,25.35,1202600.0
2003-06-18,False,daily,26.15,26.6,25.83,26.49,923500.0,26.15,26.6,25.83,26.49,923500.0
2003-06-17,False,daily,26.32,26.45,25.99,26.16,734600.0,26.32,26.45,25.99,26.16,734600.0
2003-06-16,False,daily,25.98,26.46,25.88,26.45,887600.0,25.98,26.46,25.88,26.45,887600.0
2003-06-13,False,daily,26.51,26.65,25.92,26.01,1041500.0,26.51,26.65,25.92,26.01,1041500.0
2003-06-12,False,daily,26.71,26.97,26.3,26.58,793100.0,26.71,26.97,26.3,26.58,793100.0
2003-06-11,False,daily,25.89,27.0,25.75,26.681,1075200.0,25.89,27.0,25.75,26.681,1075200.0
2003-06-10,False,daily,25.25,26.07,25.15,26.01,948200.0,25.25,26.07,25.15,26.01,948200.0
2003-06-09,False,daily,26.151,26.19,25.25,25.28,731100.0,26.151,26.19,25.25,25.28,731100.0
2003-06-06,False,daily,26.1,26.64,25.88,26.2,964000.0,26.1,26.64,25.88,26.2,964000.0
2003-06-05,False,daily,25.25,26.34,25.13,26.07,1170400.0,25.25,26.34,25.13,26.07,1170400.0
2003-06-04,False,daily,25.46,25.55,24.92,25.39,1841800.0,25.46,25.55,24.92,25.39,1841800.0
2003-06-03,False,daily,25.25,25.5,25.15,25.39,768900.0,25.25,25.5,25.15,25.39,768900.0
2003-06-02,False,daily,25.22,25.65,24.66,25.29,678500.0,25.22,25.65,24.66,25.29,678500.0
2003-05-30,False,daily,24.68,25.38,24.67,25.2,834600.0,24.68,25.38,24.67,25.2,834600.0
2003-05-29,False,daily,24.83,25.0,24.47,24.62,532900.0,24.83,25.0,24.47,24.62,532900.0
2003-05-28,False,daily,24.85,25.12,24.8,24.93,534400.0,24.85,25.12,24.8,24.93,534400.0
2003-05-27,False,daily,24.44,24.84,24.25,24.81,538700.0,24.44,24.84,24.25,24.81,538700.0
2003-05-23,False,daily,24.29,24.68,24.26,24.56,422600.0,24.29,24.68,24.26,24.56,422600.0
2003-05-22,False,daily,24.4,24.54,24.2,24.31,441400.0,24.4,24.54,24.2,24.31,441400.0
2003-05-21,False,daily,24.57,24.65,24.17,24.45,526600.0,24.57,24.65,24.17,24.45,526600.0
2003-05-20,False,daily,25.0,25.15,24.25,24.75,1173500.0,25.0,25.15,24.25,24.75,1173500.0
2003-05-19,False,daily,26.09,26.24,25.7,25.91,322000.0,26.09,26.24,25.7,25.91,322000.0
2003-05-16,False,daily,26.4,26.57,26.17,26.32,347600.0,26.4,26.57,26.17,26.32,347600.0
2003-05-15,False,daily,25.59,26.44,25.25,26.4,3954900.0,25.59,26.44,25.25,26.4,3954900.0
2003-05-14,False,daily,25.89,26.0,24.62,25.67,210600.0,25.89,26.0,24.62,25.67,210600.0
2003-05-13,False,daily,25.79,26.15,25.67,25.88,228600.0,25.79,26.15,25.67,25.88,228600.0
2003-05-12,False,daily,25.55,25.95,25.28,25.76,210200.0,25.55,25.95,25.28,25.76,210200.0
2003-05-09,False,daily,25.2,25.71,25.2,25.67,494400.0,25.2,25.71,25.2,25.67,494400.0
2003-05-08,False,daily,24.89,25.28,24.85,25.17,807400.0,24.89,25.28,24.85,25.17,807400.0
2003-05-07,False,daily,24.74,25.17,24.31,24.82,361900.0,24.74,25.17,24.31,24.82,361900.0
2003-05-06,False,daily,24.0,25.0,24.0,24.66,541700.0,24.0,25.0,24.0,24.66,541700.0
2003-05-05,False,daily,24.4,24.57,23.91,24.14,556600.0,24.4,24.57,23.91,24.14,556600.0
2003-05-02,False,daily,23.25,24.95,23.12,24.46,760700.0,23.25,24.95,23.12,24.46,760700.0
2003-05-01,False,daily,23.3,23.44,22.91,23.19,279000.0,23.3,23.44,22.91,23.19,279000.0
2003-04-30,False,daily,22.68,23.55,22.62,23.36,414300.0,22.68,23.55,22.62,23.36,414300.0
2003-04-29,False,daily,22.9,23.21,22.61,22.69,390500.0,22.9,23.21,22.61,22.69,390500.0
2003-04-28,False,daily,22.73,22.94,22.71,22.91,322800.0,22.73,22.94,22.71,22.91,322800.0
2003-04-25,False,daily,22.94,22.98,22.501,22.79,339800.0,22.94,22.98,22.501,22.79,339800.0
2003-04-24,False,daily,22.5,23.07,22.45,22.77,314200.0,22.5,23.07,22.45,22.77,314200.0
2003-04-23,False,daily,23.0,23.12,22.44,22.7,442000.0,23.0,23.12,22.44,22.7,442000.0
2003-04-22,False,daily,21.92,23.23,21.76,23.16,586600.0,21.92,23.23,21.76,23.16,586600.0
2003-04-21,False,daily,21.24,22.25,21.2,22.0,1292300.0,21.24,22.25,21.2,22.0,1292300.0
2003-04-17,False,daily,20.09,20.35,20.04,20.22,186800.0,20.09,20.35,20.04,20.22,186800.0
2003-04-16,False,daily,20.0,20.34,19.98,20.2,304100.0,20.0,20.34,19.98,20.2,304100.0
2003-04-15,False,daily,19.35,20.14,19.35,20.09,180100.0,19.35,20.14,19.35,20.09,180100.0
2003-04-14,False,daily,19.34,19.69,18.97,19.39,204100.0,19.34,19.69,18.97,19.39,204100.0
2003-04-11,False,daily,19.39,19.66,19.31,19.41,246700.0,19.39,19.66,19.31,19.41,246700.0
2003-04-10,False,daily,18.84,19.64,18.84,19.47,291100.0,18.84,19.64,18.84,19.47,291100.0
2003-04-09,False,daily,19.16,19.83,18.84,19.01,230800.0,19.16,19.83,18.84,19.01,230800.0
2003-04-08,False,daily,19.2,19.33,19.08,19.25,134300.0,19.2,19.33,19.08,19.25,134300.0
2003-04-07,False,daily,19.26,20.19,19.17,19.21,724800.0,19.26,20.19,19.17,19.21,724800.0
2003-04-04,False,daily,18.96,19.26,18.93,19.05,178500.0,18.96,19.26,18.93,19.05,178500.0
2003-04-03,False,daily,19.02,19.14,18.79,18.87,308800.0,19.02,19.14,18.79,18.87,308800.0
2003-04-02,False,daily,18.45,19.47,18.3,19.14,552600.0,18.45,19.47,18.3,19.14,552600.0
2003-04-01,False,daily,18.3,18.44,18.11,18.35,427100.0,18.3,18.44,18.11,18.35,427100.0
2003-03-31,False,daily,18.25,18.4,18.13,18.19,565200.0,18.25,18.4,18.13,18.19,565200.0
2003-03-28,False,daily,17.96,18.56,17.86,18.38,535200.0,17.96,18.56,17.86,18.38,535200.0
2003-03-27,False,daily,17.59,18.02,17.58,18.02,251800.0,17.59,18.02,17.58,18.02,251800.0
2003-03-26,False,daily,17.68,17.92,17.55,17.67,396300.0,17.68,17.92,17.55,17.67,396300.0
2003-03-25,False,daily,17.63,17.87,17.48,17.69,288400.0,17.63,17.87,17.48,17.69,288400.0
2003-03-24,False,daily,18.3,18.34,17.49,17.51,332500.0,18.3,18.34,17.49,17.51,332500.0
2003-03-21,False,daily,18.55,18.81,18.28,18.48,724500.0,18.55,18.81,18.28,18.48,724500.0
2003-03-20,False,daily,17.23,18.94,17.03,18.7,1008100.0,17.23,18.94,17.03,18.7,1008100.0
2003-03-19,False,daily,17.28,17.34,17.18,17.25,198600.0,17.28,17.34,17.18,17.25,198600.0
2003-03-18,False,daily,16.85,17.28,16.75,17.28,263800.0,16.85,17.28,16.75,17.28,263800.0
2003-03-17,False,daily,16.48,16.91,16.17,16.9,213200.0,16.48,16.91,16.17,16.9,213200.0
2003-03-14,False,daily,16.41,16.72,16.32,16.53,250900.0,16.41,16.72,16.32,16.53,250900.0
2003-03-13,False,daily,15.98,16.58,15.92,16.58,289100.0,15.98,16.58,15.92,16.58,289100.0
2003-03-12,False,daily,15.97,16.02,15.76,15.92,503800.0,15.97,16.02,15.76,15.92,503800.0
2003-03-11,False,daily,15.74,16.41,15.74,15.99,689600.0,15.74,16.41,15.74,15.99,689600.0
2003-03-10,False,daily,16.35,16.36,15.71,15.75,175500.0,16.35,16.36,15.71,15.75,175500.0
2003-03-07,False,daily,16.3,16.57,16.11,16.46,383500.0,16.3,16.57,16.11,16.46,383500.0
2003-03-06,False,daily,16.71,16.72,16.32,16.33,414500.0,16.71,16.72,16.32,16.33,414500.0
2003-03-05,False,daily,16.93,17.22,16.44,16.75,465900.0,16.93,17.22,16.44,16.75,465900.0
2003-03-04,False,daily,17.07,17.2,16.99,16.99,154800.0,17.07,17.2,16.99,16.99,154800.0
2003-03-03,False,daily,17.25,17.51,17.07,17.09,185500.0,17.25,17.51,17.07,17.09,185500.0
2003-02-28,False,daily,17.03,17.5,17.02,17.35,194500.0,17.03,17.5,17.02,17.35,194500.0
2003-02-27,False,daily,16.71,17.15,16.7,17.15,208800.0,16.71,17.15,16.7,17.15,208800.0
2003-02-26,False,daily,16.96,17.04,16.75,16.83,198300.0,16.96,17.04,16.75,16.83,198300.0
2003-02-25,False,daily,16.97,17.06,16.58,16.96,505600.0,16.97,17.06,16.58,16.96,505600.0
2003-02-24,False,daily,17.25,17.36,16.94,17.02,120900.0,17.25,17.36,16.94,17.02,120900.0
2003-02-21,False,daily,17.15,17.51,16.94,17.45,168100.0,17.15,17.51,16.94,17.45,168100.0
2003-02-20,False,daily,17.25,17.33,17.13,17.18,155800.0,17.25,17.33,17.13,17.18,155800.0
2003-02-19,False,daily,17.3,17.49,17.23,17.23,195400.0,17.3,17.49,17.23,17.23,195400.0
2003-02-18,False,daily,17.13,17.47,17.04,17.4,149100.0,17.13,17.47,17.04,17.4,149100.0
2003-02-14,False,daily,16.64,17.18,16.57,17.13,217300.0,16.64,17.18,16.57,17.13,217300.0
2003-02-13,False,daily,16.64,16.8,16.49,16.64,218600.0,16.64,16.8,16.49,16.64,218600.0
2003-02-12,False,daily,17.0,17.1,16.49,16.63,305900.0,17.0,17.1,16.49,16.63,305900.0
2003-02-11,False,daily,17.18,17.4,16.88,16.97,218000.0,17.18,17.4,16.88,16.97,218000.0
2003-02-10,False,daily,17.03,17.21,17.03,17.18,236400.0,17.03,17.21,17.03,17.18,236400.0
2003-02-07,False,daily,17.21,17.37,17.0,17.01,200600.0,17.21,17.37,17.0,17.01,200600.0
2003-02-06,False,daily,17.2,17.4,17.14,17.26,214300.0,17.2,17.4,17.14,17.26,214300.0
2003-02-05,False,daily,17.15,17.48,17.01,17.17,261900.0,17.15,17.48,17.01,17.17,261900.0
2003-02-04,False,daily,17.33,17.33,16.92,17.15,334400.0,17.33,17.33,16.92,17.15,334400.0
2003-02-03,False,daily,17.34,17.42,17.04,17.2,276600.0,17.34,17.42,17.04,17.2,276600.0
2003-01-31,False,daily,16.95,17.32,16.9,17.25,289300.0,16.95,17.32,16.9,17.25,289300.0
2003-01-30,False,daily,17.42,17.43,16.92,16.95,298000.0,17.42,17.43,16.92,16.95,298000.0
2003-01-29,False,daily,17.07,17.5,16.8,17.49,383600.0,17.07,17.5,16.8,17.49,383600.0
2003-01-28,False,daily,17.08,17.51,16.81,17.5,422200.0,17.08,17.51,16.81,17.5,422200.0
2003-01-27,False,daily,17.4,17.8,17.05,17.09,460700.0,17.4,17.8,17.05,17.09,460700.0
2003-01-24,False,daily,17.89,17.89,17.42,17.42,401200.0,17.89,17.89,17.42,17.42,401200.0
2003-01-23,False,daily,17.71,17.99,17.53,17.94,335700.0,17.71,17.99,17.53,17.94,335700.0
2003-01-22,False,daily,18.04,18.04,17.45,17.7,768600.0,18.04,18.04,17.45,17.7,768600.0
2003-01-21,False,daily,18.32,18.4,17.92,17.92,323200.0,18.32,18.4,17.92,17.92,323200.0
2003-01-17,False,daily,17.44,18.39,17.4,18.31,1244100.0,17.44,18.39,17.4,18.31,1244100.0
2003-01-16,False,daily,18.45,18.54,18.1,18.34,518700.0,18.45,18.54,18.1,18.34,518700.0
2003-01-15,False,daily,19.0,19.04,18.45,18.45,380200.0,19.0,19.04,18.45,18.45,380200.0
2003-01-14,False,daily,18.7,19.08,18.7,19.07,287200.0,18.7,19.08,18.7,19.07,287200.0
2003-01-13,False,daily,18.81,18.87,18.64,18.77,280500.0,18.81,18.87,18.64,18.77,280500.0
2003-01-10,False,daily,18.83,19.07,18.78,18.8,195100.0,18.83,19.07,18.78,18.8,195100.0
2003-01-09,False,daily,18.7,19.06,18.7,18.91,243000.0,18.7,19.06,18.7,18.91,243000.0
2003-01-08,False,daily,19.11,19.14,18.68,18.79,322000.0,19.11,19.14,18.68,18.79,322000.0
2003-01-07,False,daily,19.05,19.63,18.89,19.06,484200.0,19.05,19.63,18.89,19.06,484200.0
2003-01-06,False,daily,18.41,19.18,18.41,19.04,271000.0,18.41,19.18,18.41,19.04,271000.0
2003-01-03,False,daily,18.5,18.65,18.4,18.43,226100.0,18.5,18.65,18.4,18.43,226100.0
2003-01-02,False,daily,18.32,18.66,18.25,18.66,299700.0,18.32,18.66,18.25,18.66,299700.0
2004-12-31,False,daily,45.0,45.15,44.7,44.82,289300.0,45.0,45.15,44.7,44.82,289300.0
2004-12-30,False,daily,44.62,45.0,44.62,44.84,171100.0,44.62,45.0,44.62,44.84,171100.0
2004-12-29,False,daily,44.81,44.92,44.42,44.67,142600.0,44.81,44.92,44.42,44.67,142600.0
2004-12-28,False,daily,44.22,44.99,44.21,44.99,265500.0,44.22,44.99,44.21,44.99,265500.0
2004-12-27,False,daily,44.84,44.99,44.08,44.4,347400.0,44.84,44.99,44.08,44.4,347400.0
2004-12-23,False,daily,44.88,44.88,44.08,44.59,850700.0,44.88,44.88,44.08,44.59,850700.0
2004-12-22,False,daily,43.9,43.99,43.4,43.615,168100.0,43.9,43.99,43.4,43.615,168100.0
2004-12-21,False,daily,43.18,44.27,42.98,44.0,384800.0,43.18,44.27,42.98,44.0,384800.0
2004-12-20,False,daily,42.7,43.73,42.53,42.93,335700.0,42.7,43.73,42.53,42.93,335700.0
2004-12-17,False,daily,42.33,43.01,42.33,42.84,444800.0,42.33,43.01,42.33,42.84,444800.0
2004-12-16,False,daily,42.88,43.3,42.4,42.66,173400.0,42.88,43.3,42.4,42.66,173400.0
2004-12-15,False,daily,42.81,43.55,42.67,43.09,280400.0,42.81,43.55,42.67,43.09,280400.0
2004-12-14,False,daily,42.61,43.0,42.57,42.95,192600.0,42.61,43.0,42.57,42.95,192600.0
2004-12-13,False,daily,42.35,42.8,42.1,42.71,151100.0,42.35,42.8,42.1,42.71,151100.0
2004-12-10,False,daily,41.89,42.44,41.7,42.3,165400.0,41.89,42.44,41.7,42.3,165400.0
2004-12-09,False,daily,40.96,42.35,40.93,42.03,509000.0,40.96,42.35,40.93,42.03,509000.0
2004-12-08,False,daily,41.45,41.5,40.95,41.165,488800.0,41.45,41.5,40.95,41.165,488800.0
2004-12-07,False,daily,41.99,42.21,41.48,41.48,405200.0,41.99,42.21,41.48,41.48,405200.0
2004-12-06,False,daily,42.25,42.27,41.74,42.01,434500.0,42.25,42.27,41.74,42.01,434500.0
2004-12-03,False,daily,42.99,42.99,41.78,42.16,377000.0,42.99,42.99,41.78,42.16,377000.0
2004-12-02,False,daily,42.42,43.0,42.36,42.98,877900.0,42.42,43.0,42.36,42.98,877900.0
2004-12-01,False,daily,42.15,42.85,42.0,42.55,263500.0,42.15,42.85,42.0,42.55,263500.0
2004-11-30,False,daily,42.025,42.2709,41.81,41.98,426200.0,42.025,42.2709,41.81,41.98,426200.0
2004-11-29,False,daily,42.44,42.53,41.66,42.05,288500.0,42.44,42.53,41.66,42.05,288500.0
2004-11-26,False,daily,42.61,42.61,42.22,42.23,60900.0,42.61,42.61,42.22,42.23,60900.0
2004-11-24,False,daily,42.24,42.96,42.24,42.42,349400.0,42.24,42.96,42.24,42.42,349400.0
2004-11-23,False,daily,41.87,42.51,41.84,42.33,416800.0,41.87,42.51,41.84,42.33,416800.0
2004-11-22,False,daily,41.51,42.33,41.5,42.11,326500.0,41.51,42.33,41.5,42.11,326500.0
2004-11-19,False,daily,41.55,41.8,41.15,41.66,350200.0,41.55,41.8,41.15,41.66,350200.0
2004-11-18,False,daily,41.36,41.84,41.08,41.65,702800.0,41.36,41.84,41.08,41.65,702800.0
2004-11-17,False,daily,41.31,41.78,41.14,41.44,398800.0,41.31,41.78,41.14,41.44,398800.0
2004-11-16,False,daily,41.41,41.71,40.96,41.19,363600.0,41.41,41.71,40.96,41.19,363600.0
2004-11-15,False,daily,42.2,42.6,41.98,42.29,393000.0,42.2,42.6,41.98,42.29,393000.0
2004-11-12,False,daily,41.59,42.59,41.19,42.51,303800.0,41.59,42.59,41.19,42.51,303800.0
2004-11-11,False,daily,40.6,41.62,40.6,41.61,422400.0,40.6,41.62,40.6,41.61,422400.0
2004-11-10,False,daily,40.51,40.97,40.27,40.75,157400.0,40.51,40.97,40.27,40.75,157400.0
2004-11-09,False,daily,40.2,40.71,40.17,40.7,199300.0,40.2,40.71,40.17,40.7,199300.0
2004-11-08,False,daily,40.59,40.75,40.11,40.3,167300.0,40.59,40.75,40.11,40.3,167300.0
2004-11-05,False,daily,40.64,41.2,40.47,40.85,477100.0,40.64,41.2,40.47,40.85,477100.0
2004-11-04,False,daily,40.47,40.69,40.08,40.67,334000.0,40.47,40.69,40.08,40.67,334000.0
2004-11-03,False,daily,40.51,41.0,40.34,40.59,237900.0,40.51,41.0,40.34,40.59,237900.0
2004-11-02,False,daily,40.2,40.72,39.9,40.16,253500.0,40.2,40.72,39.9,40.16,253500.0
2004-11-01,False,daily,39.76,40.33,39.5,40.2,270900.0,39.76,40.33,39.5,40.2,270900.0
2004-10-29,False,daily,40.24,40.45,39.68,40.01,348300.0,40.24,40.45,39.68,40.01,348300.0
2004-10-28,False,daily,40.0,40.48,39.908,40.31,222600.0,40.0,40.48,39.908,40.31,222600.0
2004-10-27,False,daily,39.53,40.22,39.2,40.22,278600.0,39.53,40.22,39.2,40.22,278600.0
2004-10-26,False,daily,39.18,39.51,38.26,39.41,395300.0,39.18,39.51,38.26,39.41,395300.0
2004-10-25,False,daily,37.87,39.29,37.48,39.29,251700.0,37.87,39.29,37.48,39.29,251700.0
2004-10-22,False,daily,39.01,39.06,38.27,38.54,250900.0,39.01,39.06,38.27,38.54,250900.0
2004-10-21,False,daily,37.75,39.1,37.47,39.1,489800.0,37.75,39.1,37.47,39.1,489800.0
2004-10-20,False,daily,37.75,37.9,37.3,37.85,381400.0,37.75,37.9,37.3,37.85,381400.0
2004-10-19,False,daily,37.99,38.6,37.78,37.79,166400.0,37.99,38.6,37.78,37.79,166400.0
2004-10-18,False,daily,38.08,38.08,37.73,38.0,176800.0,38.08,38.08,37.73,38.0,176800.0
2004-10-15,False,daily,37.74,38.12,37.6,37.92,210100.0,37.74,38.12,37.6,37.92,210100.0
2004-10-14,False,daily,38.28,38.28,37.4,37.68,331300.0,38.28,38.28,37.4,37.68,331300.0
2004-10-13,False,daily,38.98,39.05,38.11,38.32,260100.0,38.98,39.05,38.11,38.32,260100.0
2004-10-12,False,daily,38.73,39.13,38.48,38.98,216400.0,38.73,39.13,38.48,38.98,216400.0
2004-10-11,False,daily,38.5,38.97,38.46,38.97,171000.0,38.5,38.97,38.46,38.97,171000.0
2004-10-08,False,daily,38.86,39.35,38.5,38.5,259200.0,38.86,39.35,38.5,38.5,259200.0
2004-10-07,False,daily,38.97,39.4,38.68,38.98,266600.0,38.97,39.4,38.68,38.98,266600.0
2004-10-06,False,daily,38.63,39.16,38.63,39.15,136800.0,38.63,39.16,38.63,39.15,136800.0
2004-10-05,False,daily,38.78,39.17,38.51,38.69,147100.0,38.78,39.17,38.51,38.69,147100.0
2004-10-04,False,daily,38.49,39.15,38.26,38.78,259600.0,38.49,39.15,38.26,38.78,259600.0
2004-10-01,False,daily,37.42,38.47,37.15,38.28,383200.0,37.42,38.47,37.15,38.28,383200.0
2004-09-30,False,daily,36.93,37.49,36.87,37.17,195500.0,36.93,37.49,36.87,37.17,195500.0
2004-09-29,False,daily,36.87,37.02,36.62,37.0,173800.0,36.87,37.02,36.62,37.0,173800.0
2004-09-28,False,daily,36.1,36.95,36.1,36.84,199500.0,36.1,36.95,36.1,36.84,199500.0
2004-09-27,False,daily,36.58,36.67,35.95,36.0,150200.0,36.58,36.67,35.95,36.0,150200.0
2004-09-24,False,daily,36.28,36.76,36.2,36.75,148300.0,36.28,36.76,36.2,36.75,148300.0
2004-09-23,False,daily,35.9,36.4,35.79,36.31,252100.0,35.9,36.4,35.79,36.31,252100.0
2004-09-22,False,daily,36.87,36.87,35.92,35.92,251400.0,36.87,36.87,35.92,35.92,251400.0
2004-09-21,False,daily,36.65,36.99,36.36,36.87,193700.0,36.65,36.99,36.36,36.87,193700.0
2004-09-20,False,daily,36.67,36.9,36.42,36.56,194400.0,36.67,36.9,36.42,36.56,194400.0
2004-09-17,False,daily,36.96,37.41,36.5,36.86,266100.0,36.96,37.41,36.5,36.86,266100.0
2004-09-16,False,daily,37.0,37.22,36.83,36.97,142000.0,37.0,37.22,36.83,36.97,142000.0
2004-09-15,False,daily,36.86,37.02,36.71,36.78,313000.0,36.86,37.02,36.71,36.78,313000.0
2004-09-14,False,daily,36.78,37.09,36.78,36.93,239700.0,36.78,37.09,36.78,36.93,239700.0
2004-09-13,False,daily,36.92,37.1,36.92,37.0,193200.0,36.92,37.1,36.92,37.0,193200.0
2004-09-10,False,daily,36.63,37.01,36.45,36.92,128400.0,36.63,37.01,36.45,36.92,128400.0
2004-09-09,False,daily,36.5,36.8,36.38,36.69,193400.0,36.5,36.8,36.38,36.69,193400.0
2004-09-08,False,daily,36.92,37.02,36.12,36.28,245700.0,36.92,37.02,36.12,36.28,245700.0
2004-09-07,False,daily,36.85,37.33,36.85,37.0,341400.0,36.85,37.33,36.85,37.0,341400.0
2004-09-03,False,daily,37.07,37.31,36.62,36.75,201600.0,37.07,37.31,36.62,36.75,201600.0
2004-09-02,False,daily,36.9,37.0,36.59,36.98,237700.0,36.9,37.0,36.59,36.98,237700.0
2004-09-01,False,daily,37.2,37.7,36.71,36.91,351200.0,37.2,37.7,36.71,36.91,351200.0
2004-08-31,False,daily,37.25,37.69,36.76,37.35,399700.0,37.25,37.69,36.76,37.35,399700.0
2004-08-30,False,daily,37.4,37.79,37.2,37.35,170600.0,37.4,37.79,37.2,37.35,170600.0
2004-08-27,False,daily,37.07,37.64,36.84,37.45,228600.0,37.07,37.64,36.84,37.45,228600.0
2004-08-26,False,daily,36.5,37.06,36.43,37.06,147800.0,36.5,37.06,36.43,37.06,147800.0
2004-08-25,False,daily,36.35,36.68,36.18,36.62,155400.0,36.35,36.68,36.18,36.62,155400.0
2004-08-24,False,daily,36.73,36.87,36.17,36.33,153100.0,36.73,36.87,36.17,36.33,153100.0
2004-08-23,False,daily,36.99,36.99,36.45,36.63,149100.0,36.99,36.99,36.45,36.63,149100.0
2004-08-20,False,daily,36.55,36.99,36.23,36.84,331300.0,36.55,36.99,36.23,36.84,331300.0
2004-08-19,False,daily,36.48,36.68,36.28,36.36,237600.0,36.48,36.68,36.28,36.36,237600.0
2004-08-18,False,daily,35.77,36.65,35.6,36.63,514800.0,35.77,36.65,35.6,36.63,514800.0
2004-08-17,False,daily,35.79,35.98,35.47,35.84,368900.0,35.79,35.98,35.47,35.84,368900.0
2004-08-16,False,daily,34.19,35.99,34.19,35.59,492000.0,34.19,35.99,34.19,35.59,492000.0
2004-08-13,False,daily,34.32,34.38,33.79,34.1,296200.0,34.32,34.38,33.79,34.1,296200.0
2004-08-12,False,daily,33.91,34.45,33.84,34.04,224900.0,33.91,34.45,33.84,34.04,224900.0
2004-08-11,False,daily,34.0,34.36,33.14,34.21,346700.0,34.0,34.36,33.14,34.21,346700.0
2004-08-10,False,daily,33.0,34.17,33.0,34.08,415400.0,33.0,34.17,33.0,34.08,415400.0
2004-08-09,False,daily,32.85,33.17,32.38,32.94,441500.0,32.85,33.17,32.38,32.94,441500.0
2004-08-06,False,daily,34.8,34.8,32.5,32.88,876400.0,34.8,34.8,32.5,32.88,876400.0
2004-08-05,False,daily,35.92,36.08,35.25,35.33,189800.0,35.92,36.08,35.25,35.33,189800.0
2004-08-04,False,daily,36.17,36.73,35.88,36.13,268300.0,36.17,36.73,35.88,36.13,268300.0
2004-08-03,False,daily,36.73,36.73,35.99,36.24,112300.0,36.73,36.73,35.99,36.24,112300.0
2004-08-02,False,daily,36.55,36.76,35.8,36.7,190800.0,36.55,36.76,35.8,36.7,190800.0
2004-07-30,False,daily,36.75,36.97,35.92,36.61,212200.0,36.75,36.97,35.92,36.61,212200.0
2004-07-29,False,daily,36.45,37.09,36.33,36.955,110900.0,36.45,37.09,36.33,36.955,110900.0
2004-07-28,False,daily,36.75,36.89,35.65,36.23,182800.0,36.75,36.89,35.65,36.23,182800.0
2004-07-27,False,daily,35.92,36.8,35.85,36.56,159200.0,35.92,36.8,35.85,36.56,159200.0
2004-07-26,False,daily,35.65,36.24,35.6,35.98,268800.0,35.65,36.24,35.6,35.98,268800.0
2004-07-23,False,daily,36.02,36.2,35.3,35.69,207600.0,36.02,36.2,35.3,35.69,207600.0
2004-07-22,False,daily,36.09,36.24,35.27,35.9,288600.0,36.09,36.24,35.27,35.9,288600.0
2004-07-21,False,daily,37.25,37.55,36.04,36.04,177900.0,37.25,37.55,36.04,36.04,177900.0
2004-07-20,False,daily,36.17,37.22,36.16,37.22,176100.0,36.17,37.22,36.16,37.22,176100.0
2004-07-19,False,daily,35.81,36.45,35.81,36.34,237400.0,35.81,36.45,35.81,36.34,237400.0
2004-07-16,False,daily,36.9,37.21,35.82,36.0,350200.0,36.9,37.21,35.82,36.0,350200.0
2004-07-15,False,daily,37.35,37.4,36.86,36.98,151700.0,37.35,37.4,36.86,36.98,151700.0
2004-07-14,False,daily,37.46,37.96,37.14,37.25,199200.0,37.46,37.96,37.14,37.25,199200.0
2004-07-13,False,daily,37.26,37.91,37.25,37.56,341300.0,37.26,37.91,37.25,37.56,341300.0
2004-07-12,False,daily,36.75,37.45,36.54,37.45,229400.0,36.75,37.45,36.54,37.45,229400.0
2004-07-09,False,daily,37.07,37.07,36.35,36.95,244400.0,37.07,37.07,36.35,36.95,244400.0
2004-07-08,False,daily,37.55,37.55,36.8,36.93,392100.0,37.55,37.55,36.8,36.93,392100.0
2004-07-07,False,daily,37.26,38.13,37.05,37.7,303900.0,37.26,38.13,37.05,37.7,303900.0
2004-07-06,False,daily,38.2,38.44,37.01,37.26,348200.0,38.2,38.44,37.01,37.26,348200.0
2004-07-02,False,daily,39.15,39.26,38.2,38.34,287700.0,39.15,39.26,38.2,38.34,287700.0
2004-07-01,False,daily,39.55,39.9,38.91,39.2,251400.0,39.55,39.9,38.91,39.2,251400.0
2004-06-30,False,daily,39.19,39.65,38.94,39.65,252900.0,39.19,39.65,38.94,39.65,252900.0
2004-06-29,False,daily,38.55,39.44,38.55,39.04,170500.0,38.55,39.44,38.55,39.04,170500.0
2004-06-28,False,daily,38.95,39.11,38.58,38.92,244500.0,38.95,39.11,38.58,38.92,244500.0
2004-06-25,False,daily,38.28,39.0,38.07,38.07,596400.0,38.28,39.0,38.07,38.07,596400.0
2004-06-24,False,daily,38.66,39.0,38.06,38.06,262600.0,38.66,39.0,38.06,38.06,262600.0
2004-06-23,False,daily,37.7,38.65,37.62,38.47,211200.0,37.7,38.65,37.62,38.47,211200.0
2004-06-22,False,daily,37.28,37.9,37.05,37.73,91600.0,37.28,37.9,37.05,37.73,91600.0
2004-06-21,False,daily,37.25,37.57,37.0,37.33,113100.0,37.25,37.57,37.0,37.33,113100.0
2004-06-18,False,daily,36.81,37.72,36.7,37.41,206200.0,36.81,37.72,36.7,37.41,206200.0
2004-06-17,False,daily,37.22,37.6,36.54,37.08,110100.0,37.22,37.6,36.54,37.08,110100.0
2004-06-16,False,daily,37.62,37.62,37.02,37.15,137300.0,37.62,37.62,37.02,37.15,137300.0
2004-06-15,False,daily,36.45,37.79,36.45,37.34,272500.0,36.45,37.79,36.45,37.34,272500.0
2004-06-14,False,daily,37.12,37.12,36.15,36.3,221700.0,37.12,37.12,36.15,36.3,221700.0
2004-06-10,False,daily,37.09,37.52,36.95,37.04,167100.0,37.09,37.52,36.95,37.04,167100.0
2004-06-09,False,daily,37.551,37.69,37.02,37.08,225400.0,37.551,37.69,37.02,37.08,225400.0
2004-06-08,False,daily,37.92,37.93,37.1,37.64,178400.0,37.92,37.93,37.1,37.64,178400.0
2004-06-07,False,daily,37.09,37.88,36.81,37.83,341000.0,37.09,37.88,36.81,37.83,341000.0
2004-06-04,False,daily,37.37,37.77,37.25,37.28,203900.0,37.37,37.77,37.25,37.28,203900.0
2004-06-03,False,daily,37.87,37.9,36.94,36.94,253200.0,37.87,37.9,36.94,36.94,253200.0
2004-06-02,False,daily,37.89,38.22,37.75,37.87,286700.0,37.89,38.22,37.75,37.87,286700.0
2004-06-01,False,daily,37.51,38.0,37.17,37.95,315500.0,37.51,38.0,37.17,37.95,315500.0
2004-05-28,False,daily,37.5,37.71,37.29,37.37,201400.0,37.5,37.71,37.29,37.37,201400.0
2004-05-27,False,daily,37.35,37.74,37.2,37.45,272400.0,37.35,37.74,37.2,37.45,272400.0
2004-05-26,False,daily,36.87,37.36,36.87,37.36,420900.0,36.87,37.36,36.87,37.36,420900.0
2004-05-25,False,daily,35.83,37.0,35.57,37.0,354900.0,35.83,37.0,35.57,37.0,354900.0
2004-05-24,False,daily,35.71,36.12,35.5,35.84,182500.0,35.71,36.12,35.5,35.84,182500.0
2004-05-21,False,daily,35.42,35.8,35.23,35.69,151500.0,35.42,35.8,35.23,35.69,151500.0
2004-05-20,False,daily,35.095,35.64,34.96,35.29,201000.0,35.095,35.64,34.96,35.29,201000.0
2004-05-19,False,daily,35.3,35.99,35.11,35.12,379300.0,35.3,35.99,35.11,35.12,379300.0
2004-05-18,False,daily,34.63,34.97,34.3,34.92,175400.0,34.63,34.97,34.3,34.92,175400.0
2004-05-17,False,daily,34.69,35.07,33.64,34.57,314400.0,34.69,35.07,33.64,34.57,314400.0
2004-05-14,False,daily,34.75,35.38,34.08,34.6,245300.0,34.75,35.38,34.08,34.6,245300.0
2004-05-13,False,daily,34.62,35.57,34.41,34.58,356300.0,34.62,35.57,34.41,34.58,356300.0
2004-05-12,False,daily,34.41,34.91,33.58,34.87,298600.0,34.41,34.91,33.58,34.87,298600.0
2004-05-11,False,daily,34.29,34.92,34.1,34.51,204300.0,34.29,34.92,34.1,34.51,204300.0
2004-05-10,False,daily,34.71,34.71,33.52,34.06,334900.0,34.71,34.71,33.52,34.06,334900.0
2004-05-07,False,daily,34.93,35.81,34.55,34.68,537500.0,34.93,35.81,34.55,34.68,537500.0
2004-05-06,False,daily,35.47,35.5,34.5,35.01,183700.0,35.47,35.5,34.5,35.01,183700.0
2004-05-05,False,daily,35.2,35.97,35.19,35.49,338900.0,35.2,35.97,35.19,35.49,338900.0
2004-05-04,False,daily,34.99,35.77,34.97,35.26,303400.0,34.99,35.77,34.97,35.26,303400.0
2004-05-03,False,daily,34.38,35.1,34.35,35.04,378400.0,34.38,35.1,34.35,35.04,378400.0
2004-04-30,False,daily,34.33,34.45,33.99,34.36,499400.0,34.33,34.45,33.99,34.36,499400.0
2004-04-29,False,daily,35.02,35.03,34.08,34.22,738900.0,35.02,35.03,34.08,34.22,738900.0
2004-04-28,False,daily,35.67,35.8,34.63,34.89,458500.0,35.67,35.8,34.63,34.89,458500.0
2004-04-27,False,daily,35.23,35.77,35.0,35.66,556500.0,35.23,35.77,35.0,35.66,556500.0
2004-04-26,False,daily,35.46,35.61,35.13,35.13,664900.0,35.46,35.61,35.13,35.13,664900.0
2004-04-23,False,daily,34.74,35.83,34.58,35.54,1570200.0,34.74,35.83,34.58,35.54,1570200.0
2004-04-22,False,daily,32.31,33.55,32.24,33.47,504600.0,32.31,33.55,32.24,33.47,504600.0
2004-04-21,False,daily,32.46,32.46,31.94,32.21,661000.0,32.46,32.46,31.94,32.21,661000.0
2004-04-20,False,daily,32.36,32.78,32.3,32.38,424400.0,32.36,32.78,32.3,32.38,424400.0
2004-04-19,False,daily,31.92,32.46,31.9,32.33,247300.0,31.92,32.46,31.9,32.33,247300.0
2004-04-16,False,daily,31.81,32.06,31.65,31.97,316600.0,31.81,32.06,31.65,31.97,316600.0
2004-04-15,False,daily,31.84,32.25,31.2,31.94,222500.0,31.84,32.25,31.2,31.94,222500.0
2004-04-14,False,daily,32.52,32.55,31.43,31.8,266500.0,32.52,32.55,31.43,31.8,266500.0
2004-04-13,False,daily,33.92,33.93,32.3,32.42,378100.0,33.92,33.93,32.3,32.42,378100.0
2004-04-12,False,daily,33.17,33.83,33.15,33.82,415300.0,33.17,33.83,33.15,33.82,415300.0
2004-04-08,False,daily,33.69,33.84,33.11,33.11,159900.0,33.69,33.84,33.11,33.11,159900.0
2004-04-07,False,daily,33.41,33.82,33.09,33.65,151500.0,33.41,33.82,33.09,33.65,151500.0
2004-04-06,False,daily,34.05,34.13,33.33,33.48,195300.0,34.05,34.13,33.33,33.48,195300.0
2004-04-05,False,daily,33.16,34.12,33.16,34.1,442000.0,33.16,34.12,33.16,34.1,442000.0
2004-04-02,False,daily,33.27,33.7,33.13,33.34,318800.0,33.27,33.7,33.13,33.34,318800.0
2004-04-01,False,daily,32.36,32.99,32.32,32.97,228100.0,32.36,32.99,32.32,32.97,228100.0
2004-03-31,False,daily,32.97,33.0,31.89,32.44,292400.0,32.97,33.0,31.89,32.44,292400.0
2004-03-30,False,daily,32.55,33.16,32.36,33.16,204500.0,32.55,33.16,32.36,33.16,204500.0
2004-03-29,False,daily,31.97,32.7,31.97,32.61,312900.0,31.97,32.7,31.97,32.61,312900.0
2004-03-26,False,daily,31.83,32.22,31.56,31.95,215200.0,31.83,32.22,31.56,31.95,215200.0
2004-03-25,False,daily,31.38,32.16,31.35,32.14,326500.0,31.38,32.16,31.35,32.14,326500.0
2004-03-24,False,daily,31.73,31.96,31.02,31.02,262800.0,31.73,31.96,31.02,31.02,262800.0
2004-03-23,False,daily,31.77,32.0,31.33,31.68,887900.0,31.77,32.0,31.33,31.68,887900.0
2004-03-22,False,daily,32.28,32.28,31.4,31.4,263900.0,32.28,32.28,31.4,31.4,263900.0
2004-03-19,False,daily,33.23,33.25,32.44,32.51,220800.0,33.23,33.25,32.44,32.51,220800.0
2004-03-18,False,daily,32.91,33.22,32.41,32.91,275200.0,32.91,33.22,32.41,32.91,275200.0
2004-03-17,False,daily,33.03,33.3,32.83,32.87,182700.0,33.03,33.3,32.83,32.87,182700.0
2004-03-16,False,daily,32.23,33.1,32.19,32.7,373300.0,32.23,33.1,32.19,32.7,373300.0
2004-03-15,False,daily,32.92,33.19,31.9,31.9,466900.0,32.92,33.19,31.9,31.9,466900.0
2004-03-12,False,daily,32.27,32.95,32.26,32.95,367100.0,32.27,32.95,32.26,32.95,367100.0
2004-03-11,False,daily,32.89,32.91,32.21,32.27,613400.0,32.89,32.91,32.21,32.27,613400.0
2004-03-10,False,daily,33.32,33.59,32.84,32.9,333600.0,33.32,33.59,32.84,32.9,333600.0
2004-03-09,False,daily,33.32,33.54,33.2,33.38,393900.0,33.32,33.54,33.2,33.38,393900.0
2004-03-08,False,daily,33.7,33.97,33.33,33.33,230000.0,33.7,33.97,33.33,33.33,230000.0
2004-03-05,False,daily,34.01,34.36,33.59,33.8,407100.0,34.01,34.36,33.59,33.8,407100.0
2004-03-04,False,daily,33.95,34.389,33.76,34.3,140600.0,33.95,34.389,33.76,34.3,140600.0
2004-03-03,False,daily,33.95,34.22,33.78,34.06,202400.0,33.95,34.22,33.78,34.06,202400.0
2004-03-02,False,daily,34.34,34.72,33.96,34.05,463000.0,34.34,34.72,33.96,34.05,463000.0
2004-03-01,False,daily,34.2,34.59,34.03,34.59,196600.0,34.2,34.59,34.03,34.59,196600.0
2004-02-27,False,daily,33.73,34.5,33.56,34.25,214100.0,33.73,34.5,33.56,34.25,214100.0
2004-02-26,False,daily,33.69,34.53,33.302,33.8,650700.0,33.69,34.53,33.302,33.8,650700.0
2004-02-25,False,daily,32.13,32.88,32.03,32.81,175500.0,32.13,32.88,32.03,32.81,175500.0
2004-02-24,False,daily,32.26,32.74,32.02,32.07,477900.0,32.26,32.74,32.02,32.07,477900.0
2004-02-23,False,daily,32.96,33.01,32.2,32.4,336000.0,32.96,33.01,32.2,32.4,336000.0
2004-02-20,False,daily,33.25,33.335,32.83,32.86,209100.0,33.25,33.335,32.83,32.86,209100.0
2004-02-19,False,daily,33.98,34.2,33.22,33.27,402100.0,33.98,34.2,33.22,33.27,402100.0
2004-02-18,False,daily,33.18,34.2,33.1,33.94,713300.0,33.18,34.2,33.1,33.94,713300.0
2004-02-17,False,daily,32.86,33.23,32.8,33.22,384600.0,32.86,33.23,32.8,33.22,384600.0
2004-02-13,False,daily,32.75,33.16,32.39,32.91,363300.0,32.75,33.16,32.39,32.91,363300.0
2004-02-12,False,daily,33.13,33.6,32.74,32.74,284600.0,33.13,33.6,32.74,32.74,284600.0
2004-02-11,False,daily,32.77,33.496,32.77,33.16,367000.0,32.77,33.496,32.77,33.16,367000.0
2004-02-10,False,daily,33.01,33.12,32.75,32.89,562900.0,33.01,33.12,32.75,32.89,562900.0
2004-02-09,False,daily,33.2,33.25,32.73,32.98,327800.0,33.2,33.25,32.73,32.98,327800.0
2004-02-06,False,daily,32.34,32.87,32.22,32.84,734200.0,32.34,32.87,32.22,32.84,734200.0
2004-02-05,False,daily,32.3,32.92,32.12,32.25,449000.0,32.3,32.92,32.12,32.25,449000.0
2004-02-04,False,daily,32.32,32.74,31.998,32.3,529000.0,32.32,32.74,31.998,32.3,529000.0
2004-02-03,False,daily,34.09,34.09,31.38,32.15,1162300.0,34.09,34.09,31.38,32.15,1162300.0
2004-02-02,False,daily,34.4,34.4,32.662,32.97,1572900.0,34.4,34.4,32.662,32.97,1572900.0
2004-01-30,False,daily,37.29,37.3,34.57,34.61,1897400.0,37.29,37.3,34.57,34.61,1897400.0
2004-01-29,False,daily,39.47,39.96,38.2,39.52,566700.0,39.47,39.96,38.2,39.52,566700.0
2004-01-28,False,daily,39.34,39.63,38.93,39.63,623700.0,39.34,39.63,38.93,39.63,623700.0
2004-01-27,False,daily,39.13,39.6,38.88,39.37,502900.0,39.13,39.6,38.88,39.37,502900.0
2004-01-26,False,daily,38.16,39.12,37.85,39.12,346800.0,38.16,39.12,37.85,39.12,346800.0
2004-01-23,False,daily,37.9,38.3,37.85,38.04,299100.0,37.9,38.3,37.85,38.04,299100.0
2004-01-22,False,daily,37.64,37.97,37.39,37.83,359000.0,37.64,37.97,37.39,37.83,359000.0
2004-01-21,False,daily,37.28,37.75,37.08,37.74,145600.0,37.28,37.75,37.08,37.74,145600.0
2004-01-20,False,daily,37.05,37.6,36.9,37.26,467900.0,37.05,37.6,36.9,37.26,467900.0
2004-01-16,False,daily,36.75,37.18,36.35,37.04,197200.0,36.75,37.18,36.35,37.04,197200.0
2004-01-15,False,daily,36.8,37.17,36.47,36.58,278300.0,36.8,37.17,36.47,36.58,278300.0
2004-01-14,False,daily,36.55,36.88,36.55,36.88,247400.0,36.55,36.88,36.55,36.88,247400.0
2004-01-13,False,daily,36.63,36.75,36.33,36.55,262900.0,36.63,36.75,36.33,36.55,262900.0
2004-01-12,False,daily,36.36,36.8,36.26,36.74,241600.0,36.36,36.8,36.26,36.74,241600.0
2004-01-09,False,daily,35.88,36.75,35.72,36.46,668000.0,35.88,36.75,35.72,36.46,668000.0
2004-01-08,False,daily,36.69,36.7,35.6,36.0,446400.0,36.69,36.7,35.6,36.0,446400.0
2004-01-07,False,daily,36.49,36.849,36.29,36.77,355000.0,36.49,36.849,36.29,36.77,355000.0
2004-01-06,False,daily,36.47,36.8,36.3,36.5,467300.0,36.47,36.8,36.3,36.5,467300.0
2004-01-05,False,daily,36.97,37.03,36.24,36.42,704400.0,36.97,37.03,36.24,36.42,704400.0
2004-01-02,False,daily,36.19,37.19,36.12,36.84,410500.0,36.19,37.19,36.12,36.84,410500.0
2005-12-30,False,daily,47.24,47.93,46.78,46.84,1071500.0,47.24,47.93,46.78,46.84,1071500.0
2005-12-29,False,daily,47.41,47.91,47.0,47.4,333900.0,47.41,47.91,47.0,47.4,333900.0
2005-12-28,False,daily,47.85,47.85,47.41,47.52,182000.0,47.85,47.85,47.41,47.52,182000.0
2005-12-27,False,daily,48.63,49.0,47.5,47.65,237900.0,48.63,49.0,47.5,47.65,237900.0
2005-12-23,False,daily,48.28,48.75,48.27,48.73,154100.0,48.28,48.75,48.27,48.73,154100.0
2005-12-22,False,daily,47.44,48.6,47.3,48.54,384000.0,47.44,48.6,47.3,48.54,384000.0
2005-12-21,False,daily,47.12,48.67,47.11,47.33,1102800.0,47.12,48.67,47.11,47.33,1102800.0
2005-12-20,False,daily,47.44,48.19,46.82,46.83,521300.0,47.44,48.19,46.82,46.83,521300.0
2005-12-19,False,daily,47.47,47.58,46.63,46.75,329400.0,47.47,47.58,46.63,46.75,329400.0
2005-12-16,False,daily,48.31,48.56,47.3,47.5,567100.0,48.31,48.56,47.3,47.5,567100.0
2005-12-15,False,daily,48.4,48.58,48.0,48.31,424700.0,48.4,48.58,48.0,48.31,424700.0
2005-12-14,False,daily,48.36,48.62,48.05,48.47,425400.0,48.36,48.62,48.05,48.47,425400.0
2005-12-13,False,daily,48.56,48.74,47.67,48.41,233000.0,48.56,48.74,47.67,48.41,233000.0
2005-12-12,False,daily,48.82,49.06,48.09,48.55,460400.0,48.82,49.06,48.09,48.55,460400.0
2005-12-09,False,daily,48.58,49.0,48.45,48.52,234000.0,48.58,49.0,48.45,48.52,234000.0
2005-12-08,False,daily,48.65,49.3,48.04,48.52,299200.0,48.65,49.3,48.04,48.52,299200.0
2005-12-07,False,daily,48.58,49.16,48.58,48.85,701100.0,48.58,49.16,48.58,48.85,701100.0
2005-12-06,False,daily,48.42,49.23,48.33,48.72,238600.0,48.42,49.23,48.33,48.72,238600.0
2005-12-05,False,daily,49.2,49.26,48.05,48.4,356800.0,49.2,49.26,48.05,48.4,356800.0
2005-12-02,False,daily,48.02,49.3,48.02,49.11,370900.0,48.02,49.3,48.02,49.11,370900.0
2005-12-01,False,daily,48.22,49.55,47.91,48.0,375000.0,48.22,49.55,47.91,48.0,375000.0
2005-11-30,False,daily,48.9,49.48,47.9,48.09,263400.0,48.9,49.48,47.9,48.09,263400.0
2005-11-29,False,daily,49.27,49.88,48.29,48.75,246900.0,49.27,49.88,48.29,48.75,246900.0
2005-11-28,False,daily,49.81,50.11,48.63,48.95,199900.0,49.81,50.11,48.63,48.95,199900.0
2005-11-25,False,daily,50.12,50.19,49.25,49.96,59900.0,50.12,50.19,49.25,49.96,59900.0
2005-11-23,False,daily,49.69,50.34,49.43,49.94,89600.0,49.69,50.34,49.43,49.94,89600.0
2005-11-22,False,daily,49.69,50.18,49.67,49.73,142400.0,49.69,50.18,49.67,49.73,142400.0
2005-11-21,False,daily,48.89,49.99,48.36,49.89,217900.0,48.89,49.99,48.36,49.89,217900.0
2005-11-18,False,daily,49.35,49.35,48.26,49.07,125700.0,49.35,49.35,48.26,49.07,125700.0
2005-11-17,False,daily,48.95,49.1,48.64,48.94,125700.0,48.95,49.1,48.64,48.94,125700.0
2005-11-16,False,daily,49.23,49.23,48.25,48.68,201600.0,49.23,49.23,48.25,48.68,201600.0
2005-11-15,False,daily,49.14,49.66,48.71,49.15,213900.0,49.14,49.66,48.71,49.15,213900.0
2005-11-14,False,daily,49.77,49.82,48.73,49.25,215900.0,49.77,49.82,48.73,49.25,215900.0
2005-11-11,False,daily,49.27,50.18,49.03,49.65,260300.0,49.27,50.18,49.03,49.65,260300.0
2005-11-10,False,daily,49.0,49.65,48.38,49.36,238100.0,49.0,49.65,48.38,49.36,238100.0
2005-11-09,False,daily,48.42,49.37,48.18,48.83,220300.0,48.42,49.37,48.18,48.83,220300.0
2005-11-08,False,daily,48.43,48.68,47.96,48.31,241800.0,48.43,48.68,47.96,48.31,241800.0
2005-11-07,False,daily,48.95,49.2,48.4,48.8,207600.0,48.95,49.2,48.4,48.8,207600.0
2005-11-04,False,daily,49.28,49.52,48.46,48.85,201300.0,49.28,49.52,48.46,48.85,201300.0
2005-11-03,False,daily,50.04,50.25,49.0,49.4,297000.0,50.04,50.25,49.0,49.4,297000.0
2005-11-02,False,daily,49.0,50.06,49.0,49.85,155500.0,49.0,50.06,49.0,49.85,155500.0
2005-11-01,False,daily,49.36,49.59,48.87,49.2,297500.0,49.36,49.59,48.87,49.2,297500.0
2005-10-31,False,daily,49.69,50.1,49.35,49.71,333300.0,49.69,50.1,49.35,49.71,333300.0
2005-10-28,False,daily,47.92,49.51,47.7,49.34,412800.0,47.92,49.51,47.7,49.34,412800.0
2005-10-27,False,daily,48.42,48.68,47.39,47.61,159200.0,48.42,48.68,47.39,47.61,159200.0
2005-10-26,False,daily,48.74,49.05,48.22,48.62,152800.0,48.74,49.05,48.22,48.62,152800.0
2005-10-25,False,daily,49.0,49.2,48.26,49.04,201200.0,49.0,49.2,48.26,49.04,201200.0
2005-10-24,False,daily,48.57,49.49,48.27,49.14,260500.0,48.57,49.49,48.27,49.14,260500.0
2005-10-21,False,daily,48.3,49.4689,47.98,48.57,501900.0,48.3,49.4689,47.98,48.57,501900.0
2005-10-20,False,daily,47.77,48.47,47.46,48.1,369300.0,47.77,48.47,47.46,48.1,369300.0
2005-10-19,False,daily,46.61,47.96,46.17,47.96,322100.0,46.61,47.96,46.17,47.96,322100.0
2005-10-18,False,daily,47.02,47.44,46.37,46.51,358800.0,47.02,47.44,46.37,46.51,358800.0
2005-10-17,False,daily,47.79,47.81,47.0,47.3,492400.0,47.79,47.81,47.0,47.3,492400.0
2005-10-14,False,daily,47.21,48.14,46.76,47.84,569600.0,47.21,48.14,46.76,47.84,569600.0
2005-10-13,False,daily,46.35,47.5,45.7,46.73,555600.0,46.35,47.5,45.7,46.73,555600.0
2005-10-12,False,daily,47.66,48.0,46.2,46.63,348100.0,47.66,48.0,46.2,46.63,348100.0
2005-10-11,False,daily,47.9,48.64,47.71,47.71,301800.0,47.9,48.64,47.71,47.71,301800.0
2005-10-10,False,daily,47.77,48.16,47.33,47.9,182000.0,47.77,48.16,47.33,47.9,182000.0
2005-10-07,False,daily,48.04,48.19,47.03,47.65,177600.0,48.04,48.19,47.03,47.65,177600.0
2005-10-06,False,daily,47.45,48.5,47.05,47.7,218900.0,47.45,48.5,47.05,47.7,218900.0
2005-10-05,False,daily,48.58,48.65,47.48,47.48,200200.0,48.58,48.65,47.48,47.48,200200.0
2005-10-04,False,daily,49.07,50.0,48.59,48.85,276800.0,49.07,50.0,48.59,48.85,276800.0
2005-10-03,False,daily,48.8,49.59,48.4,49.33,241800.0,48.8,49.59,48.4,49.33,241800.0
2005-09-30,False,daily,48.35,48.64,47.42,48.64,122400.0,48.35,48.64,47.42,48.64,122400.0
2005-09-29,False,daily,47.04,48.98,46.74,48.41,329100.0,47.04,48.98,46.74,48.41,329100.0
2005-09-28,False,daily,48.0,48.0,46.93,47.13,390200.0,48.0,48.0,46.93,47.13,390200.0
2005-09-27,False,daily,48.14,48.19,47.5,47.83,422200.0,48.14,48.19,47.5,47.83,422200.0
2005-09-26,False,daily,48.57,49.05,47.69,48.02,345000.0,48.57,49.05,47.69,48.02,345000.0
2005-09-23,False,daily,48.49,49.05,48.2,48.62,116400.0,48.49,49.05,48.2,48.62,116400.0
2005-09-22,False,daily,48.27,48.79,47.1,48.71,157500.0,48.27,48.79,47.1,48.71,157500.0
2005-09-21,False,daily,48.7,48.97,48.06,48.27,164500.0,48.7,48.97,48.06,48.27,164500.0
2005-09-20,False,daily,49.88,49.89,48.3,48.9,322600.0,49.88,49.89,48.3,48.9,322600.0
2005-09-19,False,daily,50.31,50.69,49.29,49.79,166600.0,50.31,50.69,49.29,49.79,166600.0
2005-09-16,False,daily,49.67,50.74,49.52,50.39,632200.0,49.67,50.74,49.52,50.39,632200.0
2005-09-15,False,daily,46.9,49.59,46.9,49.28,847500.0,46.9,49.59,46.9,49.28,847500.0
2005-09-14,False,daily,47.31,47.5,45.8,46.5,260600.0,47.31,47.5,45.8,46.5,260600.0
2005-09-13,False,daily,48.08,48.13,47.02,47.24,239200.0,48.08,48.13,47.02,47.24,239200.0
2005-09-12,False,daily,48.22,48.63,47.96,48.24,90300.0,48.22,48.63,47.96,48.24,90300.0
2005-09-09,False,daily,47.69,48.71,47.69,48.34,170000.0,47.69,48.71,47.69,48.34,170000.0
2005-09-08,False,daily,48.06,48.28,47.66,47.82,87400.0,48.06,48.28,47.66,47.82,87400.0
2005-09-07,False,daily,47.26,48.23,46.87,48.23,364900.0,47.26,48.23,46.87,48.23,364900.0
2005-09-06,False,daily,46.64,48.01,46.64,47.36,233100.0,46.64,48.01,46.64,47.36,233100.0
2005-09-02,False,daily,46.25,46.86,46.21,46.68,181000.0,46.25,46.86,46.21,46.68,181000.0
2005-09-01,False,daily,47.05,47.1,45.86,45.96,502600.0,47.05,47.1,45.86,45.96,502600.0
2005-08-31,False,daily,47.1,47.15,46.3,47.04,327200.0,47.1,47.15,46.3,47.04,327200.0
2005-08-30,False,daily,47.39,47.39,46.31,46.81,307300.0,47.39,47.39,46.31,46.81,307300.0
2005-08-29,False,daily,47.2,47.65,46.82,47.4,229900.0,47.2,47.65,46.82,47.4,229900.0
2005-08-26,False,daily,48.86,48.86,47.34,47.35,277000.0,48.86,48.86,47.34,47.35,277000.0
2005-08-25,False,daily,48.74,49.18,48.5,48.89,148000.0,48.74,49.18,48.5,48.89,148000.0
2005-08-24,False,daily,49.37,49.45,48.68,48.78,217500.0,49.37,49.45,48.68,48.78,217500.0
2005-08-23,False,daily,49.84,49.84,49.1,49.4,130300.0,49.84,49.84,49.1,49.4,130300.0
2005-08-22,False,daily,49.91,50.0,49.21,49.76,129600.0,49.91,50.0,49.21,49.76,129600.0
2005-08-19,False,daily,50.05,50.05,49.1,49.8,69400.0,50.05,50.05,49.1,49.8,69400.0
2005-08-18,False,daily,49.66,50.1,49.47,49.58,78200.0,49.66,50.1,49.47,49.58,78200.0
2005-08-17,False,daily,49.58,50.25,49.54,49.91,145400.0,49.58,50.25,49.54,49.91,145400.0
2005-08-16,False,daily,50.33,50.4,49.59,49.64,178500.0,50.33,50.4,49.59,49.64,178500.0
2005-08-15,False,daily,49.35,50.3,49.018,50.2,165200.0,49.35,50.3,49.018,50.2,165200.0
2005-08-12,False,daily,49.82,49.87,49.36,49.38,263400.0,49.82,49.87,49.36,49.38,263400.0
2005-08-11,False,daily,50.42,50.53,49.24,49.94,346900.0,50.42,50.53,49.24,49.94,346900.0
2005-08-10,False,daily,50.52,51.08,50.34,50.53,250600.0,50.52,51.08,50.34,50.53,250600.0
2005-08-09,False,daily,50.03,50.63,49.79,50.35,341400.0,50.03,50.63,49.79,50.35,341400.0
2005-08-08,False,daily,49.83,50.2,49.76,49.89,128700.0,49.83,50.2,49.76,49.89,128700.0
2005-08-05,False,daily,50.59,50.69,49.65,49.98,191900.0,50.59,50.69,49.65,49.98,191900.0
2005-08-04,False,daily,51.64,51.8,50.55,50.69,285600.0,51.64,51.8,50.55,50.69,285600.0
2005-08-03,False,daily,51.5,52.3,50.6,51.91,315300.0,51.5,52.3,50.6,51.91,315300.0
2005-08-02,False,daily,51.5,51.85,51.06,51.67,195200.0,51.5,51.85,51.06,51.67,195200.0
2005-08-01,False,daily,51.36,52.06,51.19,51.61,193400.0,51.36,52.06,51.19,51.61,193400.0
2005-07-29,False,daily,51.84,52.33,51.14,51.34,171700.0,51.84,52.33,51.14,51.34,171700.0
2005-07-28,False,daily,51.28,52.01,51.0,51.9,290900.0,51.28,52.01,51.0,51.9,290900.0
2005-07-27,False,daily,51.31,51.76,50.87,51.51,157000.0,51.31,51.76,50.87,51.51,157000.0
2005-07-26,False,daily,51.26,51.67,51.11,51.28,353900.0,51.26,51.67,51.11,51.28,353900.0
2005-07-25,False,daily,51.1,51.65,50.59,51.35,296700.0,51.1,51.65,50.59,51.35,296700.0
2005-07-22,False,daily,50.9,51.55,50.0,51.1,551800.0,50.9,51.55,50.0,51.1,551800.0
2005-07-21,False,daily,51.7,51.9,50.28,50.66,453000.0,51.7,51.9,50.28,50.66,453000.0
2005-07-20,False,daily,50.74,51.99,50.5,51.75,274400.0,50.74,51.99,50.5,51.75,274400.0
2005-07-19,False,daily,50.72,51.11,50.34,50.89,241800.0,50.72,51.11,50.34,50.89,241800.0
2005-07-18,False,daily,51.22,51.39,50.6359,50.83,215500.0,51.22,51.39,50.6359,50.83,215500.0
2005-07-15,False,daily,50.78,51.47,50.65,51.39,161000.0,50.78,51.47,50.65,51.39,161000.0
2005-07-14,False,daily,51.15,51.48,50.9,51.01,301500.0,51.15,51.48,50.9,51.01,301500.0
2005-07-13,False,daily,51.18,51.76,51.0,51.06,286000.0,51.18,51.76,51.0,51.06,286000.0
2005-07-12,False,daily,50.38,51.39,50.36,51.16,321500.0,50.38,51.39,50.36,51.16,321500.0
2005-07-11,False,daily,49.85,50.8,49.85,50.66,256500.0,49.85,50.8,49.85,50.66,256500.0
2005-07-08,False,daily,48.16,50.0,48.05,49.79,407400.0,48.16,50.0,48.05,49.79,407400.0
2005-07-07,False,daily,47.7,48.24,47.46,48.1,183200.0,47.7,48.24,47.46,48.1,183200.0
2005-07-06,False,daily,48.58,48.66,47.9,47.94,272900.0,48.58,48.66,47.9,47.94,272900.0
2005-07-05,False,daily,48.11,48.91,48.01,48.76,306300.0,48.11,48.91,48.01,48.76,306300.0
2005-07-01,False,daily,47.64,48.59,47.64,48.24,241200.0,47.64,48.59,47.64,48.24,241200.0
2005-06-30,False,daily,48.74,48.92,47.81,47.9,306800.0,48.74,48.92,47.81,47.9,306800.0
2005-06-29,False,daily,48.98,50.0,48.47,48.71,1525600.0,48.98,50.0,48.47,48.71,1525600.0
2005-06-28,False,daily,48.0,49.06,47.94,48.94,577800.0,48.0,49.06,47.94,48.94,577800.0
2005-06-27,False,daily,47.59,48.0,47.38,47.99,237100.0,47.59,48.0,47.38,47.99,237100.0
2005-06-24,False,daily,47.6,47.94,47.4,47.53,238800.0,47.6,47.94,47.4,47.53,238800.0
2005-06-23,False,daily,48.0,48.49,47.72,47.73,307200.0,48.0,48.49,47.72,47.73,307200.0
2005-06-22,False,daily,48.06,48.6,47.97,48.03,313200.0,48.06,48.6,47.97,48.03,313200.0
2005-06-21,False,daily,48.4,48.55,47.98,48.18,201100.0,48.4,48.55,47.98,48.18,201100.0
2005-06-20,False,daily,48.56,48.64,48.09,48.35,169800.0,48.56,48.64,48.09,48.35,169800.0
2005-06-17,False,daily,48.62,49.19,48.35,48.6,483400.0,48.62,49.19,48.35,48.6,483400.0
2005-06-16,False,daily,48.46,48.77,48.43,48.72,183000.0,48.46,48.77,48.43,48.72,183000.0
2005-06-15,False,daily,48.05,48.68,47.81,48.59,213600.0,48.05,48.68,47.81,48.59,213600.0
2005-06-14,False,daily,47.92,48.27,47.85,48.11,126000.0,47.92,48.27,47.85,48.11,126000.0
2005-06-13,False,daily,47.45,48.43,47.45,48.03,313200.0,47.45,48.43,47.45,48.03,313200.0
2005-06-10,False,daily,47.93,47.95,47.51,47.64,234600.0,47.93,47.95,47.51,47.64,234600.0
2005-06-09,False,daily,46.96,47.84,46.76,47.68,343800.0,46.96,47.84,46.76,47.68,343800.0
2005-06-08,False,daily,47.02,47.57,46.88,47.11,182300.0,47.02,47.57,46.88,47.11,182300.0
2005-06-07,False,daily,47.05,48.09,47.03,47.04,410900.0,47.05,48.09,47.03,47.04,410900.0
2005-06-06,False,daily,46.46,47.38,46.46,47.13,322600.0,46.46,47.38,46.46,47.13,322600.0
2005-06-03,False,daily,47.2,47.36,46.49,46.73,397200.0,47.2,47.36,46.49,46.73,397200.0
2005-06-02,False,daily,47.69,47.69,47.1,47.27,425900.0,47.69,47.69,47.1,47.27,425900.0
2005-06-01,False,daily,47.45,48.52,47.01,47.57,458700.0,47.45,48.52,47.01,47.57,458700.0
2005-05-31,False,daily,47.66,48.2,47.63,47.76,389800.0,47.66,48.2,47.63,47.76,389800.0
2005-05-27,False,daily,47.6,48.07,47.59,47.69,268400.0,47.6,48.07,47.59,47.69,268400.0
2005-05-26,False,daily,47.54,47.75,47.07,47.69,345800.0,47.54,47.75,47.07,47.69,345800.0
2005-05-25,False,daily,48.01,48.01,47.26,47.41,191300.0,48.01,48.01,47.26,47.41,191300.0
2005-05-24,False,daily,48.35,48.62,47.86,48.33,261100.0,48.35,48.62,47.86,48.33,261100.0
2005-05-23,False,daily,47.47,48.75,47.4,48.57,598600.0,47.47,48.75,47.4,48.57,598600.0
2005-05-20,False,daily,48.02,48.02,46.94,47.35,410900.0,48.02,48.02,46.94,47.35,410900.0
2005-05-19,False,daily,48.65,48.85,47.92,48.09,276900.0,48.65,48.85,47.92,48.09,276900.0
2005-05-18,False,daily,48.0,48.95,47.95,48.73,415400.0,48.0,48.95,47.95,48.73,415400.0
2005-05-17,False,daily,47.5,48.19,47.29,47.98,313000.0,47.5,48.19,47.29,47.98,313000.0
2005-05-16,False,daily,46.53,47.67,46.28,47.38,315400.0,46.53,47.67,46.28,47.38,315400.0
2005-05-13,False,daily,46.55,46.8,45.96,46.49,329300.0,46.55,46.8,45.96,46.49,329300.0
2005-05-12,False,daily,47.25,47.65,46.28,46.5,339200.0,47.25,47.65,46.28,46.5,339200.0
2005-05-11,False,daily,47.1,47.58,46.6,47.57,280900.0,47.1,47.58,46.6,47.57,280900.0
2005-05-10,False,daily,47.9,48.09,47.02,47.21,277600.0,47.9,48.09,47.02,47.21,277600.0
2005-05-09,False,daily,47.36,48.11,47.17,48.07,204500.0,47.36,48.11,47.17,48.07,204500.0
2005-05-06,False,daily,48.09,48.25,47.15,47.53,213900.0,48.09,48.25,47.15,47.53,213900.0
2005-05-05,False,daily,48.0,48.23,47.21,47.87,397300.0,48.0,48.23,47.21,47.87,397300.0
2005-05-04,False,daily,47.28,48.3,47.28,48.0,702700.0,47.28,48.3,47.28,48.0,702700.0
2005-05-03,False,daily,47.8,48.17,47.28,47.41,455800.0,47.8,48.17,47.28,47.41,455800.0
2005-05-02,False,daily,47.0,48.1,46.8,47.76,510600.0,47.0,48.1,46.8,47.76,510600.0
2005-04-29,False,daily,46.8,47.51,45.99,47.4,600000.0,46.8,47.51,45.99,47.4,600000.0
2005-04-28,False,daily,46.95,47.32,46.32,46.88,448000.0,46.95,47.32,46.32,46.88,448000.0
2005-04-27,False,daily,46.3,47.36,46.11,46.96,375300.0,46.3,47.36,46.11,46.96,375300.0
2005-04-26,False,daily,46.21,46.78,46.21,46.31,519000.0,46.21,46.78,46.21,46.31,519000.0
2005-04-25,False,daily,46.6,47.0,46.29,46.5,421000.0,46.6,47.0,46.29,46.5,421000.0
2005-04-22,False,daily,47.36,47.36,45.1,46.59,713400.0,47.36,47.36,45.1,46.59,713400.0
2005-04-21,False,daily,47.11,47.89,46.63,47.58,336700.0,47.11,47.89,46.63,47.58,336700.0
2005-04-20,False,daily,47.5,47.79,46.85,47.03,425400.0,47.5,47.79,46.85,47.03,425400.0
2005-04-19,False,daily,47.0,47.85,47.0,47.78,473100.0,47.0,47.85,47.0,47.78,473100.0
2005-04-18,False,daily,46.36,47.55,46.0,47.09,686100.0,46.36,47.55,46.0,47.09,686100.0
2005-04-15,False,daily,46.43,46.95,46.18,46.42,553100.0,46.43,46.95,46.18,46.42,553100.0
2005-04-14,False,daily,46.11,46.89,45.9,46.43,546100.0,46.11,46.89,45.9,46.43,546100.0
2005-04-13,False,daily,45.15,46.69,45.15,46.27,1244000.0,45.15,46.69,45.15,46.27,1244000.0
2005-04-12,False,daily,43.15,44.31,42.91,43.86,1010500.0,43.15,44.31,42.91,43.86,1010500.0
2005-04-11,False,daily,43.57,43.62,43.12,43.26,87400.0,43.57,43.62,43.12,43.26,87400.0
2005-04-08,False,daily,43.95,44.07,43.46,43.48,129000.0,43.95,44.07,43.46,43.48,129000.0
2005-04-07,False,daily,43.65,44.31,43.65,44.14,200100.0,43.65,44.31,43.65,44.14,200100.0
2005-04-06,False,daily,43.81,44.17,43.67,43.8,240300.0,43.81,44.17,43.67,43.8,240300.0
2005-04-05,False,daily,43.48,44.1,43.45,43.69,378100.0,43.48,44.1,43.45,43.69,378100.0
2005-04-04,False,daily,43.39,43.62,42.85,43.62,313700.0,43.39,43.62,42.85,43.62,313700.0
2005-04-01,False,daily,44.0,44.5,42.97,43.49,356100.0,44.0,44.5,42.97,43.49,356100.0
2005-03-31,False,daily,44.4,44.48,44.0,44.06,523400.0,44.4,44.48,44.0,44.06,523400.0
2005-03-30,False,daily,43.8,44.4,43.78,44.39,312500.0,43.8,44.4,43.78,44.39,312500.0
2005-03-29,False,daily,43.85,44.2,43.548,43.73,393800.0,43.85,44.2,43.548,43.73,393800.0
2005-03-28,False,daily,43.34,44.08,43.311,43.91,322000.0,43.34,44.08,43.311,43.91,322000.0
2005-03-24,False,daily,43.07,43.65,43.0,43.45,222600.0,43.07,43.65,43.0,43.45,222600.0
2005-03-23,False,daily,43.25,43.28,42.78,42.9,446900.0,43.25,43.28,42.78,42.9,446900.0
2005-03-22,False,daily,44.03,44.03,43.26,43.35,217200.0,44.03,44.03,43.26,43.35,217200.0
2005-03-21,False,daily,44.26,44.55,43.78,44.0,168800.0,44.26,44.55,43.78,44.0,168800.0
2005-03-18,False,daily,44.73,44.95,44.25,44.34,467000.0,44.73,44.95,44.25,44.34,467000.0
2005-03-17,False,daily,44.62,45.0,44.21,44.77,335500.0,44.62,45.0,44.21,44.77,335500.0
2005-03-16,False,daily,45.26,45.28,44.62,44.78,201100.0,45.26,45.28,44.62,44.78,201100.0
2005-03-15,False,daily,44.84,45.39,44.84,45.19,220500.0,44.84,45.39,44.84,45.19,220500.0
2005-03-14,False,daily,44.7,45.25,44.4,44.76,160400.0,44.7,45.25,44.4,44.76,160400.0
2005-03-11,False,daily,44.8,45.2,44.61,44.86,181700.0,44.8,45.2,44.61,44.86,181700.0
2005-03-10,False,daily,44.63,45.29,44.55,44.9,276900.0,44.63,45.29,44.55,44.9,276900.0
2005-03-09,False,daily,44.91,45.08,44.46,44.73,199700.0,44.91,45.08,44.46,44.73,199700.0
2005-03-08,False,daily,45.69,45.74,45.04,45.12,186000.0,45.69,45.74,45.04,45.12,186000.0
2005-03-07,False,daily,45.52,45.74,44.99,45.5,269400.0,45.52,45.74,44.99,45.5,269400.0
2005-03-04,False,daily,44.57,45.64,44.3,45.31,493000.0,44.57,45.64,44.3,45.31,493000.0
2005-03-03,False,daily,44.51,44.55,43.85,44.46,340400.0,44.51,44.55,43.85,44.46,340400.0
2005-03-02,False,daily,44.54,44.79,44.2,44.44,881900.0,44.54,44.79,44.2,44.44,881900.0
2005-03-01,False,daily,43.68,44.73,43.68,44.62,365100.0,43.68,44.73,43.68,44.62,365100.0
2005-02-28,False,daily,43.88,44.23,43.47,43.82,265600.0,43.88,44.23,43.47,43.82,265600.0
2005-02-25,False,daily,43.19,44.1,43.1,43.93,259100.0,43.19,44.1,43.1,43.93,259100.0
2005-02-24,False,daily,42.52,43.33,42.27,43.09,190700.0,42.52,43.33,42.27,43.09,190700.0
2005-02-23,False,daily,42.66,43.16,42.4,42.47,107100.0,42.66,43.16,42.4,42.47,107100.0
2005-02-22,False,daily,43.01,43.4,42.25,42.61,282700.0,43.01,43.4,42.25,42.61,282700.0
2005-02-18,False,daily,43.38,43.73,42.96,43.01,265800.0,43.38,43.73,42.96,43.01,265800.0
2005-02-17,False,daily,44.32,44.52,43.51,43.52,238000.0,44.32,44.52,43.51,43.52,238000.0
2005-02-16,False,daily,43.99,44.66,43.91,44.45,257800.0,43.99,44.66,43.91,44.45,257800.0
2005-02-15,False,daily,44.15,44.53,43.79,43.95,204900.0,44.15,44.53,43.79,43.95,204900.0
2005-02-14,False,daily,44.4,44.93,44.1,44.25,150600.0,44.4,44.93,44.1,44.25,150600.0
2005-02-11,False,daily,43.85,44.95,43.34,44.81,261700.0,43.85,44.95,43.34,44.81,261700.0
2005-02-10,False,daily,44.3,44.3,43.88,44.01,250500.0,44.3,44.3,43.88,44.01,250500.0
2005-02-09,False,daily,44.86,44.97,44.02,44.11,158200.0,44.86,44.97,44.02,44.11,158200.0
2005-02-08,False,daily,45.15,45.38,44.6,44.96,235200.0,45.15,45.38,44.6,44.96,235200.0
2005-02-07,False,daily,45.35,45.67,45.03,45.29,285900.0,45.35,45.67,45.03,45.29,285900.0
2005-02-04,False,daily,45.32,45.6,45.16,45.48,496400.0,45.32,45.6,45.16,45.48,496400.0
2005-02-03,False,daily,45.25,45.51,45.11,45.23,230400.0,45.25,45.51,45.11,45.23,230400.0
2005-02-02,False,daily,44.75,45.56,44.51,45.52,405400.0,44.75,45.56,44.51,45.52,405400.0
2005-02-01,False,daily,43.82,45.03,43.65,44.82,564200.0,43.82,45.03,43.65,44.82,564200.0
2005-01-31,False,daily,42.83,43.99,42.83,43.64,424200.0,42.83,43.99,42.83,43.64,424200.0
2005-01-28,False,daily,42.25,44.0,42.25,42.96,690400.0,42.25,44.0,42.25,42.96,690400.0
2005-01-27,False,daily,41.54,41.9,41.07,41.71,245400.0,41.54,41.9,41.07,41.71,245400.0
2005-01-26,False,daily,41.14,41.98,41.05,41.65,314300.0,41.14,41.98,41.05,41.65,314300.0
2005-01-25,False,daily,41.18,41.64,40.68,41.08,307000.0,41.18,41.64,40.68,41.08,307000.0
2005-01-24,False,daily,41.15,41.79,41.15,41.35,229200.0,41.15,41.79,41.15,41.35,229200.0
2005-01-21,False,daily,41.39,41.97,41.22,41.45,239600.0,41.39,41.97,41.22,41.45,239600.0
2005-01-20,False,daily,41.48,41.68,41.009,41.42,308700.0,41.48,41.68,41.009,41.42,308700.0
2005-01-19,False,daily,41.52,42.02,41.05,41.63,259600.0,41.52,42.02,41.05,41.63,259600.0
2005-01-18,False,daily,41.23,41.97,41.18,41.87,454700.0,41.23,41.97,41.18,41.87,454700.0
2005-01-14,False,daily,41.1,41.65,41.05,41.295,346200.0,41.1,41.65,41.05,41.295,346200.0
2005-01-13,False,daily,41.95,42.16,41.01,41.37,386900.0,41.95,42.16,41.01,41.37,386900.0
2005-01-12,False,daily,42.39,42.65,41.62,42.02,535200.0,42.39,42.65,41.62,42.02,535200.0
2005-01-11,False,daily,43.2,43.26,42.43,42.5,429100.0,43.2,43.26,42.43,42.5,429100.0
2005-01-10,False,daily,43.37,44.09,43.12,43.33,283300.0,43.37,44.09,43.12,43.33,283300.0
2005-01-07,False,daily,44.33,44.53,43.38,43.43,302900.0,44.33,44.53,43.38,43.43,302900.0
2005-01-06,False,daily,44.1,44.5,43.89,44.2,372200.0,44.1,44.5,43.89,44.2,372200.0
2005-01-05,False,daily,44.04,44.49,43.82,43.91,668200.0,44.04,44.49,43.82,43.91,668200.0
2005-01-04,False,daily,44.8,45.06,44.03,44.2,375100.0,44.8,45.06,44.03,44.2,375100.0
2005-01-03,False,daily,44.78,45.26,44.46,44.8,453300.0,44.78,45.26,44.46,44.8,453300.0
2006-12-29,False,daily,47.29,47.35,46.62,46.62,167600.0,47.29,47.35,46.62,46.62,167600.0
2006-12-28,False,daily,47.2,47.65,47.09,47.24,203700.0,47.2,47.65,47.09,47.24,203700.0
2006-12-27,False,daily,46.66,47.57,46.66,47.25,239500.0,46.66,47.57,46.66,47.25,239500.0
2006-12-26,False,daily,46.18,46.92,46.18,46.73,143200.0,46.18,46.92,46.18,46.73,143200.0
2006-12-22,False,daily,46.12,46.38,45.99,46.16,129300.0,46.12,46.38,45.99,46.16,129300.0
2006-12-21,False,daily,46.56,46.97,46.04,46.21,268900.0,46.56,46.97,46.04,46.21,268900.0
2006-12-20,False,daily,46.61,46.99,46.45,46.56,214000.0,46.61,46.99,46.45,46.56,214000.0
2006-12-19,False,daily,46.18,46.67,46.13,46.4,225100.0,46.18,46.67,46.13,46.4,225100.0
2006-12-18,False,daily,46.74,47.02,46.38,46.41,325900.0,46.74,47.02,46.38,46.41,325900.0
2006-12-15,False,daily,47.0,47.13,46.72,46.76,581600.0,47.0,47.13,46.72,46.76,581600.0
2006-12-14,False,daily,46.59,47.34,46.46,46.81,234700.0,46.59,47.34,46.46,46.81,234700.0
2006-12-13,False,daily,46.67,46.71,46.4,46.58,247400.0,46.67,46.71,46.4,46.58,247400.0
2006-12-12,False,daily,46.4,46.96,46.4,46.59,244900.0,46.4,46.96,46.4,46.59,244900.0
2006-12-11,False,daily,46.6,46.88,46.33,46.59,567500.0,46.6,46.88,46.33,46.59,567500.0
2006-12-08,False,daily,46.46,47.0,46.3,46.57,177100.0,46.46,47.0,46.3,46.57,177100.0
2006-12-07,False,daily,47.01,47.14,46.52,46.57,298000.0,47.01,47.14,46.52,46.57,298000.0
2006-12-06,False,daily,47.46,47.55,47.0,47.03,387300.0,47.46,47.55,47.0,47.03,387300.0
2006-12-05,False,daily,47.96,47.99,47.53,47.63,433000.0,47.96,47.99,47.53,47.63,433000.0
2006-12-04,False,daily,47.18,47.85,47.09,47.77,312600.0,47.18,47.85,47.09,47.77,312600.0
2006-12-01,False,daily,47.01,47.41,46.24,47.09,401600.0,47.01,47.41,46.24,47.09,401600.0
2006-11-30,False,daily,47.74,47.9,47.14,47.48,220000.0,47.74,47.9,47.14,47.48,220000.0
2006-11-29,False,daily,47.29,47.9,47.11,47.82,316500.0,47.29,47.9,47.11,47.82,316500.0
2006-11-28,False,daily,46.81,47.15,46.79,47.01,234000.0,46.81,47.15,46.79,47.01,234000.0
2006-11-27,False,daily,47.9,48.02,46.79,46.83,433900.0,47.9,48.02,46.79,46.83,433900.0
2006-11-24,False,daily,47.76,48.13,47.7,48.08,46600.0,47.76,48.13,47.7,48.08,46600.0
2006-11-22,False,daily,48.28,48.3,47.84,48.04,198900.0,48.28,48.3,47.84,48.04,198900.0
2006-11-21,False,daily,48.5,48.51,47.96,48.14,229800.0,48.5,48.51,47.96,48.14,229800.0
2006-11-20,False,daily,47.99,48.42,47.79,48.38,248400.0,47.99,48.42,47.79,48.38,248400.0
2006-11-17,False,daily,48.6,48.6,48.02,48.1,418600.0,48.6,48.6,48.02,48.1,418600.0
2006-11-16,False,daily,48.04,48.67,47.91,48.56,378300.0,48.04,48.67,47.91,48.56,378300.0
2006-11-15,False,daily,47.49,48.0,47.39,47.84,384000.0,47.49,48.0,47.39,47.84,384000.0
2006-11-14,False,daily,46.94,47.51,46.55,47.5,229600.0,46.94,47.51,46.55,47.5,229600.0
2006-11-13,False,daily,47.02,47.09,46.66,46.94,217600.0,47.02,47.09,46.66,46.94,217600.0
2006-11-10,False,daily,46.39,47.06,46.31,46.98,218900.0,46.39,47.06,46.31,46.98,218900.0
2006-11-09,False,daily,46.98,47.02,46.24,46.42,220800.0,46.98,47.02,46.24,46.42,220800.0
2006-11-08,False,daily,46.27,47.05,46.1,46.78,302700.0,46.27,47.05,46.1,46.78,302700.0
2006-11-07,False,daily,46.29,46.59,46.0,46.54,256100.0,46.29,46.59,46.0,46.54,256100.0
2006-11-06,False,daily,45.84,46.29,45.59,46.21,215700.0,45.84,46.29,45.59,46.21,215700.0
2006-11-03,False,daily,45.64,46.06,45.52,45.74,477300.0,45.64,46.06,45.52,45.74,477300.0
2006-11-02,False,daily,45.53,45.61,45.08,45.48,319800.0,45.53,45.61,45.08,45.48,319800.0
2006-11-01,False,daily,45.97,46.15,45.59,45.74,435500.0,45.97,46.15,45.59,45.74,435500.0
2006-10-31,False,daily,46.09,46.37,45.87,46.02,232000.0,46.09,46.37,45.87,46.02,232000.0
2006-10-30,False,daily,45.72,46.12,45.29,46.0,298400.0,45.72,46.12,45.29,46.0,298400.0
2006-10-27,False,daily,46.81,46.81,45.46,45.67,1176200.0,46.81,46.81,45.46,45.67,1176200.0
2006-10-26,False,daily,47.11,47.57,46.68,47.5,327900.0,47.11,47.57,46.68,47.5,327900.0
2006-10-25,False,daily,46.7,47.077,46.55,46.96,228200.0,46.7,47.077,46.55,46.96,228200.0
2006-10-24,False,daily,46.94,46.95,46.57,46.88,174700.0,46.94,46.95,46.57,46.88,174700.0
2006-10-23,False,daily,46.54,46.99,46.34,46.9,214000.0,46.54,46.99,46.34,46.9,214000.0
2006-10-20,False,daily,46.97,47.01,46.31,46.68,338700.0,46.97,47.01,46.31,46.68,338700.0
2006-10-19,False,daily,47.11,47.11,46.59,46.81,364600.0,47.11,47.11,46.59,46.81,364600.0
2006-10-18,False,daily,47.24,47.45,46.86,47.09,557800.0,47.24,47.45,46.86,47.09,557800.0
2006-10-17,False,daily,46.9,47.19,46.66,47.15,517300.0,46.9,47.19,46.66,47.15,517300.0
2006-10-16,False,daily,46.84,47.14,46.79,47.04,806600.0,46.84,47.14,46.79,47.04,806600.0
2006-10-13,False,daily,46.37,46.84,46.0,46.8,389000.0,46.37,46.84,46.0,46.8,389000.0
2006-10-12,False,daily,45.57,46.36,45.53,46.29,405600.0,45.57,46.36,45.53,46.29,405600.0
2006-10-11,False,daily,45.63,45.67,45.29,45.57,354300.0,45.63,45.67,45.29,45.57,354300.0
2006-10-10,False,daily,45.62,45.76,45.16,45.65,297500.0,45.62,45.76,45.16,45.65,297500.0
2006-10-09,False,daily,45.11,45.62,44.9,45.58,226500.0,45.11,45.62,44.9,45.58,226500.0
2006-10-06,False,daily,44.82,45.79,44.82,45.3,314800.0,44.82,45.79,44.82,45.3,314800.0
2006-10-05,False,daily,44.63,45.03,44.47,44.88,373100.0,44.63,45.03,44.47,44.88,373100.0
2006-10-04,False,daily,43.91,44.66,43.7,44.5,374500.0,43.91,44.66,43.7,44.5,374500.0
2006-10-03,False,daily,44.01,44.41,43.9,44.03,338600.0,44.01,44.41,43.9,44.03,338600.0
2006-10-02,False,daily,44.54,44.74,44.08,44.18,229000.0,44.54,44.74,44.08,44.18,229000.0
2006-09-29,False,daily,45.5,45.5,44.56,44.64,175200.0,45.5,45.5,44.56,44.64,175200.0
2006-09-28,False,daily,45.62,45.76,45.18,45.43,304600.0,45.62,45.76,45.18,45.43,304600.0
2006-09-27,False,daily,45.12,45.61,45.12,45.46,177300.0,45.12,45.61,45.12,45.46,177300.0
2006-09-26,False,daily,45.0,45.61,44.94,45.33,233800.0,45.0,45.61,44.94,45.33,233800.0
2006-09-25,False,daily,44.54,45.23,44.31,45.04,343700.0,44.54,45.23,44.31,45.04,343700.0
2006-09-22,False,daily,44.73,44.8,44.12,44.4,375800.0,44.73,44.8,44.12,44.4,375800.0
2006-09-21,False,daily,45.6,45.6,44.74,44.91,517500.0,45.6,45.6,44.74,44.91,517500.0
2006-09-20,False,daily,44.72,45.59,44.6903,45.44,612700.0,44.72,45.59,44.6903,45.44,612700.0
2006-09-19,False,daily,44.47,44.65,43.97,44.47,222900.0,44.47,44.65,43.97,44.47,222900.0
2006-09-18,False,daily,45.0,45.0,44.41,44.49,341200.0,45.0,45.0,44.41,44.49,341200.0
2006-09-15,False,daily,45.63,45.65,44.94,44.95,496900.0,45.63,45.65,44.94,44.95,496900.0
2006-09-14,False,daily,45.34,45.6,45.13,45.4,280800.0,45.34,45.6,45.13,45.4,280800.0
2006-09-13,False,daily,44.92,45.87,44.83,45.52,396500.0,44.92,45.87,44.83,45.52,396500.0
2006-09-12,False,daily,44.87,45.0,44.68,44.99,354900.0,44.87,45.0,44.68,44.99,354900.0
2006-09-11,False,daily,44.56,45.19,44.56,44.83,233700.0,44.56,45.19,44.56,44.83,233700.0
2006-09-08,False,daily,44.68,44.98,44.45,44.83,194100.0,44.68,44.98,44.45,44.83,194100.0
2006-09-07,False,daily,45.02,45.18,44.61,44.73,243500.0,45.02,45.18,44.61,44.73,243500.0
2006-09-06,False,daily,45.64,45.64,45.09,45.11,192200.0,45.64,45.64,45.09,45.11,192200.0
2006-09-05,False,daily,45.25,46.1,45.01,45.87,345500.0,45.25,46.1,45.01,45.87,345500.0
2006-09-01,False,daily,45.22,45.53,45.0,45.38,115000.0,45.22,45.53,45.0,45.38,115000.0
2006-08-31,False,daily,45.23,45.55,45.06,45.19,149700.0,45.23,45.55,45.06,45.19,149700.0
2006-08-30,False,daily,45.05,45.25,44.56,45.11,205500.0,45.05,45.25,44.56,45.11,205500.0
2006-08-29,False,daily,44.75,45.14,44.58,44.97,283800.0,44.75,45.14,44.58,44.97,283800.0
2006-08-28,False,daily,44.69,44.96,44.55,44.8,133500.0,44.69,44.96,44.55,44.8,133500.0
2006-08-25,False,daily,44.25,44.9,44.22,44.57,194900.0,44.25,44.9,44.22,44.57,194900.0
2006-08-24,False,daily,45.01,45.22,44.36,44.5,428800.0,45.01,45.22,44.36,44.5,428800.0
2006-08-23,False,daily,45.46,45.7,44.92,45.06,501900.0,45.46,45.7,44.92,45.06,501900.0
2006-08-22,False,daily,45.16,45.45,45.14,45.34,177900.0,45.16,45.45,45.14,45.34,177900.0
2006-08-21,False,daily,45.6,45.83,45.23,45.27,235200.0,45.6,45.83,45.23,45.27,235200.0
2006-08-18,False,daily,45.78,45.91,45.39,45.84,127200.0,45.78,45.91,45.39,45.84,127200.0
2006-08-17,False,daily,45.42,45.95,45.3,45.64,245300.0,45.42,45.95,45.3,45.64,245300.0
2006-08-16,False,daily,45.44,45.75,45.23,45.61,260500.0,45.44,45.75,45.23,45.61,260500.0
2006-08-15,False,daily,44.83,45.37,44.75,45.28,277700.0,44.83,45.37,44.75,45.28,277700.0
2006-08-14,False,daily,44.65,44.94,44.25,44.31,154600.0,44.65,44.94,44.25,44.31,154600.0
2006-08-11,False,daily,44.3,44.62,44.2,44.38,263900.0,44.3,44.62,44.2,44.38,263900.0
2006-08-10,False,daily,44.3,44.79,44.2,44.62,388900.0,44.3,44.79,44.2,44.62,388900.0
2006-08-09,False,daily,45.02,45.5,44.47,44.47,343200.0,45.02,45.5,44.47,44.47,343200.0
2006-08-08,False,daily,45.44,46.06,44.59,44.84,278100.0,45.44,46.06,44.59,44.84,278100.0
2006-08-07,False,daily,44.79,45.33,44.67,45.17,300700.0,44.79,45.33,44.67,45.17,300700.0
2006-08-04,False,daily,45.5,46.0,44.62,44.95,459000.0,45.5,46.0,44.62,44.95,459000.0
2006-08-03,False,daily,44.54,45.41,44.52,45.25,285200.0,44.54,45.41,44.52,45.25,285200.0
2006-08-02,False,daily,44.98,45.35,44.78,45.06,232100.0,44.98,45.35,44.78,45.06,232100.0
2006-08-01,False,daily,44.6,44.88,44.17,44.78,446200.0,44.6,44.88,44.17,44.78,446200.0
2006-07-31,False,daily,44.7,45.06,44.43,44.82,570000.0,44.7,45.06,44.43,44.82,570000.0
2006-07-28,False,daily,45.32,45.54,44.53,44.64,901100.0,45.32,45.54,44.53,44.64,901100.0
2006-07-27,False,daily,46.21,46.46,45.3,45.57,342200.0,46.21,46.46,45.3,45.57,342200.0
2006-07-26,False,daily,46.04,46.07,45.19,46.01,481000.0,46.04,46.07,45.19,46.01,481000.0
2006-07-25,False,daily,46.17,46.33,45.68,46.22,407600.0,46.17,46.33,45.68,46.22,407600.0
2006-07-24,False,daily,45.5,46.51,45.5,46.12,351800.0,45.5,46.51,45.5,46.12,351800.0
2006-07-21,False,daily,45.71,45.71,44.94,45.32,635100.0,45.71,45.71,44.94,45.32,635100.0
2006-07-20,False,daily,46.6,46.94,45.85,45.87,352900.0,46.6,46.94,45.85,45.87,352900.0
2006-07-19,False,daily,45.23,46.88,45.23,46.67,444800.0,45.23,46.88,45.23,46.67,444800.0
2006-07-18,False,daily,45.73,45.9,44.98,45.34,457300.0,45.73,45.9,44.98,45.34,457300.0
2006-07-17,False,daily,44.98,45.7,44.98,45.54,546200.0,44.98,45.7,44.98,45.54,546200.0
2006-07-14,False,daily,44.05,46.21,44.0,45.03,1629600.0,44.05,46.21,44.0,45.03,1629600.0
2006-07-13,False,daily,44.16,44.47,44.0,44.04,295700.0,44.16,44.47,44.0,44.04,295700.0
2006-07-12,False,daily,44.95,45.1,44.18,44.21,442000.0,44.95,45.1,44.18,44.21,442000.0
2006-07-11,False,daily,44.56,45.07,44.37,45.03,254000.0,44.56,45.07,44.37,45.03,254000.0
2006-07-10,False,daily,44.98,45.65,44.58,44.69,245400.0,44.98,45.65,44.58,44.69,245400.0
2006-07-07,False,daily,45.13,45.76,44.82,44.99,296600.0,45.13,45.76,44.82,44.99,296600.0
2006-07-06,False,daily,45.0,45.59,45.0,45.43,234300.0,45.0,45.59,45.0,45.43,234300.0
2006-07-05,False,daily,45.97,45.97,44.76,45.03,393400.0,45.97,45.97,44.76,45.03,393400.0
2006-07-03,False,daily,45.38,46.07,45.38,46.04,254100.0,45.38,46.07,45.38,46.04,254100.0
2006-06-30,False,daily,45.65,45.84,45.25,45.46,327100.0,45.65,45.84,45.25,45.46,327100.0
2006-06-29,False,daily,44.58,45.48,44.33,45.38,464400.0,44.58,45.48,44.33,45.38,464400.0
2006-06-28,False,daily,44.18,44.47,43.73,44.19,659400.0,44.18,44.47,43.73,44.19,659400.0
2006-06-27,False,daily,44.61,45.24,43.88,44.07,445800.0,44.61,45.24,43.88,44.07,445800.0
2006-06-26,False,daily,44.75,44.94,44.43,44.7,516900.0,44.75,44.94,44.43,44.7,516900.0
2006-06-23,False,daily,45.49,45.5,44.62,44.65,721400.0,45.49,45.5,44.62,44.65,721400.0
2006-06-22,False,daily,45.66,46.11,45.07,45.59,386400.0,45.66,46.11,45.07,45.59,386400.0
2006-06-21,False,daily,45.7,46.41,45.52,45.89,425400.0,45.7,46.41,45.52,45.89,425400.0
2006-06-20,False,daily,46.1,46.43,45.72,45.72,171800.0,46.1,46.43,45.72,45.72,171800.0
2006-06-19,False,daily,46.29,46.65,45.91,46.13,290400.0,46.29,46.65,45.91,46.13,290400.0
2006-06-16,False,daily,46.9,47.05,46.05,46.35,685200.0,46.9,47.05,46.05,46.35,685200.0
2006-06-15,False,daily,45.9,47.11,45.79,46.97,667200.0,45.9,47.11,45.79,46.97,667200.0
2006-06-14,False,daily,45.33,45.72,45.08,45.61,1461800.0,45.33,45.72,45.08,45.61,1461800.0
2006-06-13,False,daily,46.01,46.55,45.26,45.44,532400.0,46.01,46.55,45.26,45.44,532400.0
2006-06-12,False,daily,46.6,46.9,46.08,46.12,466800.0,46.6,46.9,46.08,46.12,466800.0
2006-06-09,False,daily,47.61,47.61,46.46,46.9,468800.0,47.61,47.61,46.46,46.9,468800.0
2006-06-08,False,daily,46.95,47.85,46.73,47.52,512700.0,46.95,47.85,46.73,47.52,512700.0
2006-06-07,False,daily,47.16,47.86,47.02,47.2,328700.0,47.16,47.86,47.02,47.2,328700.0
2006-06-06,False,daily,47.24,47.47,46.35,47.26,363400.0,47.24,47.47,46.35,47.26,363400.0
2006-06-05,False,daily,48.36,48.43,47.11,47.12,416500.0,48.36,48.43,47.11,47.12,416500.0
2006-06-02,False,daily,48.62,49.0,47.95,48.49,171300.0,48.62,49.0,47.95,48.49,171300.0
2006-06-01,False,daily,48.24,48.69,48.1,48.66,399900.0,48.24,48.69,48.1,48.66,399900.0
2006-05-31,False,daily,47.8,48.5,47.8,48.22,492400.0,47.8,48.5,47.8,48.22,492400.0
2006-05-30,False,daily,48.8,48.95,47.78,47.85,699000.0,48.8,48.95,47.78,47.85,699000.0
2006-05-26,False,daily,47.94,48.24,47.43,47.8,179400.0,47.94,48.24,47.43,47.8,179400.0
2006-05-25,False,daily,47.52,48.0,47.33,47.95,285800.0,47.52,48.0,47.33,47.95,285800.0
2006-05-24,False,daily,46.9,47.5,46.31,47.31,934400.0,46.9,47.5,46.31,47.31,934400.0
2006-05-23,False,daily,48.68,48.74,46.59,46.95,1217100.0,48.68,48.74,46.59,46.95,1217100.0
2006-05-22,False,daily,48.08,48.77,47.61,48.39,303200.0,48.08,48.77,47.61,48.39,303200.0
2006-05-19,False,daily,48.08,48.87,47.61,48.46,393200.0,48.08,48.87,47.61,48.46,393200.0
2006-05-18,False,daily,48.53,48.75,48.0,48.1,389900.0,48.53,48.75,48.0,48.1,389900.0
2006-05-17,False,daily,48.67,48.97,48.33,48.43,395600.0,48.67,48.97,48.33,48.43,395600.0
2006-05-16,False,daily,49.41,49.57,48.64,49.02,381600.0,49.41,49.57,48.64,49.02,381600.0
2006-05-15,False,daily,48.94,49.76,48.77,49.37,390700.0,48.94,49.76,48.77,49.37,390700.0
2006-05-12,False,daily,49.69,49.98,48.99,49.21,698600.0,49.69,49.98,48.99,49.21,698600.0
2006-05-11,False,daily,50.23,50.52,49.74,49.9,350700.0,50.23,50.52,49.74,49.9,350700.0
2006-05-10,False,daily,50.38,50.87,49.99,50.39,167800.0,50.38,50.87,49.99,50.39,167800.0
2006-05-09,False,daily,50.83,51.01,50.49,50.53,237400.0,50.83,51.01,50.49,50.53,237400.0
2006-05-08,False,daily,51.12,51.36,50.7,50.97,513600.0,51.12,51.36,50.7,50.97,513600.0
2006-05-05,False,daily,50.82,51.27,50.52,51.08,454400.0,50.82,51.27,50.52,51.08,454400.0
2006-05-04,False,daily,50.73,51.21,50.51,50.9,374000.0,50.73,51.21,50.51,50.9,374000.0
2006-05-03,False,daily,50.5,50.99,50.35,50.82,691300.0,50.5,50.99,50.35,50.82,691300.0
2006-05-02,False,daily,50.08,50.55,49.7,50.38,494900.0,50.08,50.55,49.7,50.38,494900.0
2006-05-01,False,daily,50.77,50.836,49.64,49.96,492900.0,50.77,50.836,49.64,49.96,492900.0
2006-04-28,False,daily,51.55,51.56,50.25,50.77,1573600.0,51.55,51.56,50.25,50.77,1573600.0
2006-04-27,False,daily,53.68,54.65,53.23,53.9,324000.0,53.68,54.65,53.23,53.9,324000.0
2006-04-26,False,daily,53.45,54.4,53.35,53.95,321000.0,53.45,54.4,53.35,53.95,321000.0
2006-04-25,False,daily,53.44,53.54,52.87,53.3,273800.0,53.44,53.54,52.87,53.3,273800.0
2006-04-24,False,daily,53.86,53.88,53.15,53.47,155500.0,53.86,53.88,53.15,53.47,155500.0
2006-04-21,False,daily,54.5,54.52,53.68,54.06,246800.0,54.5,54.52,53.68,54.06,246800.0
2006-04-20,False,daily,54.52,54.64,53.54,54.2,212100.0,54.52,54.64,53.54,54.2,212100.0
2006-04-19,False,daily,54.46,54.78,54.2,54.64,244800.0,54.46,54.78,54.2,54.64,244800.0
2006-04-18,False,daily,53.28,54.25,53.11,54.22,372200.0,53.28,54.25,53.11,54.22,372200.0
2006-04-17,False,daily,53.25,53.27,52.76,53.17,134000.0,53.25,53.27,52.76,53.17,134000.0
2006-04-13,False,daily,53.0,53.57,52.64,53.32,132600.0,53.0,53.57,52.64,53.32,132600.0
2006-04-12,False,daily,53.04,53.06,52.54,52.88,211000.0,53.04,53.06,52.54,52.88,211000.0
2006-04-11,False,daily,53.86,54.05,52.91,53.21,208000.0,53.86,54.05,52.91,53.21,208000.0
2006-04-10,False,daily,53.53,54.07,53.43,53.8,307400.0,53.53,54.07,53.43,53.8,307400.0
2006-04-07,False,daily,53.73,53.95,53.12,53.51,344100.0,53.73,53.95,53.12,53.51,344100.0
2006-04-06,False,daily,53.41,53.6,53.05,53.6,289800.0,53.41,53.6,53.05,53.6,289800.0
2006-04-05,False,daily,53.46,53.59,52.75,53.54,224700.0,53.46,53.59,52.75,53.54,224700.0
2006-04-04,False,daily,53.46,53.62,53.09,53.29,193600.0,53.46,53.62,53.09,53.29,193600.0
2006-04-03,False,daily,53.09,53.49,52.71,53.3,278000.0,53.09,53.49,52.71,53.3,278000.0
2006-03-31,False,daily,53.46,53.5,52.62,53.05,216800.0,53.46,53.5,52.62,53.05,216800.0
2006-03-30,False,daily,53.18,53.5,53.06,53.31,172000.0,53.18,53.5,53.06,53.31,172000.0
2006-03-29,False,daily,52.95,53.54,52.86,53.45,232900.0,52.95,53.54,52.86,53.45,232900.0
2006-03-28,False,daily,53.29,53.47,52.92,53.06,283800.0,53.29,53.47,52.92,53.06,283800.0
2006-03-27,False,daily,53.23,53.25,52.69,53.04,302200.0,53.23,53.25,52.69,53.04,302200.0
2006-03-24,False,daily,52.86,53.5,52.65,53.47,329900.0,52.86,53.5,52.65,53.47,329900.0
2006-03-23,False,daily,52.61,53.02,52.45,52.99,397300.0,52.61,53.02,52.45,52.99,397300.0
2006-03-22,False,daily,51.84,53.0,51.71,52.78,336400.0,51.84,53.0,51.71,52.78,336400.0
2006-03-21,False,daily,52.19,52.52,51.78,51.89,231600.0,52.19,52.52,51.78,51.89,231600.0
2006-03-20,False,daily,52.1,52.46,51.82,52.32,253900.0,52.1,52.46,51.82,52.32,253900.0
2006-03-17,False,daily,51.96,52.47,51.56,51.99,581700.0,51.96,52.47,51.56,51.99,581700.0
2006-03-16,False,daily,51.85,52.09,51.7,51.82,236700.0,51.85,52.09,51.7,51.82,236700.0
2006-03-15,False,daily,51.81,51.97,51.18,51.87,208200.0,51.81,51.97,51.18,51.87,208200.0
2006-03-14,False,daily,51.0,51.98,50.49,51.67,227000.0,51.0,51.98,50.49,51.67,227000.0
2006-03-13,False,daily,51.46,51.57,50.86,51.05,278800.0,51.46,51.57,50.86,51.05,278800.0
2006-03-10,False,daily,50.31,51.37,50.31,50.88,201800.0,50.31,51.37,50.31,50.88,201800.0
2006-03-09,False,daily,50.25,50.8,49.98,50.41,249200.0,50.25,50.8,49.98,50.41,249200.0
2006-03-08,False,daily,50.53,50.78,49.94,50.43,328200.0,50.53,50.78,49.94,50.43,328200.0
2006-03-07,False,daily,50.92,51.15,50.35,50.7,243300.0,50.92,51.15,50.35,50.7,243300.0
2006-03-06,False,daily,52.0,52.17,50.94,51.07,352200.0,52.0,52.17,50.94,51.07,352200.0
2006-03-03,False,daily,51.2,52.1,51.06,51.85,466000.0,51.2,52.1,51.06,51.85,466000.0
2006-03-02,False,daily,51.4,51.68,51.03,51.52,202400.0,51.4,51.68,51.03,51.52,202400.0
2006-03-01,False,daily,51.01,51.82,50.63,51.61,238400.0,51.01,51.82,50.63,51.61,238400.0
2006-02-28,False,daily,51.17,51.39,50.6,50.99,455300.0,51.17,51.39,50.6,50.99,455300.0
2006-02-27,False,daily,51.5,51.7,50.96,51.34,147600.0,51.5,51.7,50.96,51.34,147600.0
2006-02-24,False,daily,50.99,51.5,50.65,51.38,230900.0,50.99,51.5,50.65,51.38,230900.0
2006-02-23,False,daily,51.48,51.6,50.82,51.22,311100.0,51.48,51.6,50.82,51.22,311100.0
2006-02-22,False,daily,50.8,51.74,50.8,51.43,226100.0,50.8,51.74,50.8,51.43,226100.0
2006-02-21,False,daily,51.27,51.44,50.28,50.84,271100.0,51.27,51.44,50.28,50.84,271100.0
2006-02-17,False,daily,51.55,51.55,50.42,51.32,337200.0,51.55,51.55,50.42,51.32,337200.0
2006-02-16,False,daily,51.52,51.87,51.3,51.42,427900.0,51.52,51.87,51.3,51.42,427900.0
2006-02-15,False,daily,50.75,51.52,50.75,51.36,619100.0,50.75,51.52,50.75,51.36,619100.0
2006-02-14,False,daily,49.89,50.98,49.71,50.79,401300.0,49.89,50.98,49.71,50.79,401300.0
2006-02-13,False,daily,49.94,50.4,49.68,49.7,726000.0,49.94,50.4,49.68,49.7,726000.0
2006-02-10,False,daily,49.12,49.98,49.12,49.87,261600.0,49.12,49.98,49.12,49.87,261600.0
2006-02-09,False,daily,49.09,49.51,48.99,49.1,170800.0,49.09,49.51,48.99,49.1,170800.0
2006-02-08,False,daily,48.87,49.25,48.87,49.09,409500.0,48.87,49.25,48.87,49.09,409500.0
2006-02-07,False,daily,49.19,49.3,48.75,48.91,362300.0,49.19,49.3,48.75,48.91,362300.0
2006-02-06,False,daily,49.09,49.49,48.89,49.32,242800.0,49.09,49.49,48.89,49.32,242800.0
2006-02-03,False,daily,49.22,49.46,48.75,48.86,299100.0,49.22,49.46,48.75,48.86,299100.0
2006-02-02,False,daily,49.64,49.85,49.23,49.49,336700.0,49.64,49.85,49.23,49.49,336700.0
2006-02-01,False,daily,49.48,50.09,49.01,49.87,480000.0,49.48,50.09,49.01,49.87,480000.0
2006-01-31,False,daily,49.43,49.64,49.04,49.48,386500.0,49.43,49.64,49.04,49.48,386500.0
2006-01-30,False,daily,49.73,50.09,49.45,49.63,525400.0,49.73,50.09,49.45,49.63,525400.0
2006-01-27,False,daily,48.65,50.06,48.65,49.85,852200.0,48.65,50.06,48.65,49.85,852200.0
2006-01-26,False,daily,47.29,48.73,46.97,48.65,594100.0,47.29,48.73,46.97,48.65,594100.0
2006-01-25,False,daily,46.89,47.36,46.8,47.31,394400.0,46.89,47.36,46.8,47.31,394400.0
2006-01-24,False,daily,46.6,47.12,46.4,47.0,131800.0,46.6,47.12,46.4,47.0,131800.0
2006-01-23,False,daily,46.25,47.0,46.25,46.48,193800.0,46.25,47.0,46.25,46.48,193800.0
2006-01-20,False,daily,47.38,47.6,46.3,46.47,521600.0,47.38,47.6,46.3,46.47,521600.0
2006-01-19,False,daily,47.0,47.28,46.65,47.26,360700.0,47.0,47.28,46.65,47.26,360700.0
2006-01-18,False,daily,47.45,48.24,46.87,47.07,353200.0,47.45,48.24,46.87,47.07,353200.0
2006-01-17,False,daily,47.72,48.24,47.35,47.78,329100.0,47.72,48.24,47.35,47.78,329100.0
2006-01-13,False,daily,48.28,48.69,47.78,47.95,556700.0,48.28,48.69,47.78,47.95,556700.0
2006-01-12,False,daily,48.45,48.72,48.45,48.57,430400.0,48.45,48.72,48.45,48.57,430400.0
2006-01-11,False,daily,47.0,48.94,46.9,48.6,1210400.0,47.0,48.94,46.9,48.6,1210400.0
2006-01-10,False,daily,46.5,47.19,46.49,46.74,331800.0,46.5,47.19,46.49,46.74,331800.0
2006-01-09,False,daily,46.57,46.8,46.42,46.67,468600.0,46.57,46.8,46.42,46.67,468600.0
2006-01-06,False,daily,45.7,46.81,45.7,46.7,777800.0,45.7,46.81,45.7,46.7,777800.0
2006-01-05,False,daily,46.0,46.4,45.68,45.7,599900.0,46.0,46.4,45.68,45.7,599900.0
2006-01-04,False,daily,46.33,46.77,45.95,46.13,1071300.0,46.33,46.77,45.95,46.13,1071300.0
2006-01-03,False,daily,47.27,47.34,45.85,46.55,603000.0,47.27,47.34,45.85,46.55,603000.0
2007-12-31,False,daily,50.23,50.82,49.9,50.4,247200.0,50.23,50.82,49.9,50.4,247200.0
2007-12-28,False,daily,50.9,51.15,50.32,50.53,246000.0,50.9,51.15,50.32,50.53,246000.0
2007-12-27,False,daily,51.95,52.06,50.51,50.83,383300.0,51.95,52.06,50.51,50.83,383300.0
2007-12-26,False,daily,51.65,52.25,51.58,51.96,291600.0,51.65,52.25,51.58,51.96,291600.0
2007-12-24,False,daily,51.79,51.96,51.54,51.86,175700.0,51.79,51.96,51.54,51.86,175700.0
2007-12-21,False,daily,51.97,52.0,51.17,51.88,673300.0,51.97,52.0,51.17,51.88,673300.0
2007-12-20,False,daily,50.74,51.12,49.99,51.06,347900.0,50.74,51.12,49.99,51.06,347900.0
2007-12-19,False,daily,50.25,50.74,49.84,50.26,298800.0,50.25,50.74,49.84,50.26,298800.0
2007-12-18,False,daily,49.74,50.56,48.85,50.26,345200.0,49.74,50.56,48.85,50.26,345200.0
2007-12-17,False,daily,49.5,50.02,49.21,49.21,304700.0,49.5,50.02,49.21,49.21,304700.0
2007-12-14,False,daily,50.11,50.46,49.56,49.84,323800.0,50.11,50.46,49.56,49.84,323800.0
2007-12-13,False,daily,50.26,50.58,49.47,50.51,309400.0,50.26,50.58,49.47,50.51,309400.0
2007-12-12,False,daily,51.88,52.44,49.71,50.48,643900.0,51.88,52.44,49.71,50.48,643900.0
2007-12-11,False,daily,52.62,52.83,50.82,51.01,684100.0,52.62,52.83,50.82,51.01,684100.0
2007-12-10,False,daily,52.15,52.97,52.06,52.75,323600.0,52.15,52.97,52.06,52.75,323600.0
2007-12-07,False,daily,52.74,52.86,51.81,52.18,416700.0,52.74,52.86,51.81,52.18,416700.0
2007-12-06,False,daily,51.95,53.0,51.7,52.86,815900.0,51.95,53.0,51.7,52.86,815900.0
2007-12-05,False,daily,51.74,52.13,51.08,51.81,282100.0,51.74,52.13,51.08,51.81,282100.0
2007-12-04,False,daily,50.83,51.56,50.21,51.0,372700.0,50.83,51.56,50.21,51.0,372700.0
2007-12-03,False,daily,51.59,52.03,50.4,51.13,344400.0,51.59,52.03,50.4,51.13,344400.0
2007-11-30,False,daily,51.99,53.11,51.31,51.48,870700.0,51.99,53.11,51.31,51.48,870700.0
2007-11-29,False,daily,51.67,51.67,50.77,51.31,325900.0,51.67,51.67,50.77,51.31,325900.0
2007-11-28,False,daily,50.85,51.97,50.4,51.79,780400.0,50.85,51.97,50.4,51.79,780400.0
2007-11-27,False,daily,49.97,50.68,49.64,50.4,735900.0,49.97,50.68,49.64,50.4,735900.0
2007-11-26,False,daily,50.8,50.9,49.4,49.66,834700.0,50.8,50.9,49.4,49.66,834700.0
2007-11-23,False,daily,50.45,51.55,50.38,50.49,345900.0,50.45,51.55,50.38,50.49,345900.0
2007-11-22,False,daily,,,,,,,,,,
2007-11-21,False,daily,49.52,51.14,49.52,50.04,613700.0,49.52,51.14,49.52,50.04,613700.0
2007-11-20,False,daily,49.78,50.48,49.16,50.21,841500.0,49.78,50.48,49.16,50.21,841500.0
2007-11-19,False,daily,50.37,50.46,49.66,49.89,874000.0,50.37,50.46,49.66,49.89,874000.0
2007-11-16,False,daily,50.52,51.34,49.78,50.76,742000.0,50.52,51.34,49.78,50.76,742000.0
2007-11-15,False,daily,50.89,51.2,49.97,50.45,636300.0,50.89,51.2,49.97,50.45,636300.0
2007-11-14,False,daily,51.62,52.19,50.92,51.06,1046800.0,51.62,52.19,50.92,51.06,1046800.0
2007-11-13,False,daily,50.17,52.02,49.97,51.59,633400.0,50.17,52.02,49.97,51.59,633400.0
2007-11-12,False,daily,49.57,51.13,49.57,49.85,485100.0,49.57,51.13,49.57,49.85,485100.0
2007-11-09,False,daily,49.23,50.44,48.63,49.68,534500.0,49.23,50.44,48.63,49.68,534500.0
2007-11-08,False,daily,49.14,50.06,48.6,49.58,680300.0,49.14,50.06,48.6,49.58,680300.0
2007-11-07,False,daily,49.26,49.33,48.53,48.62,593400.0,49.26,49.33,48.53,48.62,593400.0
2007-11-06,False,daily,48.96,49.94,48.63,49.86,520800.0,48.96,49.94,48.63,49.86,520800.0
2007-11-05,False,daily,49.29,49.31,48.39,48.93,832900.0,49.29,49.31,48.39,48.93,832900.0
2007-11-02,False,daily,50.38,50.46,49.2,49.95,743700.0,50.38,50.46,49.2,49.95,743700.0
2007-11-01,False,daily,51.01,51.17,49.91,50.24,611000.0,51.01,51.17,49.91,50.24,611000.0
2007-10-31,False,daily,51.17,51.79,50.4,51.79,809200.0,51.17,51.79,50.4,51.79,809200.0
2007-10-30,False,daily,50.39,51.2,50.34,50.83,579700.0,50.39,51.2,50.34,50.83,579700.0
2007-10-29,False,daily,49.61,51.03,49.61,50.56,1074600.0,49.61,51.03,49.61,50.56,1074600.0
2007-10-26,False,daily,49.96,50.61,47.99,49.24,1432500.0,49.96,50.61,47.99,49.24,1432500.0
2007-10-25,False,daily,47.35,47.51,45.97,46.15,922400.0,47.35,47.51,45.97,46.15,922400.0
2007-10-24,False,daily,47.01,47.91,46.62,47.39,579900.0,47.01,47.91,46.62,47.39,579900.0
2007-10-23,False,daily,47.49,47.67,46.88,47.3,381800.0,47.49,47.67,46.88,47.3,381800.0
2007-10-22,False,daily,46.61,47.91,46.29,47.28,532300.0,46.61,47.91,46.29,47.28,532300.0
2007-10-19,False,daily,47.94,47.94,46.8,46.88,658500.0,47.94,47.94,46.8,46.88,658500.0
2007-10-18,False,daily,48.18,48.18,47.66,47.94,514100.0,48.18,48.18,47.66,47.94,514100.0
2007-10-17,False,daily,48.63,48.93,47.57,48.25,673600.0,48.63,48.93,47.57,48.25,673600.0
2007-10-16,False,daily,49.66,49.66,48.07,48.26,693600.0,49.66,49.66,48.07,48.26,693600.0
2007-10-15,False,daily,50.31,50.5664,49.21,49.67,471900.0,50.31,50.5664,49.21,49.67,471900.0
2007-10-12,False,daily,50.56,50.88,50.17,50.48,345200.0,50.56,50.88,50.17,50.48,345200.0
2007-10-11,False,daily,50.9,51.43,50.25,50.71,479500.0,50.9,51.43,50.25,50.71,479500.0
2007-10-10,False,daily,50.79,51.09,50.28,50.89,454100.0,50.79,51.09,50.28,50.89,454100.0
2007-10-09,False,daily,50.12,51.11,50.01,50.87,607500.0,50.12,51.11,50.01,50.87,607500.0
2007-10-08,False,daily,50.46,50.51,49.91,50.14,336000.0,50.46,50.51,49.91,50.14,336000.0
2007-10-05,False,daily,49.99,50.81,49.9,50.45,637300.0,49.99,50.81,49.9,50.45,637300.0
2007-10-04,False,daily,49.46,49.91,49.29,49.65,531200.0,49.46,49.91,49.29,49.65,531200.0
2007-10-03,False,daily,48.65,49.42,48.61,49.2,531300.0,48.65,49.42,48.61,49.2,531300.0
2007-10-02,False,daily,48.21,49.07,48.17,48.89,464900.0,48.21,49.07,48.17,48.89,464900.0
2007-10-01,False,daily,47.02,48.4,46.98,48.14,462700.0,47.02,48.4,46.98,48.14,462700.0
2007-09-28,False,daily,47.39,47.83,47.2,47.36,461500.0,47.39,47.83,47.2,47.36,461500.0
2007-09-27,False,daily,47.15,47.58,47.03,47.39,390400.0,47.15,47.58,47.03,47.39,390400.0
2007-09-26,False,daily,46.87,47.34,46.69,47.08,559700.0,46.87,47.34,46.69,47.08,559700.0
2007-09-25,False,daily,46.37,46.83,46.35,46.82,537900.0,46.37,46.83,46.35,46.82,537900.0
2007-09-24,False,daily,46.98,47.26,46.41,46.62,450100.0,46.98,47.26,46.41,46.62,450100.0
2007-09-21,False,daily,46.75,47.43,46.58,47.05,823500.0,46.75,47.43,46.58,47.05,823500.0
2007-09-20,False,daily,47.0,47.23,46.12,46.67,760100.0,47.0,47.23,46.12,46.67,760100.0
2007-09-19,False,daily,47.44,48.5,46.83,47.04,1537000.0,47.44,48.5,46.83,47.04,1537000.0
2007-09-18,False,daily,49.17,49.37,47.7,48.63,1578500.0,49.17,49.37,47.7,48.63,1578500.0
2007-09-17,False,daily,49.05,49.09,48.5,48.92,373300.0,49.05,49.09,48.5,48.92,373300.0
2007-09-14,False,daily,48.57,49.33,48.31,49.14,319100.0,48.57,49.33,48.31,49.14,319100.0
2007-09-13,False,daily,48.83,48.95,48.19,48.8,303100.0,48.83,48.95,48.19,48.8,303100.0
2007-09-12,False,daily,48.81,49.24,48.6,48.72,363600.0,48.81,49.24,48.6,48.72,363600.0
2007-09-11,False,daily,48.72,49.48,48.55,48.95,308600.0,48.72,49.48,48.55,48.95,308600.0
2007-09-10,False,daily,48.7,49.45,48.11,48.61,763600.0,48.7,49.45,48.11,48.61,763600.0
2007-09-07,False,daily,50.03,50.27,48.32,48.68,756000.0,50.03,50.27,48.32,48.68,756000.0
2007-09-06,False,daily,50.31,50.82,50.14,50.59,254600.0,50.31,50.82,50.14,50.59,254600.0
2007-09-05,False,daily,50.28,50.45,49.6,50.29,539200.0,50.28,50.45,49.6,50.29,539200.0
2007-09-04,False,daily,49.55,50.61,49.55,50.25,451700.0,49.55,50.61,49.55,50.25,451700.0
2007-08-31,False,daily,50.3,50.49,49.29,49.76,627400.0,50.3,50.49,49.29,49.76,627400.0
2007-08-30,False,daily,50.17,50.35,49.53,49.63,1126500.0,50.17,50.35,49.53,49.63,1126500.0
2007-08-29,False,daily,50.4,50.79,50.07,50.49,681400.0,50.4,50.79,50.07,50.49,681400.0
2007-08-28,False,daily,51.46,51.59,50.25,50.4,896200.0,51.46,51.59,50.25,50.4,896200.0
2007-08-27,False,daily,52.19,52.4,51.76,51.85,514600.0,52.19,52.4,51.76,51.85,514600.0
2007-08-24,False,daily,51.41,52.25,51.08,52.2,584300.0,51.41,52.25,51.08,52.2,584300.0
2007-08-23,False,daily,52.58,52.58,51.38,51.66,1106700.0,52.58,52.58,51.38,51.66,1106700.0
2007-08-22,False,daily,52.63,53.13,52.16,52.89,498000.0,52.63,53.13,52.16,52.89,498000.0
2007-08-21,False,daily,51.77,52.58,51.67,52.34,716800.0,51.77,52.58,51.67,52.34,716800.0
2007-08-20,False,daily,51.87,52.19,50.81,51.8,883300.0,51.87,52.19,50.81,51.8,883300.0
2007-08-17,False,daily,54.47,54.61,51.77,51.98,1215600.0,54.47,54.61,51.77,51.98,1215600.0
2007-08-16,False,daily,51.95,52.95,49.97,52.2,1533600.0,51.95,52.95,49.97,52.2,1533600.0
2007-08-15,False,daily,52.53,54.3,51.2,52.31,582100.0,52.53,54.3,51.2,52.31,582100.0
2007-08-14,False,daily,53.1,53.41,52.54,52.61,371100.0,53.1,53.41,52.54,52.61,371100.0
2007-08-13,False,daily,53.34,54.16,52.65,53.1,463700.0,53.34,54.16,52.65,53.1,463700.0
2007-08-10,False,daily,51.87,53.49,51.62,52.6,1094200.0,51.87,53.49,51.62,52.6,1094200.0
2007-08-09,False,daily,54.65,55.482,53.48,54.45,884900.0,54.65,55.482,53.48,54.45,884900.0
2007-08-08,False,daily,53.76,54.9,53.6,54.58,1025800.0,53.76,54.9,53.6,54.58,1025800.0
2007-08-07,False,daily,52.81,53.92,52.48,53.46,915100.0,52.81,53.92,52.48,53.46,915100.0
2007-08-06,False,daily,51.79,53.05,51.0,52.84,1044700.0,51.79,53.05,51.0,52.84,1044700.0
2007-08-03,False,daily,53.51,53.6,51.43,51.54,1049700.0,53.51,53.6,51.43,51.54,1049700.0
2007-08-02,False,daily,53.4,53.75,53.03,53.41,702300.0,53.4,53.75,53.03,53.41,702300.0
2007-08-01,False,daily,52.35,53.61,52.16,53.25,793700.0,52.35,53.61,52.16,53.25,793700.0
2007-07-31,False,daily,53.48,53.98,52.63,52.68,682900.0,53.48,53.98,52.63,52.68,682900.0
2007-07-30,False,daily,52.85,53.7,52.55,53.24,780400.0,52.85,53.7,52.55,53.24,780400.0
2007-07-27,False,daily,52.17,53.69,51.59,52.77,1111000.0,52.17,53.69,51.59,52.77,1111000.0
2007-07-26,False,daily,51.85,52.21,50.92,51.91,537400.0,51.85,52.21,50.92,51.91,537400.0
2007-07-25,False,daily,52.65,53.42,51.93,52.43,560800.0,52.65,53.42,51.93,52.43,560800.0
2007-07-24,False,daily,53.18,53.59,52.17,52.45,651100.0,53.18,53.59,52.17,52.45,651100.0
2007-07-23,False,daily,53.72,54.22,53.56,53.67,372200.0,53.72,54.22,53.56,53.67,372200.0
2007-07-20,False,daily,54.0,54.27,53.19,53.65,663400.0,54.0,54.27,53.19,53.65,663400.0
2007-07-19,False,daily,54.04,54.67,53.82,54.12,714500.0,54.04,54.67,53.82,54.12,714500.0
2007-07-18,False,daily,53.37,53.46,52.27,52.96,481900.0,53.37,53.46,52.27,52.96,481900.0
2007-07-17,False,daily,53.52,54.02,53.37,53.65,398400.0,53.52,54.02,53.37,53.65,398400.0
2007-07-16,False,daily,53.62,53.66,53.22,53.46,403300.0,53.62,53.66,53.22,53.46,403300.0
2007-07-13,False,daily,53.11,53.84,53.05,53.62,259000.0,53.11,53.84,53.05,53.62,259000.0
2007-07-12,False,daily,52.84,53.47,52.67,53.35,480400.0,52.84,53.47,52.67,53.35,480400.0
2007-07-11,False,daily,52.47,52.77,52.15,52.57,458900.0,52.47,52.77,52.15,52.57,458900.0
2007-07-10,False,daily,53.27,53.27,52.4,52.52,518900.0,53.27,53.27,52.4,52.52,518900.0
2007-07-09,False,daily,54.35,54.5,53.45,53.51,307300.0,54.35,54.5,53.45,53.51,307300.0
2007-07-06,False,daily,53.88,54.27,53.6,54.15,228600.0,53.88,54.27,53.6,54.15,228600.0
2007-07-05,False,daily,54.2,54.27,53.46,53.77,327400.0,54.2,54.27,53.46,53.77,327400.0
2007-07-03,False,daily,53.72,54.22,53.59,54.03,168300.0,53.72,54.22,53.59,54.03,168300.0
2007-07-02,False,daily,53.1,53.77,53.1,53.63,287000.0,53.1,53.77,53.1,53.63,287000.0
2007-06-29,False,daily,54.11,54.11,52.93,53.11,466900.0,54.11,54.11,52.93,53.11,466900.0
2007-06-28,False,daily,53.69,54.6,53.39,53.98,515600.0,53.69,54.6,53.39,53.98,515600.0
2007-06-27,False,daily,52.97,53.63,52.8,53.61,393400.0,52.97,53.63,52.8,53.61,393400.0
2007-06-26,False,daily,53.69,53.73,52.93,53.19,636600.0,53.69,53.73,52.93,53.19,636600.0
2007-06-25,False,daily,53.62,54.65,53.54,53.58,493900.0,53.62,54.65,53.54,53.58,493900.0
2007-06-22,False,daily,54.13,54.13,53.23,53.69,987100.0,54.13,54.13,53.23,53.69,987100.0
2007-06-21,False,daily,53.42,54.47,53.4,54.16,534700.0,53.42,54.47,53.4,54.16,534700.0
2007-06-20,False,daily,54.04,54.22,53.28,53.33,429900.0,54.04,54.22,53.28,53.33,429900.0
2007-06-19,False,daily,53.77,53.94,53.32,53.82,356600.0,53.77,53.94,53.32,53.82,356600.0
2007-06-18,False,daily,53.6,54.5,53.41,53.93,475600.0,53.6,54.5,53.41,53.93,475600.0
2007-06-15,False,daily,54.12,54.26,53.53,53.67,699700.0,54.12,54.26,53.53,53.67,699700.0
2007-06-14,False,daily,53.28,54.07,53.28,53.51,300100.0,53.28,54.07,53.28,53.51,300100.0
2007-06-13,False,daily,53.15,53.43,52.9,53.32,484400.0,53.15,53.43,52.9,53.32,484400.0
2007-06-12,False,daily,53.45,53.65,52.9,52.94,422200.0,53.45,53.65,52.9,52.94,422200.0
2007-06-11,False,daily,53.54,54.25,53.4,53.8,450300.0,53.54,54.25,53.4,53.8,450300.0
2007-06-08,False,daily,52.6,53.78,52.37,53.62,583700.0,52.6,53.78,52.37,53.62,583700.0
2007-06-07,False,daily,53.1,53.34,52.66,52.66,683200.0,53.1,53.34,52.66,52.66,683200.0
2007-06-06,False,daily,53.11,53.36,52.94,53.03,453100.0,53.11,53.36,52.94,53.03,453100.0
2007-06-05,False,daily,53.01,53.44,52.93,53.35,558800.0,53.01,53.44,52.93,53.35,558800.0
2007-06-04,False,daily,53.24,53.56,53.02,53.47,397500.0,53.24,53.56,53.02,53.47,397500.0
2007-06-01,False,daily,53.01,53.5,52.97,53.38,234200.0,53.01,53.5,52.97,53.38,234200.0
2007-05-31,False,daily,52.92,53.33,52.875,53.07,338700.0,52.92,53.33,52.875,53.07,338700.0
2007-05-30,False,daily,52.75,52.87,52.42,52.78,459800.0,52.75,52.87,52.42,52.78,459800.0
2007-05-29,False,daily,52.92,53.22,52.63,52.99,285700.0,52.92,53.22,52.63,52.99,285700.0
2007-05-25,False,daily,52.82,53.0,52.52,52.86,275400.0,52.82,53.0,52.52,52.86,275400.0
2007-05-24,False,daily,53.1,53.48,52.51,52.84,533600.0,53.1,53.48,52.51,52.84,533600.0
2007-05-23,False,daily,52.79,53.42,52.63,53.08,456700.0,52.79,53.42,52.63,53.08,456700.0
2007-05-22,False,daily,52.55,53.0,52.33,52.72,355900.0,52.55,53.0,52.33,52.72,355900.0
2007-05-21,False,daily,52.31,52.77,51.89,52.6,383900.0,52.31,52.77,51.89,52.6,383900.0
2007-05-18,False,daily,52.15,52.43,51.9,52.43,371900.0,52.15,52.43,51.9,52.43,371900.0
2007-05-17,False,daily,52.25,52.4,51.68,52.08,276800.0,52.25,52.4,51.68,52.08,276800.0
2007-05-16,False,daily,52.0,52.44,51.81,52.39,240600.0,52.0,52.44,51.81,52.39,240600.0
2007-05-15,False,daily,52.32,52.74,51.82,51.99,435400.0,52.32,52.74,51.82,51.99,435400.0
2007-05-14,False,daily,52.51,53.0,52.07,52.27,350900.0,52.51,53.0,52.07,52.27,350900.0
2007-05-11,False,daily,52.76,53.07,52.44,52.68,246900.0,52.76,53.07,52.44,52.68,246900.0
2007-05-10,False,daily,53.12,53.14,52.21,52.34,611400.0,53.12,53.14,52.21,52.34,611400.0
2007-05-09,False,daily,52.93,53.45,52.79,53.14,379200.0,52.93,53.45,52.79,53.14,379200.0
2007-05-08,False,daily,53.18,53.47,52.96,53.22,398700.0,53.18,53.47,52.96,53.22,398700.0
2007-05-07,False,daily,53.18,53.43,52.96,53.2,265500.0,53.18,53.43,52.96,53.2,265500.0
2007-05-04,False,daily,53.21,53.36,52.92,53.26,560400.0,53.21,53.36,52.92,53.26,560400.0
2007-05-03,False,daily,52.5,53.41,52.45,53.21,910000.0,52.5,53.41,52.45,53.21,910000.0
2007-05-02,False,daily,51.51,52.61,51.39,52.6,631200.0,51.51,52.61,51.39,52.6,631200.0
2007-05-01,False,daily,51.22,51.7,51.16,51.58,677200.0,51.22,51.7,51.16,51.58,677200.0
2007-04-30,False,daily,52.01,52.17,51.14,51.22,590300.0,52.01,52.17,51.14,51.22,590300.0
2007-04-27,False,daily,51.66,52.24,51.3,51.92,829600.0,51.66,52.24,51.3,51.92,829600.0
2007-04-26,False,daily,51.34,51.72,50.88,51.53,336700.0,51.34,51.72,50.88,51.53,336700.0
2007-04-25,False,daily,51.74,51.86,51.03,51.49,1112600.0,51.74,51.86,51.03,51.49,1112600.0
2007-04-24,False,daily,51.49,51.92,51.19,51.59,308900.0,51.49,51.92,51.19,51.59,308900.0
2007-04-23,False,daily,51.84,52.1,51.46,51.5,289900.0,51.84,52.1,51.46,51.5,289900.0
2007-04-20,False,daily,52.16,52.16,51.62,51.94,471800.0,52.16,52.16,51.62,51.94,471800.0
2007-04-19,False,daily,51.17,52.13,50.68,51.81,737200.0,51.17,52.13,50.68,51.81,737200.0
2007-04-18,False,daily,51.38,52.32,49.71,51.39,1904500.0,51.38,52.32,49.71,51.39,1904500.0
2007-04-17,False,daily,49.04,49.18,48.63,49.0,299200.0,49.04,49.18,48.63,49.0,299200.0
2007-04-16,False,daily,48.2,49.1,48.17,49.09,225000.0,48.2,49.1,48.17,49.09,225000.0
2007-04-13,False,daily,47.75,48.14,47.54,48.11,466900.0,47.75,48.14,47.54,48.11,466900.0
2007-04-12,False,daily,47.63,47.9,47.43,47.82,258300.0,47.63,47.9,47.43,47.82,258300.0
2007-04-11,False,daily,48.15,48.15,47.5,47.73,304000.0,48.15,48.15,47.5,47.73,304000.0
2007-04-10,False,daily,48.0,48.27,47.85,48.05,238500.0,48.0,48.27,47.85,48.05,238500.0
2007-04-09,False,daily,48.28,48.37,47.75,48.08,235900.0,48.28,48.37,47.75,48.08,235900.0
2007-04-05,False,daily,47.92,48.04,47.69,47.95,205000.0,47.92,48.04,47.69,47.95,205000.0
2007-04-04,False,daily,48.65,48.67,47.94,47.98,390800.0,48.65,48.67,47.94,47.98,390800.0
2007-04-03,False,daily,48.21,48.91,48.21,48.76,419100.0,48.21,48.91,48.21,48.76,419100.0
2007-04-02,False,daily,48.49,48.74,47.82,48.15,359800.0,48.49,48.74,47.82,48.15,359800.0
2007-03-30,False,daily,48.7,49.04,48.38,48.59,573800.0,48.7,49.04,48.38,48.59,573800.0
2007-03-29,False,daily,48.74,48.98,48.56,48.73,415200.0,48.74,48.98,48.56,48.73,415200.0
2007-03-28,False,daily,48.55,48.73,48.13,48.57,403600.0,48.55,48.73,48.13,48.57,403600.0
2007-03-27,False,daily,48.55,48.79,48.52,48.61,428400.0,48.55,48.79,48.52,48.61,428400.0
2007-03-26,False,daily,48.99,48.99,48.02,48.89,449300.0,48.99,48.99,48.02,48.89,449300.0
2007-03-23,False,daily,48.19,48.53,48.16,48.39,172100.0,48.19,48.53,48.16,48.39,172100.0
2007-03-22,False,daily,48.27,48.32,47.9,48.25,439400.0,48.27,48.32,47.9,48.25,439400.0
2007-03-21,False,daily,47.43,48.3,47.23,48.15,389500.0,47.43,48.3,47.23,48.15,389500.0
2007-03-20,False,daily,46.98,47.39,46.78,47.36,277100.0,46.98,47.39,46.78,47.36,277100.0
2007-03-19,False,daily,46.77,47.32,46.77,47.03,219400.0,46.77,47.32,46.77,47.03,219400.0
2007-03-16,False,daily,46.77,47.0,46.38,46.63,551300.0,46.77,47.0,46.38,46.63,551300.0
2007-03-15,False,daily,46.65,47.15,46.41,46.78,311600.0,46.65,47.15,46.41,46.78,311600.0
2007-03-14,False,daily,46.54,46.9,46.05,46.69,573200.0,46.54,46.9,46.05,46.69,573200.0
2007-03-13,False,daily,47.41,47.41,46.25,46.61,572700.0,47.41,47.41,46.25,46.61,572700.0
2007-03-12,False,daily,47.46,47.76,47.46,47.66,153800.0,47.46,47.76,47.46,47.66,153800.0
2007-03-09,False,daily,47.54,47.86,47.17,47.61,261800.0,47.54,47.86,47.17,47.61,261800.0
2007-03-08,False,daily,47.35,47.84,47.17,47.41,170800.0,47.35,47.84,47.17,47.41,170800.0
2007-03-07,False,daily,47.39,47.61,47.11,47.15,276000.0,47.39,47.61,47.11,47.15,276000.0
2007-03-06,False,daily,46.83,47.58,46.65,47.29,269800.0,46.83,47.58,46.65,47.29,269800.0
2007-03-05,False,daily,47.35,47.75,46.68,46.7,400200.0,47.35,47.75,46.68,46.7,400200.0
2007-03-02,False,daily,47.93,48.21,47.44,47.56,404600.0,47.93,48.21,47.44,47.56,404600.0
2007-03-01,False,daily,48.0,48.81,47.46,48.07,367700.0,48.0,48.81,47.46,48.07,367700.0
2007-02-28,False,daily,48.11,48.85,48.11,48.3,433600.0,48.11,48.85,48.11,48.3,433600.0
2007-02-27,False,daily,48.96,49.21,48.08,48.14,362500.0,48.96,49.21,48.08,48.14,362500.0
2007-02-26,False,daily,49.83,50.05,49.07,49.36,384000.0,49.83,50.05,49.07,49.36,384000.0
2007-02-23,False,daily,50.07,50.07,49.42,49.82,257400.0,50.07,50.07,49.42,49.82,257400.0
2007-02-22,False,daily,50.04,50.14,49.55,50.0,343900.0,50.04,50.14,49.55,50.0,343900.0
2007-02-21,False,daily,50.25,50.33,49.8,50.12,140700.0,50.25,50.33,49.8,50.12,140700.0
2007-02-20,False,daily,50.22,50.59,49.89,50.35,276900.0,50.22,50.59,49.89,50.35,276900.0
2007-02-16,False,daily,49.51,50.54,49.5,50.39,964100.0,49.51,50.54,49.5,50.39,964100.0
2007-02-15,False,daily,49.02,49.76,48.55,49.51,594100.0,49.02,49.76,48.55,49.51,594100.0
2007-02-14,False,daily,48.83,49.42,48.76,48.94,352500.0,48.83,49.42,48.76,48.94,352500.0
2007-02-13,False,daily,48.26,48.9,48.25,48.74,570400.0,48.26,48.9,48.25,48.74,570400.0
2007-02-12,False,daily,48.14,48.45,48.0,48.09,213000.0,48.14,48.45,48.0,48.09,213000.0
2007-02-09,False,daily,48.41,48.74,48.04,48.17,463100.0,48.41,48.74,48.04,48.17,463100.0
2007-02-08,False,daily,48.29,48.59,48.11,48.49,426900.0,48.29,48.59,48.11,48.49,426900.0
2007-02-07,False,daily,48.2,48.5,48.02,48.44,216600.0,48.2,48.5,48.02,48.44,216600.0
2007-02-06,False,daily,48.08,48.24,47.92,48.07,319900.0,48.08,48.24,47.92,48.07,319900.0
2007-02-05,False,daily,47.56,48.18,47.51,47.99,503600.0,47.56,48.18,47.51,47.99,503600.0
2007-02-02,False,daily,46.78,47.63,46.78,47.4,362900.0,46.78,47.63,46.78,47.4,362900.0
2007-02-01,False,daily,46.69,47.17,46.602,46.84,397700.0,46.69,47.17,46.602,46.84,397700.0
2007-01-31,False,daily,46.58,46.87,46.36,46.65,387000.0,46.58,46.87,46.36,46.65,387000.0
2007-01-30,False,daily,47.13,47.25,46.65,46.76,306800.0,47.13,47.25,46.65,46.76,306800.0
2007-01-29,False,daily,46.29,47.55,46.29,47.13,497900.0,46.29,47.55,46.29,47.13,497900.0
2007-01-26,False,daily,46.63,47.0,46.05,46.42,531200.0,46.63,47.0,46.05,46.42,531200.0
2007-01-25,False,daily,47.93,48.06,46.78,47.1,320400.0,47.93,48.06,46.78,47.1,320400.0
2007-01-24,False,daily,47.46,48.05,47.26,47.97,280300.0,47.46,48.05,47.26,47.97,280300.0
2007-01-23,False,daily,46.69,47.65,46.69,47.29,363300.0,46.69,47.65,46.69,47.29,363300.0
2007-01-22,False,daily,46.81,46.99,46.54,46.72,242100.0,46.81,46.99,46.54,46.72,242100.0
2007-01-19,False,daily,46.86,47.27,46.75,46.87,262900.0,46.86,47.27,46.75,46.87,262900.0
2007-01-18,False,daily,46.98,47.21,46.83,46.97,311600.0,46.98,47.21,46.83,46.97,311600.0
2007-01-17,False,daily,47.34,47.56,46.97,47.03,264800.0,47.34,47.56,46.97,47.03,264800.0
2007-01-16,False,daily,47.54,47.85,47.23,47.52,406300.0,47.54,47.85,47.23,47.52,406300.0
2007-01-12,False,daily,47.12,47.71,47.1,47.56,344300.0,47.12,47.71,47.1,47.56,344300.0
2007-01-11,False,daily,46.41,47.21,46.41,47.05,405900.0,46.41,47.21,46.41,47.05,405900.0
2007-01-10,False,daily,46.21,46.52,46.02,46.41,157800.0,46.21,46.52,46.02,46.41,157800.0
2007-01-09,False,daily,46.33,46.6,45.91,46.48,316000.0,46.33,46.6,45.91,46.48,316000.0
2007-01-08,False,daily,46.37,46.51,46.11,46.33,295700.0,46.37,46.51,46.11,46.33,295700.0
2007-01-05,False,daily,47.28,47.3,46.4,46.5,321400.0,47.28,47.3,46.4,46.5,321400.0
2007-01-04,False,daily,47.13,47.48,46.77,47.33,320800.0,47.13,47.48,46.77,47.33,320800.0
2007-01-03,False,daily,46.62,47.5,46.58,46.99,495800.0,46.62,47.5,46.58,46.99,495800.0
2008-12-31,False,daily,25.03,26.42,24.7,26.23,906700.0,25.03,26.42,24.7,26.23,906700.0
2008-12-30,False,daily,24.3,24.79,23.49,24.77,455700.0,24.3,24.79,23.49,24.77,455700.0
2008-12-29,False,daily,24.35,25.17,23.68,23.98,395300.0,24.35,25.17,23.68,23.98,395300.0
2008-12-26,False,daily,24.61,25.27,24.15,24.41,223900.0,24.61,25.27,24.15,24.41,223900.0
2008-12-24,False,daily,24.49,24.74,24.36,24.57,191800.0,24.49,24.74,24.36,24.57,191800.0
2008-12-23,False,daily,25.69,25.95,24.26,24.33,955600.0,25.69,25.95,24.26,24.33,955600.0
2008-12-22,False,daily,25.82,26.2398,24.93,25.72,818200.0,25.82,26.2398,24.93,25.72,818200.0
2008-12-19,False,daily,25.51,25.94,24.56,25.06,1556800.0,25.51,25.94,24.56,25.06,1556800.0
2008-12-18,False,daily,27.3,27.66,24.61,25.37,2185600.0,27.3,27.66,24.61,25.37,2185600.0
2008-12-17,False,daily,29.57,30.5,27.02,27.66,2534800.0,29.57,30.5,27.02,27.66,2534800.0
2008-12-16,False,daily,29.54,30.76,28.99,30.26,1817800.0,29.54,30.76,28.99,30.26,1817800.0
2008-12-15,False,daily,32.72,33.29,31.44,31.97,534400.0,32.72,33.29,31.44,31.97,534400.0
2008-12-12,False,daily,31.16,33.15,31.08,32.82,514700.0,31.16,33.15,31.08,32.82,514700.0
2008-12-11,False,daily,33.64,34.22,31.82,31.99,1105100.0,33.64,34.22,31.82,31.99,1105100.0
2008-12-10,False,daily,35.96,36.92,33.13,33.76,886900.0,35.96,36.92,33.13,33.76,886900.0
2008-12-09,False,daily,36.82,37.14,35.56,35.71,851000.0,36.82,37.14,35.56,35.71,851000.0
2008-12-08,False,daily,36.92,37.67,35.91,37.16,891800.0,36.92,37.67,35.91,37.16,891800.0
2008-12-05,False,daily,35.45,37.59,34.08,37.58,769300.0,35.45,37.59,34.08,37.58,769300.0
2008-12-04,False,daily,36.81,38.4,35.24,35.87,729900.0,36.81,38.4,35.24,35.87,729900.0
2008-12-03,False,daily,35.21,37.68,34.78,37.25,602600.0,35.21,37.68,34.78,37.25,602600.0
2008-12-02,False,daily,33.52,36.11,33.11,35.89,930000.0,33.52,36.11,33.11,35.89,930000.0
2008-12-01,False,daily,38.86,39.71,33.003,33.01,1042100.0,38.86,39.71,33.003,33.01,1042100.0
2008-11-28,False,daily,39.03,40.08,38.39,40.05,243600.0,39.03,40.08,38.39,40.05,243600.0
2008-11-26,False,daily,37.1,39.32,37.06,39.21,614300.0,37.1,39.32,37.06,39.21,614300.0
2008-11-25,False,daily,36.99,38.07,35.79,37.98,1337200.0,36.99,38.07,35.79,37.98,1337200.0
2008-11-24,False,daily,32.64,36.83,31.97,36.53,1111600.0,32.64,36.83,31.97,36.53,1111600.0
2008-11-21,False,daily,32.84,34.09,28.56,31.99,1820600.0,32.84,34.09,28.56,31.99,1820600.0
2008-11-20,False,daily,37.3,37.64,32.27,32.54,1627800.0,37.3,37.64,32.27,32.54,1627800.0
2008-11-19,False,daily,39.16,40.0,37.39,37.4,1225800.0,39.16,40.0,37.39,37.4,1225800.0
2008-11-18,False,daily,39.29,40.34,38.68,39.94,988300.0,39.29,40.34,38.68,39.94,988300.0
2008-11-17,False,daily,39.12,40.85,39.04,39.51,815300.0,39.12,40.85,39.04,39.51,815300.0
2008-11-14,False,daily,39.32,40.989,38.86,39.69,1284100.0,39.32,40.989,38.86,39.69,1284100.0
2008-11-13,False,daily,41.26,41.49,36.97,39.92,2293800.0,41.26,41.49,36.97,39.92,2293800.0
2008-11-12,False,daily,44.71,46.4,40.97,40.97,1503300.0,44.71,46.4,40.97,40.97,1503300.0
2008-11-11,False,daily,46.73,47.48,44.74,45.22,873600.0,46.73,47.48,44.74,45.22,873600.0
2008-11-10,False,daily,48.0,48.5,46.39,46.71,571900.0,48.0,48.5,46.39,46.71,571900.0
2008-11-07,False,daily,47.69,49.13,45.715,47.14,779600.0,47.69,49.13,45.715,47.14,779600.0
2008-11-06,False,daily,49.7,50.988,47.31,47.46,841500.0,49.7,50.988,47.31,47.46,841500.0
2008-11-05,False,daily,54.53,54.98,49.11,49.82,933000.0,54.53,54.98,49.11,49.82,933000.0
2008-11-04,False,daily,54.26,55.61,53.4,54.94,468700.0,54.26,55.61,53.4,54.94,468700.0
2008-11-03,False,daily,51.39,54.25,50.68,53.99,520400.0,51.39,54.25,50.68,53.99,520400.0
2008-10-31,False,daily,49.23,52.17,48.61,51.45,674400.0,49.23,52.17,48.61,51.45,674400.0
2008-10-30,False,daily,50.0,50.0,47.75,49.42,451400.0,50.0,50.0,47.75,49.42,451400.0
2008-10-29,False,daily,49.74,51.14,47.79,48.92,541100.0,49.74,51.14,47.79,48.92,541100.0
2008-10-28,False,daily,46.0,49.64,44.89,49.37,867400.0,46.0,49.64,44.89,49.37,867400.0
2008-10-27,False,daily,47.88,49.76,45.35,45.45,667500.0,47.88,49.76,45.35,45.45,667500.0
2008-10-24,False,daily,44.0,50.36,43.49,48.34,769200.0,44.0,50.36,43.49,48.34,769200.0
2008-10-23,False,daily,46.26,48.23,44.2301,45.17,778400.0,46.26,48.23,44.2301,45.17,778400.0
2008-10-22,False,daily,49.57,49.75,46.74,46.96,1450500.0,49.57,49.75,46.74,46.96,1450500.0
2008-10-21,False,daily,50.04,52.24,48.64,50.22,437400.0,50.04,52.24,48.64,50.22,437400.0
2008-10-20,False,daily,50.25,52.53,49.97,51.78,727700.0,50.25,52.53,49.97,51.78,727700.0
2008-10-17,False,daily,50.78,52.66,50.12,50.17,404400.0,50.78,52.66,50.12,50.17,404400.0
2008-10-16,False,daily,48.26,52.16,46.31,52.0,452700.0,48.26,52.16,46.31,52.0,452700.0
2008-10-15,False,daily,50.93,51.69,48.43,48.43,444400.0,50.93,51.69,48.43,48.43,444400.0
2008-10-14,False,daily,54.31,55.25,49.55,51.61,400500.0,54.31,55.25,49.55,51.61,400500.0
2008-10-13,False,daily,51.79,53.0,47.11,52.97,652500.0,51.79,53.0,47.11,52.97,652500.0
2008-10-10,False,daily,44.21,50.25,43.51,49.55,1171700.0,44.21,50.25,43.51,49.55,1171700.0
2008-10-09,False,daily,49.76,51.86,45.0,45.02,789500.0,49.76,51.86,45.0,45.02,789500.0
2008-10-08,False,daily,51.55,54.89,49.71,50.6,352600.0,51.55,54.89,49.71,50.6,352600.0
2008-10-07,False,daily,60.28,60.99,51.7,51.91,299500.0,60.28,60.99,51.7,51.91,299500.0
2008-10-06,False,daily,55.73,63.26,52.2601,60.27,425100.0,55.73,63.26,52.2601,60.27,425100.0
2008-10-03,False,daily,59.67,60.93,56.47,56.48,344700.0,59.67,60.93,56.47,56.48,344700.0
2008-10-02,False,daily,58.11,59.98,57.46,58.02,189700.0,58.11,59.98,57.46,58.02,189700.0
2008-10-01,False,daily,57.73,60.0,55.41,58.06,327600.0,57.73,60.0,55.41,58.06,327600.0
2008-09-30,False,daily,52.98,59.47,52.98,57.92,467300.0,52.98,59.47,52.98,57.92,467300.0
2008-09-29,False,daily,54.27,67.0,51.79,51.88,302700.0,54.27,67.0,51.79,51.88,302700.0
2008-09-26,False,daily,54.5,56.55,54.0,55.0,479100.0,54.5,56.55,54.0,55.0,479100.0
2008-09-25,False,daily,55.96,57.83,54.669,55.55,365700.0,55.96,57.83,54.669,55.55,365700.0
2008-09-24,False,daily,54.22,55.5,54.08,54.59,448200.0,54.22,55.5,54.08,54.59,448200.0
2008-09-23,False,daily,55.6,58.76,53.95,55.06,478600.0,55.6,58.76,53.95,55.06,478600.0
2008-09-22,False,daily,69.9,69.9,54.33,55.6,455400.0,69.9,69.9,54.33,55.6,455400.0
2008-09-19,False,daily,70.1,83.1,56.6,66.0,14700.0,70.1,83.1,56.6,66.0,14700.0
2008-09-18,False,daily,55.49,59.75,53.0,59.41,1154400.0,55.49,59.75,53.0,59.41,1154400.0
2008-09-17,False,daily,56.02,57.56,53.92,54.4,803300.0,56.02,57.56,53.92,54.4,803300.0
2008-09-16,False,daily,54.68,57.68,54.09,57.68,920900.0,54.68,57.68,54.09,57.68,920900.0
2008-09-15,False,daily,54.73,57.5,54.73,55.38,813400.0,54.73,57.5,54.73,55.38,813400.0
2008-09-12,False,daily,56.65,58.69,56.5,57.42,929200.0,56.65,58.69,56.5,57.42,929200.0
2008-09-11,False,daily,56.02,57.01,55.09,56.97,922000.0,56.02,57.01,55.09,56.97,922000.0
2008-09-10,False,daily,59.09,59.09,55.42,57.37,859000.0,59.09,59.09,55.42,57.37,859000.0
2008-09-09,False,daily,59.89,61.0,58.08,58.26,804200.0,59.89,61.0,58.08,58.26,804200.0
2008-09-08,False,daily,59.97,61.45,58.8,60.17,1120000.0,59.97,61.45,58.8,60.17,1120000.0
2008-09-05,False,daily,55.77,57.89,55.21,57.45,835300.0,55.77,57.89,55.21,57.45,835300.0
2008-09-04,False,daily,58.25,58.45,56.4,56.56,479800.0,58.25,58.45,56.4,56.56,479800.0
2008-09-03,False,daily,56.18,58.77,55.92,58.73,669600.0,56.18,58.77,55.92,58.73,669600.0
2008-09-02,False,daily,56.89,57.16,55.44,56.17,443600.0,56.89,57.16,55.44,56.17,443600.0
2008-08-29,False,daily,55.99,56.59,55.38,56.05,443500.0,55.99,56.59,55.38,56.05,443500.0
2008-08-28,False,daily,55.03,56.22,54.92,56.11,489000.0,55.03,56.22,54.92,56.11,489000.0
2008-08-27,False,daily,53.7,55.29,53.68,55.07,409500.0,53.7,55.29,53.68,55.07,409500.0
2008-08-26,False,daily,53.97,54.9,52.95,53.92,425100.0,53.97,54.9,52.95,53.92,425100.0
2008-08-25,False,daily,55.56,55.56,53.65,54.06,404200.0,55.56,55.56,53.65,54.06,404200.0
2008-08-22,False,daily,55.14,55.94,54.46,55.76,374200.0,55.14,55.94,54.46,55.76,374200.0
2008-08-21,False,daily,54.5,55.03,54.16,54.53,332700.0,54.5,55.03,54.16,54.53,332700.0
2008-08-20,False,daily,54.54,55.14,53.68,55.03,485400.0,54.54,55.14,53.68,55.03,485400.0
2008-08-19,False,daily,55.0,55.39,54.0,54.4,565500.0,55.0,55.39,54.0,54.4,565500.0
2008-08-18,False,daily,57.01,57.81,54.92,55.45,433300.0,57.01,57.81,54.92,55.45,433300.0
2008-08-15,False,daily,57.84,58.45,56.06,57.13,520800.0,57.84,58.45,56.06,57.13,520800.0
2008-08-14,False,daily,56.52,56.95,55.64,56.9,1266900.0,56.52,56.95,55.64,56.9,1266900.0
2008-08-13,False,daily,57.31,57.49,56.24,56.94,834400.0,57.31,57.49,56.24,56.94,834400.0
2008-08-12,False,daily,59.22,59.22,56.74,57.4,726200.0,59.22,59.22,56.74,57.4,726200.0
2008-08-11,False,daily,58.21,60.0,57.85,59.74,782800.0,58.21,60.0,57.85,59.74,782800.0
2008-08-08,False,daily,56.57,58.5,56.53,58.12,622700.0,56.57,58.5,56.53,58.12,622700.0
2008-08-07,False,daily,56.62,58.0,55.84,56.23,933400.0,56.62,58.0,55.84,56.23,933400.0
2008-08-06,False,daily,59.6,59.62,58.43,59.17,613500.0,59.6,59.62,58.43,59.17,613500.0
2008-08-05,False,daily,58.57,60.27,58.05,60.26,1023000.0,58.57,60.27,58.05,60.26,1023000.0
2008-08-04,False,daily,58.48,59.12,57.58,58.28,1008300.0,58.48,59.12,57.58,58.28,1008300.0
2008-08-01,False,daily,57.5,59.23,56.89,58.59,568300.0,57.5,59.23,56.89,58.59,568300.0
2008-07-31,False,daily,57.46,58.42,56.55,57.59,753800.0,57.46,58.42,56.55,57.59,753800.0
2008-07-30,False,daily,57.49,57.94,56.51,57.78,757900.0,57.49,57.94,56.51,57.78,757900.0
2008-07-29,False,daily,54.0,57.51,54.0,57.47,824800.0,54.0,57.51,54.0,57.47,824800.0
2008-07-28,False,daily,54.72,56.39,53.85,54.27,746200.0,54.72,56.39,53.85,54.27,746200.0
2008-07-25,False,daily,52.34,55.87,52.33,55.49,909400.0,52.34,55.87,52.33,55.49,909400.0
2008-07-24,False,daily,55.66,55.7,51.32,51.7,805800.0,55.66,55.7,51.32,51.7,805800.0
2008-07-23,False,daily,54.55,56.2399,53.77,55.06,922400.0,54.55,56.2399,53.77,55.06,922400.0
2008-07-22,False,daily,52.23,54.74,50.88,54.64,931100.0,52.23,54.74,50.88,54.64,931100.0
2008-07-21,False,daily,52.19,52.97,51.96,52.34,753300.0,52.19,52.97,51.96,52.34,753300.0
2008-07-18,False,daily,51.65,51.76,49.69,51.39,919800.0,51.65,51.76,49.69,51.39,919800.0
2008-07-17,False,daily,48.74,52.0,48.5,51.65,1250200.0,48.74,52.0,48.5,51.65,1250200.0
2008-07-16,False,daily,43.64,48.57,43.09,48.48,813500.0,43.64,48.57,43.09,48.48,813500.0
2008-07-15,False,daily,44.51,45.44,42.88,43.96,744900.0,44.51,45.44,42.88,43.96,744900.0
2008-07-14,False,daily,46.89,48.47,44.155,44.84,635600.0,46.89,48.47,44.155,44.84,635600.0
2008-07-11,False,daily,46.89,48.65,46.29,48.03,494200.0,46.89,48.65,46.29,48.03,494200.0
2008-07-10,False,daily,46.33,48.03,46.33,47.35,539100.0,46.33,48.03,46.33,47.35,539100.0
2008-07-09,False,daily,48.1,48.6,46.63,46.7,568800.0,48.1,48.6,46.63,46.7,568800.0
2008-07-08,False,daily,44.99,48.16,44.58,48.1,756200.0,44.99,48.16,44.58,48.1,756200.0
2008-07-07,False,daily,45.99,46.15,43.7,45.11,1003700.0,45.99,46.15,43.7,45.11,1003700.0
2008-07-03,False,daily,47.56,48.31,45.83,45.83,382800.0,47.56,48.31,45.83,45.83,382800.0
2008-07-02,False,daily,48.92,49.47,47.51,47.54,468600.0,48.92,49.47,47.51,47.54,468600.0
2008-07-01,False,daily,47.76,48.79,46.92,48.71,609700.0,47.76,48.79,46.92,48.71,609700.0
2008-06-30,False,daily,49.5,49.66,48.05,48.11,578500.0,49.5,49.66,48.05,48.11,578500.0
2008-06-27,False,daily,50.37,50.64,49.32,49.66,815600.0,50.37,50.64,49.32,49.66,815600.0
2008-06-26,False,daily,49.31,50.71,49.25,50.23,439800.0,49.31,50.71,49.25,50.23,439800.0
2008-06-25,False,daily,50.02,51.29,49.55,49.9,726800.0,50.02,51.29,49.55,49.9,726800.0
2008-06-24,False,daily,49.69,50.51,49.41,49.84,832100.0,49.69,50.51,49.41,49.84,832100.0
2008-06-23,False,daily,51.3,51.56,49.71,50.17,662300.0,51.3,51.56,49.71,50.17,662300.0
2008-06-20,False,daily,50.24,51.56,50.07,50.98,1119100.0,50.24,51.56,50.07,50.98,1119100.0
2008-06-19,False,daily,51.28,51.49,49.5,50.98,909800.0,51.28,51.49,49.5,50.98,909800.0
2008-06-18,False,daily,50.96,51.42,50.09,51.15,463600.0,50.96,51.42,50.09,51.15,463600.0
2008-06-17,False,daily,51.07,51.82,50.56,51.28,878100.0,51.07,51.82,50.56,51.28,878100.0
2008-06-16,False,daily,49.12,51.35,48.7,51.01,1113300.0,49.12,51.35,48.7,51.01,1113300.0
2008-06-13,False,daily,49.88,50.32,48.16,49.03,687000.0,49.88,50.32,48.16,49.03,687000.0
2008-06-12,False,daily,50.08,50.73,48.87,49.27,548700.0,50.08,50.73,48.87,49.27,548700.0
2008-06-11,False,daily,50.07,50.41,49.35,49.62,779500.0,50.07,50.41,49.35,49.62,779500.0
2008-06-10,False,daily,49.56,50.4,49.35,50.08,748800.0,49.56,50.4,49.35,50.08,748800.0
2008-06-09,False,daily,50.8,50.98,49.42,49.8,732500.0,50.8,50.98,49.42,49.8,732500.0
2008-06-06,False,daily,51.35,51.57,50.65,50.88,758100.0,51.35,51.57,50.65,50.88,758100.0
2008-06-05,False,daily,50.76,52.2,50.62,51.95,779300.0,50.76,52.2,50.62,51.95,779300.0
2008-06-04,False,daily,50.07,50.48,49.54,50.44,877300.0,50.07,50.48,49.54,50.44,877300.0
2008-06-03,False,daily,51.37,51.37,49.56,50.15,680700.0,51.37,51.37,49.56,50.15,680700.0
2008-06-02,False,daily,51.17,51.21,50.23,50.96,439600.0,51.17,51.21,50.23,50.96,439600.0
2008-05-30,False,daily,51.25,51.67,50.66,51.25,394800.0,51.25,51.67,50.66,51.25,394800.0
2008-05-29,False,daily,50.75,51.73,50.36,51.26,586500.0,50.75,51.73,50.36,51.26,586500.0
2008-05-28,False,daily,50.99,51.33,50.22,50.7,605500.0,50.99,51.33,50.22,50.7,605500.0
2008-05-27,False,daily,50.28,51.32,49.94,51.05,710100.0,50.28,51.32,49.94,51.05,710100.0
2008-05-23,False,daily,50.06,50.39,49.55,50.27,765000.0,50.06,50.39,49.55,50.27,765000.0
2008-05-22,False,daily,50.45,50.65,49.86,50.32,793400.0,50.45,50.65,49.86,50.32,793400.0
2008-05-21,False,daily,50.45,51.15,49.88,50.43,932900.0,50.45,51.15,49.88,50.43,932900.0
2008-05-20,False,daily,50.02,50.77,49.96,50.25,504600.0,50.02,50.77,49.96,50.25,504600.0
2008-05-19,False,daily,50.3,50.79,49.75,50.27,509600.0,50.3,50.79,49.75,50.27,509600.0
2008-05-16,False,daily,50.57,51.14,49.81,50.38,551100.0,50.57,51.14,49.81,50.38,551100.0
2008-05-15,False,daily,49.76,50.4,49.31,50.27,555900.0,49.76,50.4,49.31,50.27,555900.0
2008-05-14,False,daily,50.37,50.37,49.34,49.72,495800.0,50.37,50.37,49.34,49.72,495800.0
2008-05-13,False,daily,50.41,50.56,49.76,50.32,391500.0,50.41,50.56,49.76,50.32,391500.0
2008-05-12,False,daily,49.38,50.72,49.19,50.47,694200.0,49.38,50.72,49.19,50.47,694200.0
2008-05-09,False,daily,48.99,49.61,48.62,49.23,861500.0,48.99,49.61,48.62,49.23,861500.0
2008-05-08,False,daily,50.18,50.64,48.97,49.38,1203100.0,50.18,50.64,48.97,49.38,1203100.0
2008-05-07,False,daily,50.71,51.55,49.86,50.09,1549200.0,50.71,51.55,49.86,50.09,1549200.0
2008-05-06,False,daily,49.31,49.9,48.79,49.66,904700.0,49.31,49.9,48.79,49.66,904700.0
2008-05-05,False,daily,49.61,49.98,49.24,49.63,944100.0,49.61,49.98,49.24,49.63,944100.0
2008-05-02,False,daily,50.25,50.47,49.37,49.67,696600.0,50.25,50.47,49.37,49.67,696600.0
2008-05-01,False,daily,48.67,50.3,48.56,50.03,751900.0,48.67,50.3,48.56,50.03,751900.0
2008-04-30,False,daily,48.96,49.73,48.31,48.66,842700.0,48.96,49.73,48.31,48.66,842700.0
2008-04-29,False,daily,48.0,48.88,47.62,48.76,953500.0,48.0,48.88,47.62,48.76,953500.0
2008-04-28,False,daily,48.0,48.28,47.14,48.16,1287900.0,48.0,48.28,47.14,48.16,1287900.0
2008-04-25,False,daily,44.71,48.62,44.71,48.37,2081500.0,44.71,48.62,44.71,48.37,2081500.0
2008-04-24,False,daily,42.03,43.37,41.51,43.17,454100.0,42.03,43.37,41.51,43.17,454100.0
2008-04-23,False,daily,42.2,42.26,41.41,41.91,582500.0,42.2,42.26,41.41,41.91,582500.0
2008-04-22,False,daily,42.71,42.75,41.82,42.0,578500.0,42.71,42.75,41.82,42.0,578500.0
2008-04-21,False,daily,43.57,43.66,42.72,42.86,785600.0,43.57,43.66,42.72,42.86,785600.0
2008-04-18,False,daily,42.99,43.87,42.75,43.74,970000.0,42.99,43.87,42.75,43.74,970000.0
2008-04-17,False,daily,41.34,42.45,41.08,42.37,545200.0,41.34,42.45,41.08,42.37,545200.0
2008-04-16,False,daily,40.3,41.6,39.82,41.59,802800.0,40.3,41.6,39.82,41.59,802800.0
2008-04-15,False,daily,39.99,40.2999,39.68,39.92,607500.0,39.99,40.2999,39.68,39.92,607500.0
2008-04-14,False,daily,41.07,41.5,39.72,39.77,669200.0,41.07,41.5,39.72,39.77,669200.0
2008-04-11,False,daily,41.57,42.1,40.98,41.16,686900.0,41.57,42.1,40.98,41.16,686900.0
2008-04-10,False,daily,42.39,42.71,41.5,41.92,516400.0,42.39,42.71,41.5,41.92,516400.0
2008-04-09,False,daily,42.95,43.2,42.38,42.54,682700.0,42.95,43.2,42.38,42.54,682700.0
2008-04-08,False,daily,42.63,43.18,42.46,42.8,432900.0,42.63,43.18,42.46,42.8,432900.0
2008-04-07,False,daily,42.86,43.56,42.67,42.97,427600.0,42.86,43.56,42.67,42.97,427600.0
2008-04-04,False,daily,43.89,43.92,43.0,43.23,687100.0,43.89,43.92,43.0,43.23,687100.0
2008-04-03,False,daily,43.55,43.97,43.24,43.96,766100.0,43.55,43.97,43.24,43.96,766100.0
2008-04-02,False,daily,42.9,44.07,42.15,43.86,2889900.0,42.9,44.07,42.15,43.86,2889900.0
2008-04-01,False,daily,43.05,43.5,42.33,42.95,2440100.0,43.05,43.5,42.33,42.95,2440100.0
2008-03-31,False,daily,43.23,43.81,42.97,43.64,724300.0,43.23,43.81,42.97,43.64,724300.0
2008-03-28,False,daily,44.16,44.54,42.99,43.23,473800.0,44.16,44.54,42.99,43.23,473800.0
2008-03-27,False,daily,45.03,45.28,44.15,44.19,325100.0,45.03,45.28,44.15,44.19,325100.0
2008-03-26,False,daily,45.43,45.43,44.3,44.9,454200.0,45.43,45.43,44.3,44.9,454200.0
2008-03-25,False,daily,45.77,46.16,45.29,45.54,462700.0,45.77,46.16,45.29,45.54,462700.0
2008-03-24,False,daily,45.95,46.85,45.69,45.84,528500.0,45.95,46.85,45.69,45.84,528500.0
2008-03-20,False,daily,44.9,46.17,44.27,45.94,1128800.0,44.9,46.17,44.27,45.94,1128800.0
2008-03-19,False,daily,45.73,46.24,44.56,44.56,504800.0,45.73,46.24,44.56,44.56,504800.0
2008-03-18,False,daily,44.89,45.5,44.33,45.41,558700.0,44.89,45.5,44.33,45.41,558700.0
2008-03-17,False,daily,42.84,44.52,42.01,44.06,483000.0,42.84,44.52,42.01,44.06,483000.0
2008-03-14,False,daily,45.0,45.13,43.45,43.8,457100.0,45.0,45.13,43.45,43.8,457100.0
2008-03-13,False,daily,43.85,44.92,43.22,44.74,497300.0,43.85,44.92,43.22,44.74,497300.0
2008-03-12,False,daily,44.95,45.49,44.01,44.15,453100.0,44.95,45.49,44.01,44.15,453100.0
2008-03-11,False,daily,43.95,44.88,43.31,44.78,707000.0,43.95,44.88,43.31,44.78,707000.0
2008-03-10,False,daily,43.31,43.63,42.4,42.87,477800.0,43.31,43.63,42.4,42.87,477800.0
2008-03-07,False,daily,42.06,43.66,41.96,43.16,605300.0,42.06,43.66,41.96,43.16,605300.0
2008-03-06,False,daily,43.37,43.66,42.36,42.45,545200.0,43.37,43.66,42.36,42.45,545200.0
2008-03-05,False,daily,44.15,44.49,43.39,43.6,483000.0,44.15,44.49,43.39,43.6,483000.0
2008-03-04,False,daily,44.27,44.33,43.48,43.94,904700.0,44.27,44.33,43.48,43.94,904700.0
2008-03-03,False,daily,45.21,45.31,44.29,44.66,468300.0,45.21,45.31,44.29,44.66,468300.0
2008-02-29,False,daily,45.85,46.5,45.03,45.3,543600.0,45.85,46.5,45.03,45.3,543600.0
2008-02-28,False,daily,46.94,47.34,45.97,46.35,453500.0,46.94,47.34,45.97,46.35,453500.0
2008-02-27,False,daily,47.26,48.21,46.59,47.06,459000.0,47.26,48.21,46.59,47.06,459000.0
2008-02-26,False,daily,47.45,48.4,47.37,47.66,321300.0,47.45,48.4,47.37,47.66,321300.0
2008-02-25,False,daily,45.95,48.19,45.95,47.71,640400.0,45.95,48.19,45.95,47.71,640400.0
2008-02-22,False,daily,46.68,46.92,45.69,46.84,454300.0,46.68,46.92,45.69,46.84,454300.0
2008-02-21,False,daily,47.93,48.03,46.37,46.48,539000.0,47.93,48.03,46.37,46.48,539000.0
2008-02-20,False,daily,46.22,47.68,45.92,47.56,688200.0,46.22,47.68,45.92,47.56,688200.0
2008-02-19,False,daily,47.29,47.645,46.09,46.35,454100.0,47.29,47.645,46.09,46.35,454100.0
2008-02-15,False,daily,46.64,46.78,46.04,46.7,518800.0,46.64,46.78,46.04,46.7,518800.0
2008-02-14,False,daily,47.66,47.84,46.61,46.93,403100.0,47.66,47.84,46.61,46.93,403100.0
2008-02-13,False,daily,47.86,47.86,47.12,47.67,350200.0,47.86,47.86,47.12,47.67,350200.0
2008-02-12,False,daily,47.4,48.18,46.75,47.34,380400.0,47.4,48.18,46.75,47.34,380400.0
2008-02-11,False,daily,48.16,48.16,47.01,47.33,828100.0,48.16,48.16,47.01,47.33,828100.0
2008-02-08,False,daily,47.93,49.09,47.6,48.38,545800.0,47.93,49.09,47.6,48.38,545800.0
2008-02-07,False,daily,46.95,48.89,46.95,48.13,599700.0,46.95,48.89,46.95,48.13,599700.0
2008-02-06,False,daily,48.51,48.87,47.02,47.13,650800.0,48.51,48.87,47.02,47.13,650800.0
2008-02-05,False,daily,48.51,49.7,47.84,48.18,785300.0,48.51,49.7,47.84,48.18,785300.0
2008-02-04,False,daily,50.21,50.5,49.21,49.38,610100.0,50.21,50.5,49.21,49.38,610100.0
2008-02-01,False,daily,48.39,50.3,48.1,50.11,870900.0,48.39,50.3,48.1,50.11,870900.0
2008-01-31,False,daily,46.51,48.9,45.8,48.4,2524400.0,46.51,48.9,45.8,48.4,2524400.0
2008-01-30,False,daily,48.2,48.98,47.71,47.89,542800.0,48.2,48.98,47.71,47.89,542800.0
2008-01-29,False,daily,48.41,49.0,47.16,48.58,524400.0,48.41,49.0,47.16,48.58,524400.0
2008-01-28,False,daily,46.72,48.57,46.42,48.38,692500.0,46.72,48.57,46.42,48.38,692500.0
2008-01-25,False,daily,46.5,47.65,46.41,46.97,1389000.0,46.5,47.65,46.41,46.97,1389000.0
2008-01-24,False,daily,45.77,46.0,44.88,45.74,1017900.0,45.77,46.0,44.88,45.74,1017900.0
2008-01-23,False,daily,43.51,45.99,43.44,45.37,1251400.0,43.51,45.99,43.44,45.37,1251400.0
2008-01-22,False,daily,43.57,45.58,43.16,44.59,1228300.0,43.57,45.58,43.16,44.59,1228300.0
2008-01-18,False,daily,45.55,46.19,44.71,45.11,750000.0,45.55,46.19,44.71,45.11,750000.0
2008-01-17,False,daily,46.68,46.68,45.3,45.49,590700.0,46.68,46.68,45.3,45.49,590700.0
2008-01-16,False,daily,45.87,47.6,45.83,46.58,654500.0,45.87,47.6,45.83,46.58,654500.0
2008-01-15,False,daily,46.29,46.4,45.5,45.97,624400.0,46.29,46.4,45.5,45.97,624400.0
2008-01-14,False,daily,47.14,47.93,46.54,46.89,482000.0,47.14,47.93,46.54,46.89,482000.0
2008-01-11,False,daily,46.58,47.92,46.0,46.9,474700.0,46.58,47.92,46.0,46.9,474700.0
2008-01-10,False,daily,46.67,47.59,46.37,46.87,1107100.0,46.67,47.59,46.37,46.87,1107100.0
2008-01-09,False,daily,47.6,47.92,46.14,47.05,757600.0,47.6,47.92,46.14,47.05,757600.0
2008-01-08,False,daily,48.24,48.93,47.39,47.52,467700.0,48.24,48.93,47.39,47.52,467700.0
2008-01-07,False,daily,47.38,48.83,47.21,48.37,595100.0,47.38,48.83,47.21,48.37,595100.0
2008-01-04,False,daily,48.99,49.09,47.78,48.04,567200.0,48.99,49.09,47.78,48.04,567200.0
2008-01-03,False,daily,50.12,50.29,49.25,49.35,482000.0,50.12,50.29,49.25,49.35,482000.0
2008-01-02,False,daily,50.24,50.68,49.38,49.91,496800.0,50.24,50.68,49.38,49.91,496800.0
2009-12-31,False,daily,42.36,42.48,41.59,41.66,242100.0,42.36,42.48,41.59,41.66,242100.0
2009-12-30,False,daily,42.06,42.47,41.65,42.32,307500.0,42.06,42.47,41.65,42.32,307500.0
2009-12-29,False,daily,41.98,42.48,41.85,42.22,245200.0,41.98,42.48,41.85,42.22,245200.0
2009-12-28,False,daily,42.49,42.68,41.72,41.95,303100.0,42.49,42.68,41.72,41.95,303100.0
2009-12-24,False,daily,41.94,42.47,41.59,42.43,156600.0,41.94,42.47,41.59,42.43,156600.0
2009-12-23,False,daily,41.24,41.96,41.16,41.88,457300.0,41.24,41.96,41.16,41.88,457300.0
2009-12-22,False,daily,40.15,41.24,40.11,41.17,544800.0,40.15,41.24,40.11,41.17,544800.0
2009-12-21,False,daily,39.02,40.2,38.7,40.14,914100.0,39.02,40.2,38.7,40.14,914100.0
2009-12-18,False,daily,38.79,39.28,38.4001,39.02,2351400.0,38.79,39.28,38.4001,39.02,2351400.0
2009-12-17,False,daily,38.33,39.39,38.21,38.22,499700.0,38.33,39.39,38.21,38.22,499700.0
2009-12-16,False,daily,38.46,39.02,38.24,38.8,830200.0,38.46,39.02,38.24,38.8,830200.0
2009-12-15,False,daily,37.45,38.03,37.21,37.86,624100.0,37.45,38.03,37.21,37.86,624100.0
2009-12-14,False,daily,37.17,37.69,36.6,37.63,412300.0,37.17,37.69,36.6,37.63,412300.0
2009-12-11,False,daily,37.26,37.44,36.67,36.91,456100.0,37.26,37.44,36.67,36.91,456100.0
2009-12-10,False,daily,37.0,37.43,36.81,37.09,292000.0,37.0,37.43,36.81,37.09,292000.0
2009-12-09,False,daily,37.14,37.52,36.61,36.85,504000.0,37.14,37.52,36.61,36.85,504000.0
2009-12-08,False,daily,37.23,37.8,37.0,37.25,277200.0,37.23,37.8,37.0,37.25,277200.0
2009-12-07,False,daily,37.29,37.71,37.17,37.53,368800.0,37.29,37.71,37.17,37.53,368800.0
2009-12-04,False,daily,37.51,37.96,36.67,37.5,325300.0,37.51,37.96,36.67,37.5,325300.0
2009-12-03,False,daily,38.09,38.5,36.89,36.91,374000.0,38.09,38.5,36.89,36.91,374000.0
2009-12-02,False,daily,37.6,38.15,37.33,37.83,482000.0,37.6,38.15,37.33,37.83,482000.0
2009-12-01,False,daily,38.22,38.24,37.19,37.75,517200.0,38.22,38.24,37.19,37.75,517200.0
2009-11-30,False,daily,37.19,37.88,36.95,37.86,552000.0,37.19,37.88,36.95,37.86,552000.0
2009-11-27,False,daily,37.17,37.95,36.52,37.33,360600.0,37.17,37.95,36.52,37.33,360600.0
2009-11-25,False,daily,38.15,38.48,37.86,38.26,452600.0,38.15,38.48,37.86,38.26,452600.0
2009-11-24,False,daily,38.42,38.45,37.71,38.01,588700.0,38.42,38.45,37.71,38.01,588700.0
2009-11-23,False,daily,38.5,39.04,38.28,38.45,975100.0,38.5,39.04,38.28,38.45,975100.0
2009-11-20,False,daily,38.01,38.4,37.53,38.2,1345200.0,38.01,38.4,37.53,38.2,1345200.0
2009-11-19,False,daily,38.57,38.8,38.0,38.36,7542800.0,38.57,38.8,38.0,38.36,7542800.0
2009-11-18,False,daily,40.0,40.765,39.21,39.73,1887800.0,40.0,40.765,39.21,39.73,1887800.0
2009-11-17,False,daily,40.49,41.68,40.43,40.58,1362600.0,40.49,41.68,40.43,40.58,1362600.0
2009-11-16,False,daily,42.45,43.34,42.4,42.83,366500.0,42.45,43.34,42.4,42.83,366500.0
2009-11-13,False,daily,41.85,42.25,41.265,42.2,361800.0,41.85,42.25,41.265,42.2,361800.0
2009-11-12,False,daily,42.29,42.73,41.51,41.56,481700.0,42.29,42.73,41.51,41.56,481700.0
2009-11-11,False,daily,42.1,42.94,41.83,42.35,329800.0,42.1,42.94,41.83,42.35,329800.0
2009-11-10,False,daily,41.61,42.02,41.36,41.73,397700.0,41.61,42.02,41.36,41.73,397700.0
2009-11-09,False,daily,41.69,42.0,41.54,41.94,595800.0,41.69,42.0,41.54,41.94,595800.0
2009-11-06,False,daily,41.52,41.79,41.01,41.35,343600.0,41.52,41.79,41.01,41.35,343600.0
2009-11-05,False,daily,41.32,42.12,40.65,42.05,526200.0,41.32,42.12,40.65,42.05,526200.0
2009-11-04,False,daily,41.94,41.94,40.77,40.79,412000.0,41.94,41.94,40.77,40.79,412000.0
2009-11-03,False,daily,40.63,41.69,40.21,41.47,389500.0,40.63,41.69,40.21,41.47,389500.0
2009-11-02,False,daily,41.41,42.13,39.95,40.94,471700.0,41.41,42.13,39.95,40.94,471700.0
2009-10-30,False,daily,42.69,42.79,41.19,41.25,698800.0,42.69,42.79,41.19,41.25,698800.0
2009-10-29,False,daily,42.16,43.14,41.7,43.0,517500.0,42.16,43.14,41.7,43.0,517500.0
2009-10-28,False,daily,42.45,42.67,41.4,41.75,562100.0,42.45,42.67,41.4,41.75,562100.0
2009-10-27,False,daily,43.28,43.62,42.34,42.45,561800.0,43.28,43.62,42.34,42.45,561800.0
2009-10-26,False,daily,43.61,43.869,42.52,43.28,816600.0,43.61,43.869,42.52,43.28,816600.0
2009-10-23,False,daily,44.77,45.01,42.78,43.24,838900.0,44.77,45.01,42.78,43.24,838900.0
2009-10-22,False,daily,43.34,45.25,43.28,45.15,574200.0,43.34,45.25,43.28,45.15,574200.0
2009-10-21,False,daily,43.45,44.44,43.15,43.23,740800.0,43.45,44.44,43.15,43.23,740800.0
2009-10-20,False,daily,44.07,44.09,43.25,43.75,793700.0,44.07,44.09,43.25,43.75,793700.0
2009-10-19,False,daily,44.26,44.26,43.29,43.91,947000.0,44.26,44.26,43.29,43.91,947000.0
2009-10-16,False,daily,45.09,45.14,43.98,44.06,887200.0,45.09,45.14,43.98,44.06,887200.0
2009-10-15,False,daily,44.52,45.83,44.03,45.55,606400.0,44.52,45.83,44.03,45.55,606400.0
2009-10-14,False,daily,43.6,45.13,43.22,45.0,741700.0,43.6,45.13,43.22,45.0,741700.0
2009-10-13,False,daily,43.43,43.88,42.62,43.17,352100.0,43.43,43.88,42.62,43.17,352100.0
2009-10-12,False,daily,44.04,44.21,43.35,43.71,284000.0,44.04,44.21,43.35,43.71,284000.0
2009-10-09,False,daily,43.51,44.16,43.15,43.73,350300.0,43.51,44.16,43.15,43.73,350300.0
2009-10-08,False,daily,42.9,43.87,42.64,43.47,486200.0,42.9,43.87,42.64,43.47,486200.0
2009-10-07,False,daily,42.48,42.759,41.78,42.71,216800.0,42.48,42.759,41.78,42.71,216800.0
2009-10-06,False,daily,42.14,42.91,41.8,42.52,398100.0,42.14,42.91,41.8,42.52,398100.0
2009-10-05,False,daily,41.67,42.15,41.33,41.75,508500.0,41.67,42.15,41.33,41.75,508500.0
2009-10-02,False,daily,41.02,42.04,40.81,41.52,547600.0,41.02,42.04,40.81,41.52,547600.0
2009-10-01,False,daily,43.11,43.26,41.22,41.46,581300.0,43.11,43.26,41.22,41.46,581300.0
2009-09-30,False,daily,42.88,43.7399,42.39,43.27,391600.0,42.88,43.7399,42.39,43.27,391600.0
2009-09-29,False,daily,43.31,44.13,42.68,42.7,657000.0,43.31,44.13,42.68,42.7,657000.0
2009-09-28,False,daily,42.08,43.29,41.68,43.02,448500.0,42.08,43.29,41.68,43.02,448500.0
2009-09-25,False,daily,42.16,42.69,41.32,41.9,581600.0,42.16,42.69,41.32,41.9,581600.0
2009-09-24,False,daily,43.89,44.18,42.18,42.53,635900.0,43.89,44.18,42.18,42.53,635900.0
2009-09-23,False,daily,43.64,44.625,43.4,43.66,464800.0,43.64,44.625,43.4,43.66,464800.0
2009-09-22,False,daily,42.67,43.43,42.24,43.42,786600.0,42.67,43.43,42.24,43.42,786600.0
2009-09-21,False,daily,43.09,43.3,41.94,42.36,543200.0,43.09,43.3,41.94,42.36,543200.0
2009-09-18,False,daily,43.39,43.7,42.65,43.56,712800.0,43.39,43.7,42.65,43.56,712800.0
2009-09-17,False,daily,43.19,43.78,42.66,43.15,853700.0,43.19,43.78,42.66,43.15,853700.0
2009-09-16,False,daily,42.14,44.34,42.14,44.21,748600.0,42.14,44.34,42.14,44.21,748600.0
2009-09-15,False,daily,40.72,42.1895,40.51,42.09,378800.0,40.72,42.1895,40.51,42.09,378800.0
2009-09-14,False,daily,40.08,40.83,39.62,40.83,336700.0,40.08,40.83,39.62,40.83,336700.0
2009-09-11,False,daily,39.77,40.81,39.32,40.55,389100.0,39.77,40.81,39.32,40.55,389100.0
2009-09-10,False,daily,38.85,39.83,38.56,39.79,293600.0,38.85,39.83,38.56,39.79,293600.0
2009-09-09,False,daily,38.12,39.21,38.12,39.08,665300.0,38.12,39.21,38.12,39.08,665300.0
2009-09-08,False,daily,38.12,38.28,37.64,38.21,348600.0,38.12,38.28,37.64,38.21,348600.0
2009-09-04,False,daily,37.26,37.9,36.83,37.87,254400.0,37.26,37.9,36.83,37.87,254400.0
2009-09-03,False,daily,37.39,37.71,36.73,37.21,347300.0,37.39,37.71,36.73,37.21,347300.0
2009-09-02,False,daily,38.28,38.99,37.1,37.19,367000.0,38.28,38.99,37.1,37.19,367000.0
2009-09-01,False,daily,39.28,40.39,38.1,38.47,561000.0,39.28,40.39,38.1,38.47,561000.0
2009-08-31,False,daily,39.55,39.82,38.78,39.75,442300.0,39.55,39.82,38.78,39.75,442300.0
2009-08-28,False,daily,39.71,40.39,39.51,39.91,463500.0,39.71,40.39,39.51,39.91,463500.0
2009-08-27,False,daily,39.97,40.0,38.75,39.38,453600.0,39.97,40.0,38.75,39.38,453600.0
2009-08-26,False,daily,39.63,40.91,39.15,40.22,396700.0,39.63,40.91,39.15,40.22,396700.0
2009-08-25,False,daily,39.48,40.12,38.81,39.5,365800.0,39.48,40.12,38.81,39.5,365800.0
2009-08-24,False,daily,39.78,40.63,38.83,39.1,442400.0,39.78,40.63,38.83,39.1,442400.0
2009-08-21,False,daily,38.24,39.9,37.91,39.77,554900.0,38.24,39.9,37.91,39.77,554900.0
2009-08-20,False,daily,37.57,38.0,37.19,37.75,279700.0,37.57,38.0,37.19,37.75,279700.0
2009-08-19,False,daily,37.18,37.88,36.81,37.47,262200.0,37.18,37.88,36.81,37.47,262200.0
2009-08-18,False,daily,37.33,38.09,37.16,37.52,208000.0,37.33,38.09,37.16,37.52,208000.0
2009-08-17,False,daily,37.55,37.96,36.86,37.25,820800.0,37.55,37.96,36.86,37.25,820800.0
2009-08-14,False,daily,38.48,38.51,37.45,38.32,341400.0,38.48,38.51,37.45,38.32,341400.0
2009-08-13,False,daily,37.88,38.47,36.25,38.43,543200.0,37.88,38.47,36.25,38.43,543200.0
2009-08-12,False,daily,37.39,38.37,37.21,37.41,497800.0,37.39,38.37,37.21,37.41,497800.0
2009-08-11,False,daily,39.23,39.36,37.21,37.4,575900.0,39.23,39.36,37.21,37.4,575900.0
2009-08-10,False,daily,39.03,39.75,38.9,39.56,493200.0,39.03,39.75,38.9,39.56,493200.0
2009-08-07,False,daily,38.42,39.41,37.99,39.11,851300.0,38.42,39.41,37.99,39.11,851300.0
2009-08-06,False,daily,38.87,39.25,37.36,37.66,672800.0,38.87,39.25,37.36,37.66,672800.0
2009-08-05,False,daily,38.59,39.59,38.12,38.56,469100.0,38.59,39.59,38.12,38.56,469100.0
2009-08-04,False,daily,37.0,38.88,35.99,38.58,941800.0,37.0,38.88,35.99,38.58,941800.0
2009-08-03,False,daily,36.24,37.64,36.23,37.25,880900.0,36.24,37.64,36.23,37.25,880900.0
2009-07-31,False,daily,35.28,35.69,35.15,35.25,430800.0,35.28,35.69,35.15,35.25,430800.0
2009-07-30,False,daily,35.71,35.91,35.02,35.53,502600.0,35.71,35.91,35.02,35.53,502600.0
2009-07-29,False,daily,35.41,36.29,34.77,35.0,717700.0,35.41,36.29,34.77,35.0,717700.0
2009-07-28,False,daily,34.16,36.4601,34.01,35.99,1174900.0,34.16,36.4601,34.01,35.99,1174900.0
2009-07-27,False,daily,31.8,34.84,31.46,34.79,1326700.0,31.8,34.84,31.46,34.79,1326700.0
2009-07-24,False,daily,29.52,32.39,29.45,32.09,1250000.0,29.52,32.39,29.45,32.09,1250000.0
2009-07-23,False,daily,26.42,28.17,26.295,28.09,569900.0,26.42,28.17,26.295,28.09,569900.0
2009-07-22,False,daily,26.0,27.14,25.88,26.58,333000.0,26.0,27.14,25.88,26.58,333000.0
2009-07-21,False,daily,27.3,27.49,25.91,26.27,404200.0,27.3,27.49,25.91,26.27,404200.0
2009-07-20,False,daily,25.57,27.29,25.5,27.2,649100.0,25.57,27.29,25.5,27.2,649100.0
2009-07-17,False,daily,25.96,26.39,25.21,25.44,469300.0,25.96,26.39,25.21,25.44,469300.0
2009-07-16,False,daily,25.44,26.06,24.77,25.88,387100.0,25.44,26.06,24.77,25.88,387100.0
2009-07-15,False,daily,24.94,25.66,24.64,25.58,612600.0,24.94,25.66,24.64,25.58,612600.0
2009-07-14,False,daily,24.54,24.74,24.24,24.44,402300.0,24.54,24.74,24.24,24.44,402300.0
2009-07-13,False,daily,24.21,24.69,23.63,24.47,1288100.0,24.21,24.69,23.63,24.47,1288100.0
2009-07-10,False,daily,24.95,24.9999,23.73,24.0,720700.0,24.95,24.9999,23.73,24.0,720700.0
2009-07-09,False,daily,24.68,25.45,24.66,25.08,425500.0,24.68,25.45,24.66,25.08,425500.0
2009-07-08,False,daily,24.95,25.2998,24.07,24.5,380000.0,24.95,25.2998,24.07,24.5,380000.0
2009-07-07,False,daily,24.9,25.4,24.5,25.02,590600.0,24.9,25.4,24.5,25.02,590600.0
2009-07-06,False,daily,25.39,25.65,24.47,24.84,525500.0,25.39,25.65,24.47,24.84,525500.0
2009-07-03,False,daily,,,,,,,,,,
2009-07-02,False,daily,27.16,27.16,25.37,25.42,603200.0,27.16,27.16,25.37,25.42,603200.0
2009-07-01,False,daily,27.68,27.72,27.18,27.35,212400.0,27.68,27.72,27.18,27.35,212400.0
2009-06-30,False,daily,28.6,28.73,26.63,27.22,535900.0,28.6,28.73,26.63,27.22,535900.0
2009-06-29,False,daily,28.58,28.65,27.45,28.52,224400.0,28.58,28.65,27.45,28.52,224400.0
2009-06-26,False,daily,28.06,28.62,27.48,28.55,884900.0,28.06,28.62,27.48,28.55,884900.0
2009-06-25,False,daily,27.39,28.53,27.13,28.51,261600.0,27.39,28.53,27.13,28.51,261600.0
2009-06-24,False,daily,27.2,28.17,27.14,27.45,444100.0,27.2,28.17,27.14,27.45,444100.0
2009-06-23,False,daily,28.25,28.63,26.89,27.06,479800.0,28.25,28.63,26.89,27.06,479800.0
2009-06-22,False,daily,29.47,29.85,27.82,28.1,422500.0,29.47,29.85,27.82,28.1,422500.0
2009-06-19,False,daily,29.14,29.85,29.04,29.69,484700.0,29.14,29.85,29.04,29.69,484700.0
2009-06-18,False,daily,27.71,29.03,27.71,29.0,402100.0,27.71,29.03,27.71,29.0,402100.0
2009-06-17,False,daily,28.35,28.46,27.23,27.75,541900.0,28.35,28.46,27.23,27.75,541900.0
2009-06-16,False,daily,29.22,29.35,28.19,28.42,356100.0,29.22,29.35,28.19,28.42,356100.0
2009-06-15,False,daily,29.89,30.0,28.685,29.07,700600.0,29.89,30.0,28.685,29.07,700600.0
2009-06-12,False,daily,30.35,30.41,29.64,30.04,665900.0,30.35,30.41,29.64,30.04,665900.0
2009-06-11,False,daily,30.02,31.82,30.02,30.4,709600.0,30.02,31.82,30.02,30.4,709600.0
2009-06-10,False,daily,29.7,30.33,29.59,30.12,491200.0,29.7,30.33,29.59,30.12,491200.0
2009-06-09,False,daily,29.11,29.72,28.89,29.62,460600.0,29.11,29.72,28.89,29.62,460600.0
2009-06-08,False,daily,28.79,29.17,28.44,28.73,474000.0,28.79,29.17,28.44,28.73,474000.0
2009-06-05,False,daily,28.92,29.48,28.04,29.17,907000.0,28.92,29.48,28.04,29.17,907000.0
2009-06-04,False,daily,28.74,29.11,28.16,28.81,687200.0,28.74,29.11,28.16,28.81,687200.0
2009-06-03,False,daily,27.91,28.24,27.82,27.99,478500.0,27.91,28.24,27.82,27.99,478500.0
2009-06-02,False,daily,27.71,28.11,27.42,27.8,535300.0,27.71,28.11,27.42,27.8,535300.0
2009-06-01,False,daily,27.57,27.84,27.15,27.81,662900.0,27.57,27.84,27.15,27.81,662900.0
2009-05-29,False,daily,26.72,26.98,25.99,26.97,442100.0,26.72,26.98,25.99,26.97,442100.0
2009-05-28,False,daily,26.99,27.24,25.96,26.6,403200.0,26.99,27.24,25.96,26.6,403200.0
2009-05-27,False,daily,27.37,27.68,26.64,26.86,359500.0,27.37,27.68,26.64,26.86,359500.0
2009-05-26,False,daily,25.69,27.71,25.6,27.41,367300.0,25.69,27.71,25.6,27.41,367300.0
2009-05-22,False,daily,26.21,26.4599,25.8,25.86,345000.0,26.21,26.4599,25.8,25.86,345000.0
2009-05-21,False,daily,25.0,26.05,24.68,25.93,691000.0,25.0,26.05,24.68,25.93,691000.0
2009-05-20,False,daily,25.52,26.51,25.05,25.21,512000.0,25.52,26.51,25.05,25.21,512000.0
2009-05-19,False,daily,26.47,26.47,25.31,25.42,407900.0,26.47,26.47,25.31,25.42,407900.0
2009-05-18,False,daily,25.7,26.69,25.5,26.54,894600.0,25.7,26.69,25.5,26.54,894600.0
2009-05-15,False,daily,26.69,26.69,25.11,25.34,637200.0,26.69,26.69,25.11,25.34,637200.0
2009-05-14,False,daily,26.38,26.99,26.05,26.78,490800.0,26.38,26.99,26.05,26.78,490800.0
2009-05-13,False,daily,27.24,27.85,26.23,26.31,730300.0,27.24,27.85,26.23,26.31,730300.0
2009-05-12,False,daily,28.75,28.99,27.21,27.84,606000.0,28.75,28.99,27.21,27.84,606000.0
2009-05-11,False,daily,28.31,29.27,28.22,28.62,737100.0,28.31,29.27,28.22,28.62,737100.0
2009-05-08,False,daily,26.93,29.3,26.77,29.24,861400.0,26.93,29.3,26.77,29.24,861400.0
2009-05-07,False,daily,26.77,27.83,25.59,26.31,786400.0,26.77,27.83,25.59,26.31,786400.0
2009-05-06,False,daily,24.1,26.78,23.98,26.657,969400.0,24.1,26.78,23.98,26.657,969400.0
2009-05-05,False,daily,23.26,24.11,23.0,23.82,702200.0,23.26,24.11,23.0,23.82,702200.0
2009-05-04,False,daily,21.21,23.26,20.98,23.17,608300.0,21.21,23.26,20.98,23.17,608300.0
2009-05-01,False,daily,20.83,21.46,20.65,20.8,391800.0,20.83,21.46,20.65,20.8,391800.0
2009-04-30,False,daily,20.81,21.57,20.7,20.76,614200.0,20.81,21.57,20.7,20.76,614200.0
2009-04-29,False,daily,19.74,20.74,19.59,20.51,470200.0,19.74,20.74,19.59,20.51,470200.0
2009-04-28,False,daily,19.58,19.87,18.88,19.48,1002000.0,19.58,19.87,18.88,19.48,1002000.0
2009-04-27,False,daily,21.01,21.2,19.82,19.92,635200.0,21.01,21.2,19.82,19.92,635200.0
2009-04-24,False,daily,20.07,22.65,19.96,21.52,1373200.0,20.07,22.65,19.96,21.52,1373200.0
2009-04-23,False,daily,20.67,20.99,19.67,20.08,1209400.0,20.67,20.99,19.67,20.08,1209400.0
2009-04-22,False,daily,20.32,21.59,20.18,20.34,601000.0,20.32,21.59,20.18,20.34,601000.0
2009-04-21,False,daily,19.04,20.62,18.35,20.58,815800.0,19.04,20.62,18.35,20.58,815800.0
2009-04-20,False,daily,20.48,20.6,19.12,19.21,842000.0,20.48,20.6,19.12,19.21,842000.0
2009-04-17,False,daily,19.39,21.46,18.9,21.16,931200.0,19.39,21.46,18.9,21.16,931200.0
2009-04-16,False,daily,18.92,19.52,18.45,19.3,703700.0,18.92,19.52,18.45,19.3,703700.0
2009-04-15,False,daily,18.17,18.77,17.685,18.65,603500.0,18.17,18.77,17.685,18.65,603500.0
2009-04-14,False,daily,18.06,19.56,18.01,18.2,1153800.0,18.06,19.56,18.01,18.2,1153800.0
2009-04-13,False,daily,17.5,18.52,17.3,18.28,1050700.0,17.5,18.52,17.3,18.28,1050700.0
2009-04-09,False,daily,16.27,18.14,16.25,18.13,1208600.0,16.27,18.14,16.25,18.13,1208600.0
2009-04-08,False,daily,16.56,17.11,15.61,16.0,3921700.0,16.56,17.11,15.61,16.0,3921700.0
2009-04-07,False,daily,20.97,21.24,20.62,20.89,515700.0,20.97,21.24,20.62,20.89,515700.0
2009-04-06,False,daily,21.6,21.69,20.67,21.31,658700.0,21.6,21.69,20.67,21.31,658700.0
2009-04-03,False,daily,21.21,21.92,20.71,21.91,432400.0,21.21,21.92,20.71,21.91,432400.0
2009-04-02,False,daily,20.96,21.47,20.35,21.27,1191800.0,20.96,21.47,20.35,21.27,1191800.0
2009-04-01,False,daily,19.47,20.64,19.19,20.45,894300.0,19.47,20.64,19.19,20.45,894300.0
2009-03-31,False,daily,20.45,20.56,19.28,20.01,880100.0,20.45,20.56,19.28,20.01,880100.0
2009-03-30,False,daily,20.71,20.78,20.05,20.18,850200.0,20.71,20.78,20.05,20.18,850200.0
2009-03-27,False,daily,21.75,21.97,21.23,21.24,1159600.0,21.75,21.97,21.23,21.24,1159600.0
2009-03-26,False,daily,21.53,22.4,21.1575,22.35,807200.0,21.53,22.4,21.1575,22.35,807200.0
2009-03-25,False,daily,20.63,21.69,20.23,21.26,1334800.0,20.63,21.69,20.23,21.26,1334800.0
2009-03-24,False,daily,20.88,20.89,20.07,20.54,1307300.0,20.88,20.89,20.07,20.54,1307300.0
2009-03-23,False,daily,18.92,20.81,18.82,20.81,686700.0,18.92,20.81,18.82,20.81,686700.0
2009-03-20,False,daily,19.51,19.62,18.0,18.31,1259500.0,19.51,19.62,18.0,18.31,1259500.0
2009-03-19,False,daily,20.2,20.58,19.26,19.42,1345900.0,20.2,20.58,19.26,19.42,1345900.0
2009-03-18,False,daily,18.06,20.17,18.06,20.17,1337200.0,18.06,20.17,18.06,20.17,1337200.0
2009-03-17,False,daily,17.18,18.33,16.98,18.33,882200.0,17.18,18.33,16.98,18.33,882200.0
2009-03-16,False,daily,17.24,18.09,16.94,17.1,788300.0,17.24,18.09,16.94,17.1,788300.0
2009-03-13,False,daily,17.6,18.17,16.66,17.0,996900.0,17.6,18.17,16.66,17.0,996900.0
2009-03-12,False,daily,15.55,17.69,15.4,17.53,1420700.0,15.55,17.69,15.4,17.53,1420700.0
2009-03-11,False,daily,14.15,16.0,13.98,15.61,2463100.0,14.15,16.0,13.98,15.61,2463100.0
2009-03-10,False,daily,12.51,14.05,12.51,13.98,1132100.0,12.51,14.05,12.51,13.98,1132100.0
2009-03-09,False,daily,11.91,12.47,11.78,12.15,795900.0,11.91,12.47,11.78,12.15,795900.0
2009-03-06,False,daily,12.13,12.52,11.58,12.06,1080900.0,12.13,12.52,11.58,12.06,1080900.0
2009-03-05,False,daily,13.37,13.62,11.98,12.04,1461400.0,13.37,13.62,11.98,12.04,1461400.0
2009-03-04,False,daily,14.53,14.65,13.15,13.82,1303100.0,14.53,14.65,13.15,13.82,1303100.0
2009-03-03,False,daily,15.65,15.91,13.95,14.16,1614700.0,15.65,15.91,13.95,14.16,1614700.0
2009-03-02,False,daily,16.15,16.35,15.17,15.35,995000.0,16.15,16.35,15.17,15.35,995000.0
2009-02-27,False,daily,16.27,16.89,16.04,16.35,1241200.0,16.27,16.89,16.04,16.35,1241200.0
2009-02-26,False,daily,16.35,17.46,15.95,16.55,1495400.0,16.35,17.46,15.95,16.55,1495400.0
2009-02-25,False,daily,16.49,16.64,14.9,16.11,1134800.0,16.49,16.64,14.9,16.11,1134800.0
2009-02-24,False,daily,15.51,16.65,14.9,16.56,771600.0,15.51,16.65,14.9,16.56,771600.0
2009-02-23,False,daily,16.23,16.61,15.36,15.39,1056800.0,16.23,16.61,15.36,15.39,1056800.0
2009-02-20,False,daily,16.0,16.21,15.06,15.99,1108700.0,16.0,16.21,15.06,15.99,1108700.0
2009-02-19,False,daily,17.73,17.78,16.1,16.2,990800.0,17.73,17.78,16.1,16.2,990800.0
2009-02-18,False,daily,18.65,18.8,17.26,17.52,985000.0,18.65,18.8,17.26,17.52,985000.0
2009-02-17,False,daily,19.15,19.23,18.26,18.29,784800.0,19.15,19.23,18.26,18.29,784800.0
2009-02-13,False,daily,20.42,20.55,19.38,19.61,827600.0,20.42,20.55,19.38,19.61,827600.0
2009-02-12,False,daily,20.51,20.89,19.12,20.42,1030300.0,20.51,20.89,19.12,20.42,1030300.0
2009-02-11,False,daily,20.63,21.59,20.46,21.07,545500.0,20.63,21.59,20.46,21.07,545500.0
2009-02-10,False,daily,23.01,23.01,20.45,20.45,1428500.0,23.01,23.01,20.45,20.45,1428500.0
2009-02-09,False,daily,23.14,23.39,22.66,23.11,885900.0,23.14,23.39,22.66,23.11,885900.0
2009-02-06,False,daily,21.17,23.17,21.13,23.05,1541800.0,21.17,23.17,21.13,23.05,1541800.0
2009-02-05,False,daily,20.15,21.53,19.9,21.01,851600.0,20.15,21.53,19.9,21.01,851600.0
2009-02-04,False,daily,20.38,21.29,20.18,20.44,649800.0,20.38,21.29,20.18,20.44,649800.0
2009-02-03,False,daily,20.58,20.69,19.56,20.26,1418600.0,20.58,20.69,19.56,20.26,1418600.0
2009-02-02,False,daily,20.52,21.66,19.935,20.4,964900.0,20.52,21.66,19.935,20.4,964900.0
2009-01-30,False,daily,21.79,21.86,20.52,20.77,1106200.0,21.79,21.86,20.52,20.77,1106200.0
2009-01-29,False,daily,23.38,23.45,21.45,21.58,755700.0,23.38,23.45,21.45,21.58,755700.0
2009-01-28,False,daily,23.31,24.69,23.02,23.58,1358500.0,23.31,24.69,23.02,23.58,1358500.0
2009-01-27,False,daily,23.59,23.9,22.89,23.16,841900.0,23.59,23.9,22.89,23.16,841900.0
2009-01-26,False,daily,23.88,24.95,22.78,23.43,1020200.0,23.88,24.95,22.78,23.43,1020200.0
2009-01-23,False,daily,20.51,24.01,20.51,23.83,1112600.0,20.51,24.01,20.51,23.83,1112600.0
2009-01-22,False,daily,22.36,23.11,21.34,21.9,1158500.0,22.36,23.11,21.34,21.9,1158500.0
2009-01-21,False,daily,20.22,22.78,20.22,22.68,1118200.0,20.22,22.78,20.22,22.68,1118200.0
2009-01-20,False,daily,21.51,22.41,19.76,20.32,2199800.0,21.51,22.41,19.76,20.32,2199800.0
2009-01-19,False,daily,,,,,,,,,,
2009-01-16,False,daily,22.78,22.92,21.15,22.57,853200.0,22.78,22.92,21.15,22.57,853200.0
2009-01-15,False,daily,23.06,23.48,21.5,22.79,1225200.0,23.06,23.48,21.5,22.79,1225200.0
2009-01-14,False,daily,24.23,24.33,23.04,23.04,678400.0,24.23,24.33,23.04,23.04,678400.0
2009-01-13,False,daily,23.97,25.37,23.2401,25.01,837100.0,23.97,25.37,23.2401,25.01,837100.0
2009-01-12,False,daily,24.63,24.85,23.87,24.0,517100.0,24.63,24.85,23.87,24.0,517100.0
2009-01-09,False,daily,25.88,26.08,24.91,24.95,508900.0,25.88,26.08,24.91,24.95,508900.0
2009-01-08,False,daily,25.13,26.3693,25.03,26.12,573600.0,25.13,26.3693,25.03,26.12,573600.0
2009-01-07,False,daily,25.75,26.32,25.12,25.44,370500.0,25.75,26.32,25.12,25.44,370500.0
2009-01-06,False,daily,25.46,26.48,25.07,26.13,397100.0,25.46,26.48,25.07,26.13,397100.0
2009-01-05,False,daily,25.64,25.89,25.02,25.29,445100.0,25.64,25.89,25.02,25.29,445100.0
2009-01-02,False,daily,26.3,26.3,24.7,25.72,469600.0,26.3,26.3,24.7,25.72,469600.0
2010-12-31,False,daily,53.74,54.14,52.95,53.05,279600.0,53.74,54.14,52.95,53.05,279600.0
2010-12-30,False,daily,54.13,54.16,53.22,53.7,179800.0,54.13,54.16,53.22,53.7,179800.0
2010-12-29,False,daily,53.94,54.17,53.7,54.04,325200.0,53.94,54.17,53.7,54.04,325200.0
2010-12-28,False,daily,53.65,54.03,53.01,53.94,367600.0,53.65,54.03,53.01,53.94,367600.0
2010-12-27,False,daily,52.76,53.81,52.5,53.64,204800.0,52.76,53.81,52.5,53.64,204800.0
2010-12-23,False,daily,53.52,53.78,53.0,53.12,448000.0,53.52,53.78,53.0,53.12,448000.0
2010-12-22,False,daily,53.1,55.7,52.87,54.24,717100.0,53.1,55.7,52.87,54.24,717100.0
2010-12-21,False,daily,51.93,53.2,51.64,52.84,484400.0,51.93,53.2,51.64,52.84,484400.0
2010-12-20,False,daily,51.9,52.41,51.47,51.78,334500.0,51.9,52.41,51.47,51.78,334500.0
2010-12-17,False,daily,51.13,53.19,50.99,51.53,930800.0,51.13,53.19,50.99,51.53,930800.0
2010-12-16,False,daily,50.46,51.4,50.31,51.02,318800.0,50.46,51.4,50.31,51.02,318800.0
2010-12-15,False,daily,50.77,51.95,50.35,50.49,409500.0,50.77,51.95,50.35,50.49,409500.0
2010-12-14,False,daily,51.13,51.44,50.41,50.73,526600.0,51.13,51.44,50.41,50.73,526600.0
2010-12-13,False,daily,51.42,51.43,50.57,50.91,452100.0,51.42,51.43,50.57,50.91,452100.0
2010-12-10,False,daily,50.9,51.2996,50.67,51.2,569800.0,50.9,51.2996,50.67,51.2,569800.0
2010-12-09,False,daily,50.61,51.13,50.03,50.7,739900.0,50.61,51.13,50.03,50.7,739900.0
2010-12-08,False,daily,49.56,50.42,49.56,50.17,347000.0,49.56,50.42,49.56,50.17,347000.0
2010-12-07,False,daily,50.19,50.19,49.17,49.27,454000.0,50.19,50.19,49.17,49.27,454000.0
2010-12-06,False,daily,49.11,49.88,48.74,49.75,306300.0,49.11,49.88,48.74,49.75,306300.0
2010-12-03,False,daily,48.64,49.48,47.81,49.34,401000.0,48.64,49.48,47.81,49.34,401000.0
2010-12-02,False,daily,47.49,49.07,47.05,49.05,541500.0,47.49,49.07,47.05,49.05,541500.0
2010-12-01,False,daily,45.79,47.52,45.79,47.39,583300.0,45.79,47.52,45.79,47.39,583300.0
2010-11-30,False,daily,45.5,45.74,44.9,44.93,381800.0,45.5,45.74,44.9,44.93,381800.0
2010-11-29,False,daily,45.16,46.31,45.11,46.11,182500.0,45.16,46.31,45.11,46.11,182500.0
2010-11-26,False,daily,46.17,46.69,45.45,45.48,120400.0,46.17,46.69,45.45,45.48,120400.0
2010-11-24,False,daily,45.6,46.7,45.6,46.64,356500.0,45.6,46.7,45.6,46.64,356500.0
2010-11-23,False,daily,45.32,45.89,44.99,45.13,396900.0,45.32,45.89,44.99,45.13,396900.0
2010-11-22,False,daily,46.55,46.93,45.77,45.9,428200.0,46.55,46.93,45.77,45.9,428200.0
2010-11-19,False,daily,46.41,46.98,46.1,46.95,432500.0,46.41,46.98,46.1,46.95,432500.0
2010-11-18,False,daily,46.18,46.8,46.15,46.44,245800.0,46.18,46.8,46.15,46.44,245800.0
2010-11-17,False,daily,45.83,46.1225,45.39,45.65,243500.0,45.83,46.1225,45.39,45.65,243500.0
2010-11-16,False,daily,46.52,46.64,45.49,45.74,587100.0,46.52,46.64,45.49,45.74,587100.0
2010-11-15,False,daily,46.35,47.56,46.16,47.07,515500.0,46.35,47.56,46.16,47.07,515500.0
2010-11-12,False,daily,47.04,47.49,46.2,46.22,444400.0,47.04,47.49,46.2,46.22,444400.0
2010-11-11,False,daily,46.77,47.75,46.65,47.63,336800.0,46.77,47.75,46.65,47.63,336800.0
2010-11-10,False,daily,46.49,47.55,46.23,47.42,343400.0,46.49,47.55,46.23,47.42,343400.0
2010-11-09,False,daily,47.25,47.38,46.0,46.33,427500.0,47.25,47.38,46.0,46.33,427500.0
2010-11-08,False,daily,46.99,47.21,45.9601,47.06,493100.0,46.99,47.21,45.9601,47.06,493100.0
2010-11-05,False,daily,45.99,47.19,45.52,47.17,639600.0,45.99,47.19,45.52,47.17,639600.0
2010-11-04,False,daily,45.0,46.0,44.8,45.86,476100.0,45.0,46.0,44.8,45.86,476100.0
2010-11-03,False,daily,43.52,44.42,43.52,44.41,326900.0,43.52,44.42,43.52,44.41,326900.0
2010-11-02,False,daily,43.26,43.92,42.99,43.58,247100.0,43.26,43.92,42.99,43.58,247100.0
2010-11-01,False,daily,43.49,43.76,42.48,42.78,437500.0,43.49,43.76,42.48,42.78,437500.0
2010-10-29,False,daily,43.21,43.6,42.41,43.34,205400.0,43.21,43.6,42.41,43.34,205400.0
2010-10-28,False,daily,43.66,43.92,43.11,43.28,298600.0,43.66,43.92,43.11,43.28,298600.0
2010-10-27,False,daily,43.13,43.96,42.99,43.33,376600.0,43.13,43.96,42.99,43.33,376600.0
2010-10-26,False,daily,43.11,44.13,42.89,43.53,534900.0,43.11,44.13,42.89,43.53,534900.0
2010-10-25,False,daily,44.49,44.9,43.26,43.31,422400.0,44.49,44.9,43.26,43.31,422400.0
2010-10-22,False,daily,43.9,45.27,43.79,44.29,721900.0,43.9,45.27,43.79,44.29,721900.0
2010-10-21,False,daily,44.47,45.1,43.49,43.84,532300.0,44.47,45.1,43.49,43.84,532300.0
2010-10-20,False,daily,44.41,44.64,43.74,44.39,412400.0,44.41,44.64,43.74,44.39,412400.0
2010-10-19,False,daily,44.77,45.565,44.11,44.27,593000.0,44.77,45.565,44.11,44.27,593000.0
2010-10-18,False,daily,43.95,45.54,43.85,45.48,485100.0,43.95,45.54,43.85,45.48,485100.0
2010-10-15,False,daily,45.47,45.96,43.9,43.93,540400.0,45.47,45.96,43.9,43.93,540400.0
2010-10-14,False,daily,45.33,45.61,44.47,44.84,742000.0,45.33,45.61,44.47,44.84,742000.0
2010-10-13,False,daily,44.81,46.58,44.4,45.54,878900.0,44.81,46.58,44.4,45.54,878900.0
2010-10-12,False,daily,44.37,44.73,43.84,44.57,458300.0,44.37,44.73,43.84,44.57,458300.0
2010-10-11,False,daily,44.46,44.7099,44.16,44.46,375600.0,44.46,44.7099,44.16,44.46,375600.0
2010-10-08,False,daily,43.73,44.79,43.56,44.55,542600.0,43.73,44.79,43.56,44.55,542600.0
2010-10-07,False,daily,43.91,44.18,43.14,43.78,521600.0,43.91,44.18,43.14,43.78,521600.0
2010-10-06,False,daily,43.56,43.7983,43.265,43.55,489500.0,43.56,43.7983,43.265,43.55,489500.0
2010-10-05,False,daily,42.78,43.58,42.27,43.5,579300.0,42.78,43.58,42.27,43.5,579300.0
2010-10-04,False,daily,42.04,42.5994,41.88,42.37,691600.0,42.04,42.5994,41.88,42.37,691600.0
2010-10-01,False,daily,42.62,42.68,41.48,42.19,524800.0,42.62,42.68,41.48,42.19,524800.0
2010-09-30,False,daily,41.75,42.94,41.6,42.32,898100.0,41.75,42.94,41.6,42.32,898100.0
2010-09-29,False,daily,40.55,41.58,40.13,41.41,426300.0,40.55,41.58,40.13,41.41,426300.0
2010-09-28,False,daily,40.42,40.99,39.4709,40.85,276600.0,40.42,40.99,39.4709,40.85,276600.0
2010-09-27,False,daily,40.53,40.885,39.98,40.16,438400.0,40.53,40.885,39.98,40.16,438400.0
2010-09-24,False,daily,39.69,40.56,39.14,40.54,492500.0,39.69,40.56,39.14,40.54,492500.0
2010-09-23,False,daily,39.47,40.26,38.99,39.02,610400.0,39.47,40.26,38.99,39.02,610400.0
2010-09-22,False,daily,40.85,41.39,39.68,39.84,579700.0,40.85,41.39,39.68,39.84,579700.0
2010-09-21,False,daily,41.74,42.15,41.06,41.12,298300.0,41.74,42.15,41.06,41.12,298300.0
2010-09-20,False,daily,40.35,41.74,39.9,41.7,394600.0,40.35,41.74,39.9,41.7,394600.0
2010-09-17,False,daily,40.85,40.85,39.78,40.23,321500.0,40.85,40.85,39.78,40.23,321500.0
2010-09-16,False,daily,41.09,41.09,40.03,40.49,214800.0,41.09,41.09,40.03,40.49,214800.0
2010-09-15,False,daily,40.8,41.41,40.4,41.24,199200.0,40.8,41.41,40.4,41.24,199200.0
2010-09-14,False,daily,42.04,42.04,40.71,41.02,264700.0,42.04,42.04,40.71,41.02,264700.0
2010-09-13,False,daily,40.77,42.2,40.65,42.05,423200.0,40.77,42.2,40.65,42.05,423200.0
2010-09-10,False,daily,39.66,40.34,39.62,40.13,456300.0,39.66,40.34,39.62,40.13,456300.0
2010-09-09,False,daily,40.49,40.619,39.37,39.63,252900.0,40.49,40.619,39.37,39.63,252900.0
2010-09-08,False,daily,39.83,40.38,39.7,39.82,272600.0,39.83,40.38,39.7,39.82,272600.0
2010-09-07,False,daily,40.39,40.4,39.17,39.71,402400.0,40.39,40.4,39.17,39.71,402400.0
2010-09-03,False,daily,39.99,41.0,39.87,40.7,437500.0,39.99,41.0,39.87,40.7,437500.0
2010-09-02,False,daily,39.56,39.58,39.11,39.47,251000.0,39.56,39.58,39.11,39.47,251000.0
2010-09-01,False,daily,37.87,39.66,37.66,39.59,739300.0,37.87,39.66,37.66,39.59,739300.0
2010-08-31,False,daily,36.82,37.76,36.76,37.17,338400.0,36.82,37.76,36.76,37.17,338400.0
2010-08-30,False,daily,38.59,38.59,36.88,36.95,352500.0,38.59,38.59,36.88,36.95,352500.0
2010-08-27,False,daily,38.46,38.77,37.33,38.71,512200.0,38.46,38.77,37.33,38.71,512200.0
2010-08-26,False,daily,37.21,38.62,37.2,38.015,653100.0,37.21,38.62,37.2,38.015,653100.0
2010-08-25,False,daily,37.01,37.44,36.72,37.15,511300.0,37.01,37.44,36.72,37.15,511300.0
2010-08-24,False,daily,37.88,37.95,37.09,37.29,692500.0,37.88,37.95,37.09,37.29,692500.0
2010-08-23,False,daily,39.79,39.86,38.11,38.12,454800.0,39.79,39.86,38.11,38.12,454800.0
2010-08-20,False,daily,39.05,39.59,38.75,39.42,412500.0,39.05,39.59,38.75,39.42,412500.0
2010-08-19,False,daily,40.03,40.28,38.99,39.34,601400.0,40.03,40.28,38.99,39.34,601400.0
2010-08-18,False,daily,40.97,40.97,40.23,40.38,317000.0,40.97,40.97,40.23,40.38,317000.0
2010-08-17,False,daily,40.34,41.0497,39.98,40.93,435300.0,40.34,41.0497,39.98,40.93,435300.0
2010-08-16,False,daily,39.32,40.14,39.31,39.97,228200.0,39.32,40.14,39.31,39.97,228200.0
2010-08-13,False,daily,40.21,40.72,39.52,39.58,343900.0,40.21,40.72,39.52,39.58,343900.0
2010-08-12,False,daily,39.94,40.99,39.92,40.48,483100.0,39.94,40.99,39.92,40.48,483100.0
2010-08-11,False,daily,41.55,41.81,40.47,40.53,535500.0,41.55,41.81,40.47,40.53,535500.0
2010-08-10,False,daily,42.54,43.31,42.27,42.43,483400.0,42.54,43.31,42.27,42.43,483400.0
2010-08-09,False,daily,42.91,43.29,41.995,43.23,318800.0,42.91,43.29,41.995,43.23,318800.0
2010-08-06,False,daily,42.3,42.52,41.71,42.48,339500.0,42.3,42.52,41.71,42.48,339500.0
2010-08-05,False,daily,43.47,43.47,42.35,42.85,350900.0,43.47,43.47,42.35,42.85,350900.0
2010-08-04,False,daily,43.51,44.15,43.41,43.77,464600.0,43.51,44.15,43.41,43.77,464600.0
2010-08-03,False,daily,43.1,44.3,43.03,43.39,399100.0,43.1,44.3,43.03,43.39,399100.0
2010-08-02,False,daily,43.95,44.24,43.35,43.44,483700.0,43.95,44.24,43.35,43.44,483700.0
2010-07-30,False,daily,43.16,43.84,42.7,43.19,733300.0,43.16,43.84,42.7,43.19,733300.0
2010-07-29,False,daily,44.92,45.21,43.52,43.93,609000.0,44.92,45.21,43.52,43.93,609000.0
2010-07-28,False,daily,44.97,45.34,44.27,44.62,359100.0,44.97,45.34,44.27,44.62,359100.0
2010-07-27,False,daily,45.47,46.17,45.04,45.19,570500.0,45.47,46.17,45.04,45.19,570500.0
2010-07-26,False,daily,45.22,45.89,44.64,45.11,776200.0,45.22,45.89,44.64,45.11,776200.0
2010-07-23,False,daily,40.23,45.16,40.12,44.99,2115900.0,40.23,45.16,40.12,44.99,2115900.0
2010-07-22,False,daily,39.26,40.46,38.642,40.09,797400.0,39.26,40.46,38.642,40.09,797400.0
2010-07-21,False,daily,40.25,40.71,38.55,38.57,531800.0,40.25,40.71,38.55,38.57,531800.0
2010-07-20,False,daily,39.2,40.13,38.77,40.1,405600.0,39.2,40.13,38.77,40.1,405600.0
2010-07-19,False,daily,40.47,40.7,39.39,39.9,352300.0,40.47,40.7,39.39,39.9,352300.0
2010-07-16,False,daily,41.42,41.49,39.97,40.21,524100.0,41.42,41.49,39.97,40.21,524100.0
2010-07-15,False,daily,42.76,42.83,41.21,41.83,468100.0,42.76,42.83,41.21,41.83,468100.0
2010-07-14,False,daily,42.74,42.98,42.27,42.67,530500.0,42.74,42.98,42.27,42.67,530500.0
2010-07-13,False,daily,42.34,43.2,41.96,42.99,529100.0,42.34,43.2,41.96,42.99,529100.0
2010-07-12,False,daily,41.85,42.33,41.42,41.89,327200.0,41.85,42.33,41.42,41.89,327200.0
2010-07-09,False,daily,41.5,42.16,41.22,42.1,420200.0,41.5,42.16,41.22,42.1,420200.0
2010-07-08,False,daily,41.71,42.06,40.83,41.48,344500.0,41.71,42.06,40.83,41.48,344500.0
2010-07-07,False,daily,40.0,41.54,39.65,41.46,403300.0,40.0,41.54,39.65,41.46,403300.0
2010-07-06,False,daily,39.86,40.56,39.58,39.89,550300.0,39.86,40.56,39.58,39.89,550300.0
2010-07-02,False,daily,40.45,40.45,39.14,39.36,718500.0,40.45,40.45,39.14,39.36,718500.0
2010-07-01,False,daily,41.1,41.24,38.26,40.31,1101400.0,41.1,41.24,38.26,40.31,1101400.0
2010-06-30,False,daily,41.27,42.05,41.12,41.23,638400.0,41.27,42.05,41.12,41.23,638400.0
2010-06-29,False,daily,43.46,43.58,41.15,41.42,820700.0,43.46,43.58,41.15,41.42,820700.0
2010-06-28,False,daily,44.07,44.52,43.55,44.23,311200.0,44.07,44.52,43.55,44.23,311200.0
2010-06-25,False,daily,43.23,44.28,42.79,44.22,700100.0,43.23,44.28,42.79,44.22,700100.0
2010-06-24,False,daily,43.49,43.98,42.64,43.04,337600.0,43.49,43.98,42.64,43.04,337600.0
2010-06-23,False,daily,44.1,44.53,43.22,43.8,394500.0,44.1,44.53,43.22,43.8,394500.0
2010-06-22,False,daily,44.59,45.74,44.07,44.23,461900.0,44.59,45.74,44.07,44.23,461900.0
2010-06-21,False,daily,45.25,45.37,44.19,44.39,249500.0,45.25,45.37,44.19,44.39,249500.0
2010-06-18,False,daily,44.88,44.94,44.24,44.87,411900.0,44.88,44.94,44.24,44.87,411900.0
2010-06-17,False,daily,44.7,44.98,44.1,44.67,295600.0,44.7,44.98,44.1,44.67,295600.0
2010-06-16,False,daily,44.66,45.14,44.5,44.6,246000.0,44.66,45.14,44.5,44.6,246000.0
2010-06-15,False,daily,44.23,45.29,43.73,45.15,405600.0,44.23,45.29,43.73,45.15,405600.0
2010-06-14,False,daily,43.44,44.69,43.23,43.81,414200.0,43.44,44.69,43.23,43.81,414200.0
2010-06-11,False,daily,42.07,43.09,42.07,43.06,291800.0,42.07,43.09,42.07,43.06,291800.0
2010-06-10,False,daily,42.18,42.83,42.01,42.73,283400.0,42.18,42.83,42.01,42.73,283400.0
2010-06-09,False,daily,42.48,42.8,41.17,41.44,519000.0,42.48,42.8,41.17,41.44,519000.0
2010-06-08,False,daily,41.75,42.33,40.78,42.24,586800.0,41.75,42.33,40.78,42.24,586800.0
2010-06-07,False,daily,41.97,42.53,41.55,41.68,574100.0,41.97,42.53,41.55,41.68,574100.0
2010-06-04,False,daily,44.22,44.22,41.87,41.92,921300.0,44.22,44.22,41.87,41.92,921300.0
2010-06-03,False,daily,45.08,45.53,44.57,44.78,425000.0,45.08,45.53,44.57,44.78,425000.0
2010-06-02,False,daily,43.39,45.29,43.27,45.25,359200.0,43.39,45.29,43.27,45.25,359200.0
2010-06-01,False,daily,44.5,44.71,43.17,43.18,465800.0,44.5,44.71,43.17,43.18,465800.0
2010-05-28,False,daily,46.84,46.84,44.49,44.86,723900.0,46.84,46.84,44.49,44.86,723900.0
2010-05-27,False,daily,44.67,45.9,44.23,45.87,485500.0,44.67,45.9,44.23,45.87,485500.0
2010-05-26,False,daily,43.44,44.79,43.34,43.86,874500.0,43.44,44.79,43.34,43.86,874500.0
2010-05-25,False,daily,43.16,43.38,41.81,43.29,1251100.0,43.16,43.38,41.81,43.29,1251100.0
2010-05-24,False,daily,44.26,44.9,43.5965,44.11,621600.0,44.26,44.9,43.5965,44.11,621600.0
2010-05-21,False,daily,43.12,44.695,42.56,44.39,1034000.0,43.12,44.695,42.56,44.39,1034000.0
2010-05-20,False,daily,45.78,46.43,43.16,43.28,1186900.0,45.78,46.43,43.16,43.28,1186900.0
2010-05-19,False,daily,46.5,47.39,45.91,46.73,799900.0,46.5,47.39,45.91,46.73,799900.0
2010-05-18,False,daily,47.65,47.865,45.82,46.27,724900.0,47.65,47.865,45.82,46.27,724900.0
2010-05-17,False,daily,47.7,48.24,46.05,46.92,803900.0,47.7,48.24,46.05,46.92,803900.0
2010-05-14,False,daily,49.57,49.72,47.0,47.53,923600.0,49.57,49.72,47.0,47.53,923600.0
2010-05-13,False,daily,49.78,50.5,49.51,50.02,407200.0,49.78,50.5,49.51,50.02,407200.0
2010-05-12,False,daily,48.97,50.57,48.59,50.06,589400.0,48.97,50.57,48.59,50.06,589400.0
2010-05-11,False,daily,48.69,50.74,48.42,50.09,811900.0,48.69,50.74,48.42,50.09,811900.0
2010-05-10,False,daily,47.67,49.52,47.49,49.48,991500.0,47.67,49.52,47.49,49.48,991500.0
2010-05-07,False,daily,46.22,46.76,44.71,45.79,769700.0,46.22,46.76,44.71,45.79,769700.0
2010-05-06,False,daily,47.46,48.1,44.26,46.52,817200.0,47.46,48.1,44.26,46.52,817200.0
2010-05-05,False,daily,46.41,47.7,45.76,47.67,485300.0,46.41,47.7,45.76,47.67,485300.0
2010-05-04,False,daily,48.31,48.31,46.79,47.14,468300.0,48.31,48.31,46.79,47.14,468300.0
2010-05-03,False,daily,49.41,49.72,48.55,48.83,488800.0,49.41,49.72,48.55,48.83,488800.0
2010-04-30,False,daily,50.7,51.0,49.18,49.18,338200.0,50.7,51.0,49.18,49.18,338200.0
2010-04-29,False,daily,50.0,51.0,49.24,50.76,368700.0,50.0,51.0,49.24,50.76,368700.0
2010-04-28,False,daily,50.2,50.69,49.37,49.6,263100.0,50.2,50.69,49.37,49.6,263100.0
2010-04-27,False,daily,50.83,52.0,49.53,49.83,441300.0,50.83,52.0,49.53,49.83,441300.0
2010-04-26,False,daily,51.63,52.28,51.26,51.3,393800.0,51.63,52.28,51.26,51.3,393800.0
2010-04-23,False,daily,50.74,52.16,48.99,51.66,738300.0,50.74,52.16,48.99,51.66,738300.0
2010-04-22,False,daily,49.86,51.14,49.62,50.82,557200.0,49.86,51.14,49.62,50.82,557200.0
2010-04-21,False,daily,49.07,50.71,49.07,50.45,793000.0,49.07,50.71,49.07,50.45,793000.0
2010-04-20,False,daily,48.24,49.14,47.92,49.04,277500.0,48.24,49.14,47.92,49.04,277500.0
2010-04-19,False,daily,48.25,48.56,47.31,48.0,511600.0,48.25,48.56,47.31,48.0,511600.0
2010-04-16,False,daily,49.36,49.36,48.07,48.6,458600.0,49.36,49.36,48.07,48.6,458600.0
2010-04-15,False,daily,49.38,49.74,49.13,49.42,339700.0,49.38,49.74,49.13,49.42,339700.0
2010-04-14,False,daily,49.41,49.47,48.93,49.23,537100.0,49.41,49.47,48.93,49.23,537100.0
2010-04-13,False,daily,48.67,49.28,47.96,49.06,285500.0,48.67,49.28,47.96,49.06,285500.0
2010-04-12,False,daily,48.72,49.2,48.13,48.92,373700.0,48.72,49.2,48.13,48.92,373700.0
2010-04-09,False,daily,49.43,49.43,48.44,48.98,428500.0,49.43,49.43,48.44,48.98,428500.0
2010-04-08,False,daily,48.72,49.46,47.79,49.29,262700.0,48.72,49.46,47.79,49.29,262700.0
2010-04-07,False,daily,49.2,49.68,48.6,48.92,487800.0,49.2,49.68,48.6,48.92,487800.0
2010-04-06,False,daily,47.24,49.78,46.85,49.2,772600.0,47.24,49.78,46.85,49.2,772600.0
2010-04-05,False,daily,47.11,47.6,46.91,47.27,405300.0,47.11,47.6,46.91,47.27,405300.0
2010-04-01,False,daily,47.01,47.89,46.25,47.0,165500.0,47.01,47.89,46.25,47.0,165500.0
2010-03-31,False,daily,46.85,47.74,46.62,46.66,303000.0,46.85,47.74,46.62,46.66,303000.0
2010-03-30,False,daily,46.6,47.43,46.6,47.18,328500.0,46.6,47.43,46.6,47.18,328500.0
2010-03-29,False,daily,46.78,47.24,46.36,46.51,306900.0,46.78,47.24,46.36,46.51,306900.0
2010-03-26,False,daily,47.35,47.62,46.23,46.44,290500.0,47.35,47.62,46.23,46.44,290500.0
2010-03-25,False,daily,48.33,48.71,47.0,47.02,428700.0,48.33,48.71,47.0,47.02,428700.0
2010-03-24,False,daily,48.23,48.25,47.67,48.02,241300.0,48.23,48.25,47.67,48.02,241300.0
2010-03-23,False,daily,47.21,48.43,46.675,48.38,439600.0,47.21,48.43,46.675,48.38,439600.0
2010-03-22,False,daily,46.39,47.5,46.27,47.11,387600.0,46.39,47.5,46.27,47.11,387600.0
2010-03-19,False,daily,46.98,47.3499,45.93,46.59,465500.0,46.98,47.3499,45.93,46.59,465500.0
2010-03-18,False,daily,47.44,47.49,46.57,46.76,258200.0,47.44,47.49,46.57,46.76,258200.0
2010-03-17,False,daily,46.85,47.47,46.85,47.45,348800.0,46.85,47.47,46.85,47.45,348800.0
2010-03-16,False,daily,46.23,46.77,46.08,46.77,307200.0,46.23,46.77,46.08,46.77,307200.0
2010-03-15,False,daily,46.06,46.41,45.79,46.2,352800.0,46.06,46.41,45.79,46.2,352800.0
2010-03-12,False,daily,46.75,46.75,45.72,46.03,296400.0,46.75,46.75,45.72,46.03,296400.0
2010-03-11,False,daily,45.84,46.44,45.65,46.42,351500.0,45.84,46.44,45.65,46.42,351500.0
2010-03-10,False,daily,45.54,46.12,45.39,46.1,425200.0,45.54,46.12,45.39,46.1,425200.0
2010-03-09,False,daily,46.55,46.565,45.34,45.43,628000.0,46.55,46.565,45.34,45.43,628000.0
2010-03-08,False,daily,46.93,47.16,46.55,46.89,390000.0,46.93,47.16,46.55,46.89,390000.0
2010-03-05,False,daily,46.27,47.5,45.97,47.1,568300.0,46.27,47.5,45.97,47.1,568300.0
2010-03-04,False,daily,45.99,46.49,45.76,45.88,551700.0,45.99,46.49,45.76,45.88,551700.0
2010-03-03,False,daily,45.64,46.49,45.56,46.28,492500.0,45.64,46.49,45.56,46.28,492500.0
2010-03-02,False,daily,45.0,46.11,44.77,45.71,478500.0,45.0,46.11,44.77,45.71,478500.0
2010-03-01,False,daily,44.71,45.24,44.46,45.02,457300.0,44.71,45.24,44.46,45.02,457300.0
2010-02-26,False,daily,44.47,44.75,44.13,44.56,414800.0,44.47,44.75,44.13,44.56,414800.0
2010-02-25,False,daily,43.74,44.63,43.74,44.56,543700.0,43.74,44.63,43.74,44.56,543700.0
2010-02-24,False,daily,43.51,44.85,43.143,44.72,658900.0,43.51,44.85,43.143,44.72,658900.0
2010-02-23,False,daily,43.52,43.92,43.27,43.31,619400.0,43.52,43.92,43.27,43.31,619400.0
2010-02-22,False,daily,43.11,44.0,43.11,43.75,478400.0,43.11,44.0,43.11,43.75,478400.0
2010-02-19,False,daily,41.85,43.165,41.77,43.09,536400.0,41.85,43.165,41.77,43.09,536400.0
2010-02-18,False,daily,41.98,42.32,41.67,41.82,614900.0,41.98,42.32,41.67,41.82,614900.0
2010-02-17,False,daily,41.98,42.2,41.53,41.95,331500.0,41.98,42.2,41.53,41.95,331500.0
2010-02-16,False,daily,40.77,41.88,40.44,41.87,376300.0,40.77,41.88,40.44,41.87,376300.0
2010-02-12,False,daily,40.01,40.77,39.75,40.6,549200.0,40.01,40.77,39.75,40.6,549200.0
2010-02-11,False,daily,40.01,40.49,39.5,40.23,701800.0,40.01,40.49,39.5,40.23,701800.0
2010-02-10,False,daily,40.78,40.93,39.8,40.24,1334200.0,40.78,40.93,39.8,40.24,1334200.0
2010-02-09,False,daily,42.02,42.33,40.78,40.92,863500.0,42.02,42.33,40.78,40.92,863500.0
2010-02-08,False,daily,41.28,41.91,40.48,41.48,649100.0,41.28,41.91,40.48,41.48,649100.0
2010-02-05,False,daily,41.74,42.62,40.43,41.28,575600.0,41.74,42.62,40.43,41.28,575600.0
2010-02-04,False,daily,43.09,43.1,41.36,41.74,488400.0,43.09,43.1,41.36,41.74,488400.0
2010-02-03,False,daily,43.94,44.65,42.66,43.59,610000.0,43.94,44.65,42.66,43.59,610000.0
2010-02-02,False,daily,43.48,43.59,42.62,43.07,522400.0,43.48,43.59,42.62,43.07,522400.0
2010-02-01,False,daily,43.59,44.2,43.1,43.62,325700.0,43.59,44.2,43.1,43.62,325700.0
2010-01-29,False,daily,44.12,44.49,42.93,43.39,559900.0,44.12,44.49,42.93,43.39,559900.0
2010-01-28,False,daily,44.94,45.37,43.45,44.07,644100.0,44.94,45.37,43.45,44.07,644100.0
2010-01-27,False,daily,43.87,44.89,43.34,44.71,492900.0,43.87,44.89,43.34,44.71,492900.0
2010-01-26,False,daily,44.87,45.8,43.98,44.17,436500.0,44.87,45.8,43.98,44.17,436500.0
2010-01-25,False,daily,45.74,46.24,44.3,44.87,471900.0,45.74,46.24,44.3,44.87,471900.0
2010-01-22,False,daily,47.43,47.79,44.3,45.19,1267900.0,47.43,47.79,44.3,45.19,1267900.0
2010-01-21,False,daily,47.08,47.96,46.66,47.39,1153200.0,47.08,47.96,46.66,47.39,1153200.0
2010-01-20,False,daily,46.16,47.2,45.9,47.04,790700.0,46.16,47.2,45.9,47.04,790700.0
2010-01-19,False,daily,45.95,46.63,45.55,46.41,485600.0,45.95,46.63,45.55,46.41,485600.0
2010-01-18,False,daily,,,,,,,,,,
2010-01-15,False,daily,46.83,46.83,44.84,45.99,559200.0,46.83,46.83,44.84,45.99,559200.0
2010-01-14,False,daily,46.42,47.33,46.35,46.77,595500.0,46.42,47.33,46.35,46.77,595500.0
2010-01-13,False,daily,46.72,46.78,45.62,46.47,572600.0,46.72,46.78,45.62,46.47,572600.0
2010-01-12,False,daily,46.88,47.97,45.73,46.38,799400.0,46.88,47.97,45.73,46.38,799400.0
2010-01-11,False,daily,47.78,47.94,46.86,47.21,381200.0,47.78,47.94,46.86,47.21,381200.0
2010-01-08,False,daily,45.26,47.85,44.92,47.59,1309200.0,45.26,47.85,44.92,47.59,1309200.0
2010-01-07,False,daily,42.82,44.93,42.82,44.69,685600.0,42.82,44.93,42.82,44.69,685600.0
2010-01-06,False,daily,42.58,43.35,42.45,42.93,575000.0,42.58,43.35,42.45,42.93,575000.0
2010-01-05,False,daily,42.98,43.12,42.37,42.58,510900.0,42.98,43.12,42.37,42.58,510900.0
2010-01-04,False,daily,42.01,43.41,41.74,42.98,463200.0,42.01,43.41,41.74,42.98,463200.0
2011-12-30,False,daily,47.82,48.11,47.59,47.69,165000.0,47.82,48.11,47.59,47.69,165000.0
2011-12-29,False,daily,47.2,48.12,46.87,47.98,151000.0,47.2,48.12,46.87,47.98,151000.0
2011-12-28,False,daily,48.12,48.28,46.84,47.0,169400.0,48.12,48.28,46.84,47.0,169400.0
2011-12-27,False,daily,47.58,48.39,47.41,48.1,161500.0,47.58,48.39,47.41,48.1,161500.0
2011-12-23,False,daily,48.68,48.68,47.67,47.78,179900.0,48.68,48.68,47.67,47.78,179900.0
2011-12-22,False,daily,46.99,49.13,46.55,48.45,461600.0,46.99,49.13,46.55,48.45,461600.0
2011-12-21,False,daily,46.4,47.1,45.79,46.94,284400.0,46.4,47.1,45.79,46.94,284400.0
2011-12-20,False,daily,45.16,46.81,45.16,46.51,269000.0,45.16,46.81,45.16,46.51,269000.0
2011-12-19,False,daily,45.49,45.67,43.91,44.08,257200.0,45.49,45.67,43.91,44.08,257200.0
2011-12-16,False,daily,45.05,46.67,44.91,45.08,664500.0,45.05,46.67,44.91,45.08,664500.0
2011-12-15,False,daily,45.59,45.74,44.54,44.82,382700.0,45.59,45.74,44.54,44.82,382700.0
2011-12-14,False,daily,45.72,45.8,44.45,44.82,433100.0,45.72,45.8,44.45,44.82,433100.0
2011-12-13,False,daily,47.29,47.79,45.22,45.58,433300.0,47.29,47.79,45.22,45.58,433300.0
2011-12-12,False,daily,46.55,46.8,45.96,46.75,284600.0,46.55,46.8,45.96,46.75,284600.0
2011-12-09,False,daily,46.16,47.61,46.03,47.32,223500.0,46.16,47.61,46.03,47.32,223500.0
2011-12-08,False,daily,46.76,46.9165,45.65,45.73,372200.0,46.76,46.9165,45.65,45.73,372200.0
2011-12-07,False,daily,46.48,47.6,46.15,47.34,233600.0,46.48,47.6,46.15,47.34,233600.0
2011-12-06,False,daily,47.27,47.4,46.56,46.96,251100.0,47.27,47.4,46.56,46.96,251100.0
2011-12-05,False,daily,47.0,47.96,46.46,47.4,341200.0,47.0,47.96,46.46,47.4,341200.0
2011-12-02,False,daily,46.59,47.06,45.81,46.14,289600.0,46.59,47.06,45.81,46.14,289600.0
2011-12-01,False,daily,46.66,47.2,45.86,45.89,371000.0,46.66,47.2,45.86,45.89,371000.0
2011-11-30,False,daily,44.2,47.13,43.74,47.04,557600.0,44.2,47.13,43.74,47.04,557600.0
2011-11-29,False,daily,43.11,43.48,42.43,42.62,296400.0,43.11,43.48,42.43,42.62,296400.0
2011-11-28,False,daily,42.67,43.4,42.49,43.1,357900.0,42.67,43.4,42.49,43.1,357900.0
2011-11-25,False,daily,41.26,42.47,41.03,41.94,205400.0,41.26,42.47,41.03,41.94,205400.0
2011-11-23,False,daily,42.55,42.77,41.14,41.31,352100.0,42.55,42.77,41.14,41.31,352100.0
2011-11-22,False,daily,43.14,43.49,42.18,43.05,362700.0,43.14,43.49,42.18,43.05,362700.0
2011-11-21,False,daily,43.34,43.49,42.55,43.2,339000.0,43.34,43.49,42.55,43.2,339000.0
2011-11-18,False,daily,44.13,44.65,43.78,44.19,256400.0,44.13,44.65,43.78,44.19,256400.0
2011-11-17,False,daily,44.86,45.66,43.66,44.29,363000.0,44.86,45.66,43.66,44.29,363000.0
2011-11-16,False,daily,45.24,46.56,44.88,45.03,258400.0,45.24,46.56,44.88,45.03,258400.0
2011-11-15,False,daily,44.75,46.085,44.49,45.81,353700.0,44.75,46.085,44.49,45.81,353700.0
2011-11-14,False,daily,46.06,46.3225,44.53,45.02,275800.0,46.06,46.3225,44.53,45.02,275800.0
2011-11-11,False,daily,45.74,46.6999,45.575,46.39,342800.0,45.74,46.6999,45.575,46.39,342800.0
2011-11-10,False,daily,45.43,45.92,44.99,45.28,348700.0,45.43,45.92,44.99,45.28,348700.0
2011-11-09,False,daily,46.26,46.53,44.25,44.53,509700.0,46.26,46.53,44.25,44.53,509700.0
2011-11-08,False,daily,47.08,48.03,46.24,47.78,518600.0,47.08,48.03,46.24,47.78,518600.0
2011-11-07,False,daily,46.55,46.96,45.06,46.62,389900.0,46.55,46.96,45.06,46.62,389900.0
2011-11-04,False,daily,46.72,47.568,45.58,46.59,325300.0,46.72,47.568,45.58,46.59,325300.0
2011-11-03,False,daily,46.74,47.5,45.13,47.24,414100.0,46.74,47.5,45.13,47.24,414100.0
2011-11-02,False,daily,45.29,46.4,44.8,46.05,516100.0,45.29,46.4,44.8,46.05,516100.0
2011-11-01,False,daily,43.91,45.84,43.51,44.36,754100.0,43.91,45.84,43.51,44.36,754100.0
2011-10-31,False,daily,46.46,47.47,45.74,45.94,417400.0,46.46,47.47,45.74,45.94,417400.0
2011-10-28,False,daily,48.34,48.5,47.16,47.46,384700.0,48.34,48.5,47.16,47.46,384700.0
2011-10-27,False,daily,45.81,49.15,45.81,48.32,1027800.0,45.81,49.15,45.81,48.32,1027800.0
2011-10-26,False,daily,45.66,46.071,44.41,45.25,751600.0,45.66,46.071,44.41,45.25,751600.0
2011-10-25,False,daily,46.26,46.58,44.8,44.85,1016700.0,46.26,46.58,44.8,44.85,1016700.0
2011-10-24,False,daily,45.97,47.37,45.53,46.93,794900.0,45.97,47.37,45.53,46.93,794900.0
2011-10-21,False,daily,43.0,47.1,42.76,46.05,3516100.0,43.0,47.1,42.76,46.05,3516100.0
2011-10-20,False,daily,41.51,42.2,40.15,41.51,832900.0,41.51,42.2,40.15,41.51,832900.0
2011-10-19,False,daily,41.09,42.44,40.77,41.5,703600.0,41.09,42.44,40.77,41.5,703600.0
2011-10-18,False,daily,39.77,42.11,39.29,41.23,629200.0,39.77,42.11,39.29,41.23,629200.0
2011-10-17,False,daily,40.51,40.94,39.25,39.4,619100.0,40.51,40.94,39.25,39.4,619100.0
2011-10-14,False,daily,41.76,42.425,40.35,40.97,533100.0,41.76,42.425,40.35,40.97,533100.0
2011-10-13,False,daily,42.06,42.07,40.2,41.39,437700.0,42.06,42.07,40.2,41.39,437700.0
2011-10-12,False,daily,41.84,43.05,41.76,42.45,643900.0,41.84,43.05,41.76,42.45,643900.0
2011-10-11,False,daily,40.32,41.8,39.84,41.34,858500.0,40.32,41.8,39.84,41.34,858500.0
2011-10-10,False,daily,39.32,40.76,39.21,40.7,429200.0,39.32,40.76,39.21,40.7,429200.0
2011-10-07,False,daily,40.39,40.39,38.36,38.51,550700.0,40.39,40.39,38.36,38.51,550700.0
2011-10-06,False,daily,38.75,40.5,38.22,40.41,1032800.0,38.75,40.5,38.22,40.41,1032800.0
2011-10-05,False,daily,36.78,38.77,35.96,38.45,908200.0,36.78,38.77,35.96,38.45,908200.0
2011-10-04,False,daily,34.06,36.84,33.15,36.75,1739900.0,34.06,36.84,33.15,36.75,1739900.0
2011-10-03,False,daily,36.44,37.21,34.38,34.41,1041800.0,36.44,37.21,34.38,34.41,1041800.0
2011-09-30,False,daily,37.88,38.4,36.94,37.0,533000.0,37.88,38.4,36.94,37.0,533000.0
2011-09-29,False,daily,38.12,38.83,37.35,38.6,840400.0,38.12,38.83,37.35,38.6,840400.0
2011-09-28,False,daily,37.99,38.46,37.09,37.18,814000.0,37.99,38.46,37.09,37.18,814000.0
2011-09-27,False,daily,38.5,39.23,37.47,37.94,532200.0,38.5,39.23,37.47,37.94,532200.0
2011-09-26,False,daily,37.08,37.77,36.03,37.7,380300.0,37.08,37.77,36.03,37.7,380300.0
2011-09-23,False,daily,35.75,36.8,35.75,36.69,587500.0,35.75,36.8,35.75,36.69,587500.0
2011-09-22,False,daily,36.59,36.87,35.7,36.41,974200.0,36.59,36.87,35.7,36.41,974200.0
2011-09-21,False,daily,40.97,41.06,37.71,37.8,555500.0,40.97,41.06,37.71,37.8,555500.0
2011-09-20,False,daily,41.68,42.11,40.82,40.84,403200.0,41.68,42.11,40.82,40.84,403200.0
2011-09-19,False,daily,42.03,42.67,40.8,41.45,437300.0,42.03,42.67,40.8,41.45,437300.0
2011-09-16,False,daily,44.45,44.67,42.74,42.89,822500.0,44.45,44.67,42.74,42.89,822500.0
2011-09-15,False,daily,44.12,44.85,43.35,44.65,409300.0,44.12,44.85,43.35,44.65,409300.0
2011-09-14,False,daily,43.4,44.4,42.36,43.66,471100.0,43.4,44.4,42.36,43.66,471100.0
2011-09-13,False,daily,42.79,43.79,42.43,42.88,574500.0,42.79,43.79,42.43,42.88,574500.0
2011-09-12,False,daily,42.15,42.8,41.12,42.79,626700.0,42.15,42.8,41.12,42.79,626700.0
2011-09-09,False,daily,42.96,43.65,41.66,42.08,551900.0,42.96,43.65,41.66,42.08,551900.0
2011-09-08,False,daily,44.47,45.08,43.24,43.49,400700.0,44.47,45.08,43.24,43.49,400700.0
2011-09-07,False,daily,43.48,45.27,43.13,45.02,576800.0,43.48,45.27,43.13,45.02,576800.0
2011-09-06,False,daily,41.52,42.95,41.15,42.79,542800.0,41.52,42.95,41.15,42.79,542800.0
2011-09-02,False,daily,43.22,43.53,42.61,42.865,583500.0,43.22,43.53,42.61,42.865,583500.0
2011-09-01,False,daily,46.01,46.41,44.29,44.37,365400.0,46.01,46.41,44.29,44.37,365400.0
2011-08-31,False,daily,45.95,46.59,45.5,46.08,414400.0,45.95,46.59,45.5,46.08,414400.0
2011-08-30,False,daily,45.63,46.02,44.94,45.62,797400.0,45.63,46.02,44.94,45.62,797400.0
2011-08-29,False,daily,44.77,46.0,44.77,45.93,371600.0,44.77,46.0,44.77,45.93,371600.0
2011-08-26,False,daily,42.86,44.62,42.02,44.14,362400.0,42.86,44.62,42.02,44.14,362400.0
2011-08-25,False,daily,45.13,46.76,43.12,43.24,632300.0,45.13,46.76,43.12,43.24,632300.0
2011-08-24,False,daily,43.27,44.79,43.25,44.68,450200.0,43.27,44.79,43.25,44.68,450200.0
2011-08-23,False,daily,41.2,43.71,40.7,43.54,769500.0,41.2,43.71,40.7,43.54,769500.0
2011-08-22,False,daily,41.31,41.32,40.33,41.12,797100.0,41.31,41.32,40.33,41.12,797100.0
2011-08-19,False,daily,42.37,42.89,40.03,40.19,1125300.0,42.37,42.89,40.03,40.19,1125300.0
2011-08-18,False,daily,44.28,44.66,42.48,42.93,637800.0,44.28,44.66,42.48,42.93,637800.0
2011-08-17,False,daily,45.68,46.69,45.35,45.69,325000.0,45.68,46.69,45.35,45.69,325000.0
2011-08-16,False,daily,46.01,46.68,45.22,45.64,611300.0,46.01,46.68,45.22,45.64,611300.0
2011-08-15,False,daily,45.43,46.86,45.43,46.7,617700.0,45.43,46.86,45.43,46.7,617700.0
2011-08-12,False,daily,45.66,46.16,44.52,44.95,860100.0,45.66,46.16,44.52,44.95,860100.0
2011-08-11,False,daily,44.45,46.04,44.09,45.4,1417000.0,44.45,46.04,44.09,45.4,1417000.0
2011-08-10,False,daily,47.52,47.58,43.94,44.04,1199200.0,47.52,47.58,43.94,44.04,1199200.0
2011-08-09,False,daily,47.51,48.74,45.28,48.4,1343400.0,47.51,48.74,45.28,48.4,1343400.0
2011-08-08,False,daily,50.7,51.66,46.52,46.67,1657200.0,50.7,51.66,46.52,46.67,1657200.0
2011-08-05,False,daily,56.22,56.92,51.54,52.25,1816300.0,56.22,56.92,51.54,52.25,1816300.0
2011-08-04,False,daily,58.31,59.34,55.35,55.6,823200.0,58.31,59.34,55.35,55.6,823200.0
2011-08-03,False,daily,59.1,59.53,58.0,59.23,426800.0,59.1,59.53,58.0,59.23,426800.0
2011-08-02,False,daily,60.13,60.55,58.91,59.19,683800.0,60.13,60.55,58.91,59.19,683800.0
2011-08-01,False,daily,61.33,61.65,59.97,60.54,585700.0,61.33,61.65,59.97,60.54,585700.0
2011-07-29,False,daily,60.41,61.29,59.92,61.02,402300.0,60.41,61.29,59.92,61.02,402300.0
2011-07-28,False,daily,61.48,61.95,61.05,61.21,443900.0,61.48,61.95,61.05,61.21,443900.0
2011-07-27,False,daily,61.97,62.66,61.51,61.72,748300.0,61.97,62.66,61.51,61.72,748300.0
2011-07-26,False,daily,62.58,62.72,62.015,62.43,374400.0,62.58,62.72,62.015,62.43,374400.0
2011-07-25,False,daily,62.14,62.85,61.61,62.44,529500.0,62.14,62.85,61.61,62.44,529500.0
2011-07-22,False,daily,62.02,63.399,61.62,62.5,739700.0,62.02,63.399,61.62,62.5,739700.0
2011-07-21,False,daily,61.13,62.0899,61.12,61.62,913500.0,61.13,62.0899,61.12,61.62,913500.0
2011-07-20,False,daily,60.2,61.18,60.02,60.98,553000.0,60.2,61.18,60.02,60.98,553000.0
2011-07-19,False,daily,59.76,60.13,59.27,60.0,424600.0,59.76,60.13,59.27,60.0,424600.0
2011-07-18,False,daily,59.19,59.44,58.69,59.3,398000.0,59.19,59.44,58.69,59.3,398000.0
2011-07-15,False,daily,60.56,60.56,59.23,59.58,806200.0,60.56,60.56,59.23,59.58,806200.0
2011-07-14,False,daily,60.72,60.9,59.985,60.1,618600.0,60.72,60.9,59.985,60.1,618600.0
2011-07-13,False,daily,60.39,61.03,60.12,60.33,365600.0,60.39,61.03,60.12,60.33,365600.0
2011-07-12,False,daily,60.13,60.99,59.92,60.05,375600.0,60.13,60.99,59.92,60.05,375600.0
2011-07-11,False,daily,60.3,60.66,59.97,60.41,567400.0,60.3,60.66,59.97,60.41,567400.0
2011-07-08,False,daily,60.13,61.08,59.96,61.05,397500.0,60.13,61.08,59.96,61.05,397500.0
2011-07-07,False,daily,61.12,61.63,60.88,61.17,454700.0,61.12,61.63,60.88,61.17,454700.0
2011-07-06,False,daily,60.45,60.87,60.12,60.81,315300.0,60.45,60.87,60.12,60.81,315300.0
2011-07-05,False,daily,60.31,60.92,60.15,60.65,310900.0,60.31,60.92,60.15,60.65,310900.0
2011-07-01,False,daily,59.83,60.76,59.52,60.46,447400.0,59.83,60.76,59.52,60.46,447400.0
2011-06-30,False,daily,59.57,60.3,59.5,59.71,343500.0,59.57,60.3,59.5,59.71,343500.0
2011-06-29,False,daily,58.91,59.72,58.74,59.5,542800.0,58.91,59.72,58.74,59.5,542800.0
2011-06-28,False,daily,58.1,58.59,57.82,58.59,357800.0,58.1,58.59,57.82,58.59,357800.0
2011-06-27,False,daily,57.1,58.13,57.1,57.77,367300.0,57.1,58.13,57.1,57.77,367300.0
2011-06-24,False,daily,57.44,57.71,56.95,57.3,685000.0,57.44,57.71,56.95,57.3,685000.0
2011-06-23,False,daily,57.17,57.61,56.93,57.42,622000.0,57.17,57.61,56.93,57.42,622000.0
2011-06-22,False,daily,57.76,58.4591,57.73,57.92,313200.0,57.76,58.4591,57.73,57.92,313200.0
2011-06-21,False,daily,57.2,58.2466,57.18,57.96,639500.0,57.2,58.2466,57.18,57.96,639500.0
2011-06-20,False,daily,56.69,57.5,56.34,57.0,232800.0,56.69,57.5,56.34,57.0,232800.0
2011-06-17,False,daily,56.78,57.48,56.38,56.98,500400.0,56.78,57.48,56.38,56.98,500400.0
2011-06-16,False,daily,55.92,56.73,55.75,56.35,274300.0,55.92,56.73,55.75,56.35,274300.0
2011-06-15,False,daily,56.12,56.73,55.94,55.98,439300.0,56.12,56.73,55.94,55.98,439300.0
2011-06-14,False,daily,56.39,57.31,56.25,56.73,366700.0,56.39,57.31,56.25,56.73,366700.0
2011-06-13,False,daily,55.78,56.26,55.46,55.9,289500.0,55.78,56.26,55.46,55.9,289500.0
2011-06-10,False,daily,56.03,56.3,55.27,55.66,459700.0,56.03,56.3,55.27,55.66,459700.0
2011-06-09,False,daily,56.64,56.64,56.14,56.34,439400.0,56.64,56.64,56.14,56.34,439400.0
2011-06-08,False,daily,56.43,57.32,56.42,56.56,372300.0,56.43,57.32,56.42,56.56,372300.0
2011-06-07,False,daily,56.63,57.3,56.31,56.73,453700.0,56.63,57.3,56.31,56.73,453700.0
2011-06-06,False,daily,56.675,56.8,55.84,56.19,504200.0,56.675,56.8,55.84,56.19,504200.0
2011-06-03,False,daily,56.5,57.08,56.281,56.43,603400.0,56.5,57.08,56.281,56.43,603400.0
2011-06-02,False,daily,57.2,57.72,56.93,57.38,418500.0,57.2,57.72,56.93,57.38,418500.0
2011-06-01,False,daily,58.95,59.35,56.67,57.06,949000.0,58.95,59.35,56.67,57.06,949000.0
2011-05-31,False,daily,59.53,59.66,58.85,59.38,516200.0,59.53,59.66,58.85,59.38,516200.0
2011-05-27,False,daily,58.94,59.44,58.7,59.1,257200.0,58.94,59.44,58.7,59.1,257200.0
2011-05-26,False,daily,58.11,58.81,57.98,58.58,211800.0,58.11,58.81,57.98,58.58,211800.0
2011-05-25,False,daily,57.6,58.9197,57.57,58.42,381200.0,57.6,58.9197,57.57,58.42,381200.0
2011-05-24,False,daily,58.06,58.19,57.53,57.92,311100.0,58.06,58.19,57.53,57.92,311100.0
2011-05-23,False,daily,57.82,58.33,57.76,57.99,392700.0,57.82,58.33,57.76,57.99,392700.0
2011-05-20,False,daily,58.39,59.25,58.39,58.71,529600.0,58.39,59.25,58.39,58.71,529600.0
2011-05-19,False,daily,58.98,59.13,58.41,58.67,344300.0,58.98,59.13,58.41,58.67,344300.0
2011-05-18,False,daily,58.34,58.8,57.92,58.69,301900.0,58.34,58.8,57.92,58.69,301900.0
2011-05-17,False,daily,57.8,58.44,57.52,58.2,433000.0,57.8,58.44,57.52,58.2,433000.0
2011-05-16,False,daily,58.33,58.77,58.02,58.18,548900.0,58.33,58.77,58.02,58.18,548900.0
2011-05-13,False,daily,59.44,59.519,58.61,58.73,408900.0,59.44,59.519,58.61,58.73,408900.0
2011-05-12,False,daily,59.38,59.83,58.78,59.61,335000.0,59.38,59.83,58.78,59.61,335000.0
2011-05-11,False,daily,59.75,59.75,58.7,59.55,519700.0,59.75,59.75,58.7,59.55,519700.0
2011-05-10,False,daily,59.75,60.0,59.5,59.83,383800.0,59.75,60.0,59.5,59.83,383800.0
2011-05-09,False,daily,58.96,59.75,58.64,59.54,281000.0,58.96,59.75,58.64,59.54,281000.0
2011-05-06,False,daily,59.96,59.99,58.8,59.2,275000.0,59.96,59.99,58.8,59.2,275000.0
2011-05-05,False,daily,58.86,59.71,58.73,59.15,370000.0,58.86,59.71,58.73,59.15,370000.0
2011-05-04,False,daily,59.92,59.92,59.02,59.4,336000.0,59.92,59.92,59.02,59.4,336000.0
2011-05-03,False,daily,59.6,60.45,59.6,59.98,335300.0,59.6,60.45,59.6,59.98,335300.0
2011-05-02,False,daily,60.48,60.655,59.61,59.91,374200.0,60.48,60.655,59.61,59.91,374200.0
2011-04-29,False,daily,60.5,60.73,60.05,60.44,354000.0,60.5,60.73,60.05,60.44,354000.0
2011-04-28,False,daily,60.25,60.59,60.07,60.34,390600.0,60.25,60.59,60.07,60.34,390600.0
2011-04-27,False,daily,59.99,60.41,59.85,60.37,595200.0,59.99,60.41,59.85,60.37,595200.0
2011-04-26,False,daily,59.62,60.32,59.62,59.83,814900.0,59.62,60.32,59.62,59.83,814900.0
2011-04-25,False,daily,59.91,60.1,58.6875,59.41,1250500.0,59.91,60.1,58.6875,59.41,1250500.0
2011-04-22,False,daily,,,,,,,,,,
2011-04-21,False,daily,57.0,57.58,56.43,57.25,379700.0,57.0,57.58,56.43,57.25,379700.0
2011-04-20,False,daily,57.19,57.57,56.69,56.69,548800.0,57.19,57.57,56.69,56.69,548800.0
2011-04-19,False,daily,56.76,57.16,56.13,56.46,511900.0,56.76,57.16,56.13,56.46,511900.0
2011-04-18,False,daily,56.88,57.49,55.98,56.39,902700.0,56.88,57.49,55.98,56.39,902700.0
2011-04-15,False,daily,56.77,57.81,56.66,57.67,611200.0,56.77,57.81,56.66,57.67,611200.0
2011-04-14,False,daily,56.79,57.55,56.4,56.82,436300.0,56.79,57.55,56.4,56.82,436300.0
2011-04-13,False,daily,57.52,57.52,56.52,56.83,300600.0,57.52,57.52,56.52,56.83,300600.0
2011-04-12,False,daily,57.17,57.46,56.66,56.99,436200.0,57.17,57.46,56.66,56.99,436200.0
2011-04-11,False,daily,57.76,58.0,57.18,57.37,287100.0,57.76,58.0,57.18,57.37,287100.0
2011-04-08,False,daily,58.59,58.86,57.48,57.84,478200.0,58.59,58.86,57.48,57.84,478200.0
2011-04-07,False,daily,58.25,59.05,58.15,58.38,710800.0,58.25,59.05,58.15,58.38,710800.0
2011-04-06,False,daily,58.24,58.41,57.91,58.36,586200.0,58.24,58.41,57.91,58.36,586200.0
2011-04-05,False,daily,57.48,58.32,57.43,57.87,444200.0,57.48,58.32,57.43,57.87,444200.0
2011-04-04,False,daily,57.43,58.08,57.25,57.74,535800.0,57.43,58.08,57.25,57.74,535800.0
2011-04-01,False,daily,57.21,57.93,57.16,57.4,1008500.0,57.21,57.93,57.16,57.4,1008500.0
2011-03-31,False,daily,57.18,57.76,56.84,56.93,832400.0,57.18,57.76,56.84,56.93,832400.0
2011-03-30,False,daily,57.32,57.78,57.07,57.35,606700.0,57.32,57.78,57.07,57.35,606700.0
2011-03-29,False,daily,56.32,57.99,56.21,57.17,918200.0,56.32,57.99,56.21,57.17,918200.0
2011-03-28,False,daily,56.11,57.05,55.65,56.52,1212400.0,56.11,57.05,55.65,56.52,1212400.0
2011-03-25,False,daily,54.3,55.58,54.18,54.82,418900.0,54.3,55.58,54.18,54.82,418900.0
2011-03-24,False,daily,54.4,54.53,53.75,54.22,643500.0,54.4,54.53,53.75,54.22,643500.0
2011-03-23,False,daily,54.25,54.27,53.74,54.17,512300.0,54.25,54.27,53.74,54.17,512300.0
2011-03-22,False,daily,54.65,54.85,54.12,54.53,738300.0,54.65,54.85,54.12,54.53,738300.0
2011-03-21,False,daily,54.06,54.73,53.67,54.5,1018000.0,54.06,54.73,53.67,54.5,1018000.0
2011-03-18,False,daily,53.25,53.4337,52.85,53.31,745800.0,53.25,53.4337,52.85,53.31,745800.0
2011-03-17,False,daily,53.36,53.36,52.1,52.35,534200.0,53.36,53.36,52.1,52.35,534200.0
2011-03-16,False,daily,52.7,53.06,52.19,52.43,743100.0,52.7,53.06,52.19,52.43,743100.0
2011-03-15,False,daily,51.75,53.275,51.75,52.68,844500.0,51.75,53.275,51.75,52.68,844500.0
2011-03-14,False,daily,52.52,53.5,52.47,53.39,677300.0,52.52,53.5,52.47,53.39,677300.0
2011-03-11,False,daily,53.16,53.95,53.05,53.32,463000.0,53.16,53.95,53.05,53.32,463000.0
2011-03-10,False,daily,53.93,54.35,53.42,53.55,745000.0,53.93,54.35,53.42,53.55,745000.0
2011-03-09,False,daily,54.68,55.05,54.22,54.88,801000.0,54.68,55.05,54.22,54.88,801000.0
2011-03-08,False,daily,53.27,55.1,53.21,54.705,742800.0,53.27,55.1,53.21,54.705,742800.0
2011-03-07,False,daily,54.42,54.56,53.26,53.3,368300.0,54.42,54.56,53.26,53.3,368300.0
2011-03-04,False,daily,53.84,54.18,53.61,54.09,509700.0,53.84,54.18,53.61,54.09,509700.0
2011-03-03,False,daily,52.87,53.87,52.84,53.86,619700.0,52.87,53.87,52.84,53.86,619700.0
2011-03-02,False,daily,53.13,53.24,52.29,52.53,618200.0,53.13,53.24,52.29,52.53,618200.0
2011-03-01,False,daily,54.0,54.0,52.89,53.24,623200.0,54.0,54.0,52.89,53.24,623200.0
2011-02-28,False,daily,54.62,54.7,53.93,54.18,312300.0,54.62,54.7,53.93,54.18,312300.0
2011-02-25,False,daily,52.97,54.46,52.82,54.3,616100.0,52.97,54.46,52.82,54.3,616100.0
2011-02-24,False,daily,53.53,53.65,52.26,52.78,689200.0,53.53,53.65,52.26,52.78,689200.0
2011-02-23,False,daily,54.55,54.97,53.17,53.34,533500.0,54.55,54.97,53.17,53.34,533500.0
2011-02-22,False,daily,54.7,55.65,54.17,54.56,440300.0,54.7,55.65,54.17,54.56,440300.0
2011-02-18,False,daily,55.46,55.78,54.93,55.5,288100.0,55.46,55.78,54.93,55.5,288100.0
2011-02-17,False,daily,55.53,55.53,55.09,55.36,227500.0,55.53,55.53,55.09,55.36,227500.0
2011-02-16,False,daily,55.39,56.18,55.05,55.69,506800.0,55.39,56.18,55.05,55.69,506800.0
2011-02-15,False,daily,55.38,55.76,54.93,55.11,293800.0,55.38,55.76,54.93,55.11,293800.0
2011-02-14,False,daily,54.98,55.62,54.37,55.55,484300.0,54.98,55.62,54.37,55.55,484300.0
2011-02-11,False,daily,53.47,55.1,53.26,54.88,612000.0,53.47,55.1,53.26,54.88,612000.0
2011-02-10,False,daily,52.88,53.97,52.76,53.65,249900.0,52.88,53.97,52.76,53.65,249900.0
2011-02-09,False,daily,53.46,53.59,52.7956,53.31,309500.0,53.46,53.59,52.7956,53.31,309500.0
2011-02-08,False,daily,53.24,53.93,52.89,53.71,268700.0,53.24,53.93,52.89,53.71,268700.0
2011-02-07,False,daily,53.21,54.44,52.84,53.36,376600.0,53.21,54.44,52.84,53.36,376600.0
2011-02-04,False,daily,53.63,54.1,53.0507,53.98,293200.0,53.63,54.1,53.0507,53.98,293200.0
2011-02-03,False,daily,53.1,53.66,52.79,53.58,331500.0,53.1,53.66,52.79,53.58,331500.0
2011-02-02,False,daily,52.8,53.56,52.8,53.39,314300.0,52.8,53.56,52.8,53.39,314300.0
2011-02-01,False,daily,53.12,53.73,52.14,53.18,335100.0,53.12,53.73,52.14,53.18,335100.0
2011-01-31,False,daily,52.6,53.17,52.31,52.47,563300.0,52.6,53.17,52.31,52.47,563300.0
2011-01-28,False,daily,53.06,53.37,52.17,52.42,460300.0,53.06,53.37,52.17,52.42,460300.0
2011-01-27,False,daily,52.68,53.21,52.38,52.95,539100.0,52.68,53.21,52.38,52.95,539100.0
2011-01-26,False,daily,52.69,53.52,52.28,52.7,719900.0,52.69,53.52,52.28,52.7,719900.0
2011-01-25,False,daily,52.53,53.1,52.0045,53.1,715700.0,52.53,53.1,52.0045,53.1,715700.0
2011-01-24,False,daily,52.29,53.03,52.26,52.72,846000.0,52.29,53.03,52.26,52.72,846000.0
2011-01-21,False,daily,53.4,54.31,52.54,52.71,1528500.0,53.4,54.31,52.54,52.71,1528500.0
2011-01-20,False,daily,55.0,55.52,53.95,54.32,754500.0,55.0,55.52,53.95,54.32,754500.0
2011-01-19,False,daily,56.34,56.38,55.35,55.49,796300.0,56.34,56.38,55.35,55.49,796300.0
2011-01-18,False,daily,55.08,56.68,55.08,56.63,886200.0,55.08,56.68,55.08,56.63,886200.0
2011-01-14,False,daily,54.83,55.87,54.36,55.63,683400.0,54.83,55.87,54.36,55.63,683400.0
2011-01-13,False,daily,55.21,55.5,54.36,54.69,523300.0,55.21,55.5,54.36,54.69,523300.0
2011-01-12,False,daily,54.88,55.38,54.4,55.38,655700.0,54.88,55.38,54.4,55.38,655700.0
2011-01-11,False,daily,52.86,54.355,52.6717,54.25,674000.0,52.86,54.355,52.6717,54.25,674000.0
2011-01-10,False,daily,51.92,52.77,51.47,52.6,408900.0,51.92,52.77,51.47,52.6,408900.0
2011-01-07,False,daily,52.47,53.14,51.98,52.26,549600.0,52.47,53.14,51.98,52.26,549600.0
2011-01-06,False,daily,53.12,53.49,52.16,52.44,550300.0,53.12,53.49,52.16,52.44,550300.0
2011-01-05,False,daily,52.8,53.91,52.8,53.59,639000.0,52.8,53.91,52.8,53.59,639000.0
2011-01-04,False,daily,54.62,55.0,52.42,52.92,659500.0,54.62,55.0,52.42,52.92,659500.0
2011-01-03,False,daily,53.43,55.25,53.3,54.88,542500.0,53.43,55.25,53.3,54.88,542500.0
2012-12-31,False,daily,55.14,56.1,55.04,55.97,162100.0,55.14,56.1,55.04,55.97,162100.0
2012-12-28,False,daily,55.45,56.5,55.34,55.45,155900.0,55.45,56.5,55.34,55.45,155900.0
2012-12-27,False,daily,56.36,56.57,55.13,55.76,143900.0,56.36,56.57,55.13,55.76,143900.0
2012-12-26,False,daily,56.61,56.8,56.08,56.16,102400.0,56.61,56.8,56.08,56.16,102400.0
2012-12-24,False,daily,56.96,57.25,56.13,56.56,83800.0,56.96,57.25,56.13,56.56,83800.0
2012-12-21,False,daily,55.78,57.2,55.3662,57.15,1019500.0,55.78,57.2,55.3662,57.15,1019500.0
2012-12-20,False,daily,56.29,56.79,56.23,56.77,213000.0,56.29,56.79,56.23,56.77,213000.0
2012-12-19,False,daily,56.48,56.87,55.83,56.32,185500.0,56.48,56.87,55.83,56.32,185500.0
2012-12-18,False,daily,55.42,56.6,55.42,56.6,267000.0,55.42,56.6,55.42,56.6,267000.0
2012-12-17,False,daily,53.86,55.43,53.51,55.38,289700.0,53.86,55.43,53.51,55.38,289700.0
2012-12-14,False,daily,53.95,54.745,53.48,53.75,180100.0,53.95,54.745,53.48,53.75,180100.0
2012-12-13,False,daily,54.68,55.01,53.95,53.98,167400.0,54.68,55.01,53.95,53.98,167400.0
2012-12-12,False,daily,55.41,55.48,54.5,54.68,370100.0,55.41,55.48,54.5,54.68,370100.0
2012-12-11,False,daily,55.47,55.69,54.83,55.07,173600.0,55.47,55.69,54.83,55.07,173600.0
2012-12-10,False,daily,54.83,55.41,54.74,55.04,181500.0,54.83,55.41,54.74,55.04,181500.0
2012-12-07,False,daily,55.17,55.33,54.32,54.79,105400.0,55.17,55.33,54.32,54.79,105400.0
2012-12-06,False,daily,55.12,55.69,54.81,55.02,108200.0,55.12,55.69,54.81,55.02,108200.0
2012-12-05,False,daily,54.63,55.06,54.0,54.91,408400.0,54.63,55.06,54.0,54.91,408400.0
2012-12-04,False,daily,55.61,55.75,54.39,54.6785,191600.0,55.61,55.75,54.39,54.6785,191600.0
2012-12-03,False,daily,55.5,56.08,55.34,55.67,146100.0,55.5,56.08,55.34,55.67,146100.0
2012-11-30,False,daily,55.56,55.87,55.0,55.22,465400.0,55.56,55.87,55.0,55.22,465400.0
2012-11-29,False,daily,56.24,56.68,55.02,55.5207,297600.0,56.24,56.68,55.02,55.5207,297600.0
2012-11-28,False,daily,56.18,56.41,54.84,55.78,199100.0,56.18,56.41,54.84,55.78,199100.0
2012-11-27,False,daily,56.56,56.92,55.8,56.43,255500.0,56.56,56.92,55.8,56.43,255500.0
2012-11-26,False,daily,56.98,57.14,56.02,56.37,300500.0,56.98,57.14,56.02,56.37,300500.0
2012-11-23,False,daily,55.87,57.14,55.8,57.13,69100.0,55.87,57.14,55.8,57.13,69100.0
2012-11-21,False,daily,55.86,56.36,55.15,55.61,159400.0,55.86,56.36,55.15,55.61,159400.0
2012-11-20,False,daily,55.27,56.23,54.89,55.56,173000.0,55.27,56.23,54.89,55.56,173000.0
2012-11-19,False,daily,54.35,54.86,53.41,54.15,253400.0,54.35,54.86,53.41,54.15,253400.0
2012-11-16,False,daily,52.92,53.59,52.6,53.5,209800.0,52.92,53.59,52.6,53.5,209800.0
2012-11-15,False,daily,52.7,53.17,52.4,52.85,372300.0,52.7,53.17,52.4,52.85,372300.0
2012-11-14,False,daily,54.0,54.17,52.53,52.57,251400.0,54.0,54.17,52.53,52.57,251400.0
2012-11-13,False,daily,53.89,55.0999,53.88,53.92,260200.0,53.89,55.0999,53.88,53.92,260200.0
2012-11-12,False,daily,53.93,56.58,53.93,54.33,181900.0,53.93,56.58,53.93,54.33,181900.0
2012-11-09,False,daily,53.55,54.57,53.4001,53.91,141600.0,53.55,54.57,53.4001,53.91,141600.0
2012-11-08,False,daily,54.34,54.89,53.55,53.71,210200.0,54.34,54.89,53.55,53.71,210200.0
2012-11-07,False,daily,55.91,56.05,54.17,54.21,249200.0,55.91,56.05,54.17,54.21,249200.0
2012-11-06,False,daily,56.01,56.97,55.99,56.63,155600.0,56.01,56.97,55.99,56.63,155600.0
2012-11-05,False,daily,56.5,56.5,55.12,56.1,253300.0,56.5,56.5,55.12,56.1,253300.0
2012-11-02,False,daily,57.55,58.13,56.37,56.43,338500.0,57.55,58.13,56.37,56.43,338500.0
2012-11-01,False,daily,56.72,58.66,56.0801,57.38,386600.0,56.72,58.66,56.0801,57.38,386600.0
2012-10-31,False,daily,56.26,56.78,55.27,56.59,284000.0,56.26,56.78,55.27,56.59,284000.0
2012-10-30,False,daily,,,,,,,,,,
2012-10-26,False,daily,58.97,58.97,55.9,56.29,740400.0,58.97,58.97,55.9,56.29,740400.0
2012-10-25,False,daily,59.19,59.59,58.84,59.45,352200.0,59.19,59.59,58.84,59.45,352200.0
2012-10-24,False,daily,58.29,58.71,57.95,58.46,299500.0,58.29,58.71,57.95,58.46,299500.0
2012-10-23,False,daily,57.15,58.03,56.92,57.88,229900.0,57.15,58.03,56.92,57.88,229900.0
2012-10-22,False,daily,58.48,58.48,57.52,57.95,141300.0,58.48,58.48,57.52,57.95,141300.0
2012-10-19,False,daily,58.02,58.73,57.84,58.0,177700.0,58.02,58.73,57.84,58.0,177700.0
2012-10-18,False,daily,58.0,58.5,57.7601,58.44,200700.0,58.0,58.5,57.7601,58.44,200700.0
2012-10-17,False,daily,57.78,58.79,57.42,58.15,225100.0,57.78,58.79,57.42,58.15,225100.0
2012-10-16,False,daily,58.8,58.8684,57.09,57.4,225200.0,58.8,58.8684,57.09,57.4,225200.0
2012-10-15,False,daily,59.16,59.65,58.37,58.79,220500.0,59.16,59.65,58.37,58.79,220500.0
2012-10-12,False,daily,60.41,60.77,58.8,59.03,252800.0,60.41,60.77,58.8,59.03,252800.0
2012-10-11,False,daily,60.96,61.53,60.63,60.87,170400.0,60.96,61.53,60.63,60.87,170400.0
2012-10-10,False,daily,60.15,60.45,59.55,60.37,204400.0,60.15,60.45,59.55,60.37,204400.0
2012-10-09,False,daily,61.01,61.02,60.01,60.08,159300.0,61.01,61.02,60.01,60.08,159300.0
2012-10-08,False,daily,60.93,61.35,60.58,61.16,72600.0,60.93,61.35,60.58,61.16,72600.0
2012-10-05,False,daily,62.11,62.49,61.306,61.4,152800.0,62.11,62.49,61.306,61.4,152800.0
2012-10-04,False,daily,60.59,61.96,60.52,61.92,173000.0,60.59,61.96,60.52,61.92,173000.0
2012-10-03,False,daily,61.24,61.76,60.8,61.05,138100.0,61.24,61.76,60.8,61.05,138100.0
2012-10-02,False,daily,60.87,61.5,60.65,61.07,168900.0,60.87,61.5,60.65,61.07,168900.0
2012-10-01,False,daily,60.58,61.08,59.81,60.7,283400.0,60.58,61.08,59.81,60.7,283400.0
2012-09-28,False,daily,60.71,61.1446,60.33,60.46,186100.0,60.71,61.1446,60.33,60.46,186100.0
2012-09-27,False,daily,60.86,61.755,60.72,61.1,185000.0,60.86,61.755,60.72,61.1,185000.0
2012-09-26,False,daily,60.44,61.0,60.0,60.57,232100.0,60.44,61.0,60.0,60.57,232100.0
2012-09-25,False,daily,61.12,61.99,60.21,60.56,266200.0,61.12,61.99,60.21,60.56,266200.0
2012-09-24,False,daily,61.32,62.85,60.89,61.05,366200.0,61.32,62.85,60.89,61.05,366200.0
2012-09-21,False,daily,61.41,61.48,60.36,60.58,499300.0,61.41,61.48,60.36,60.58,499300.0
2012-09-20,False,daily,60.67,61.08,59.62,60.71,204600.0,60.67,61.08,59.62,60.71,204600.0
2012-09-19,False,daily,61.58,61.92,60.96,61.38,218100.0,61.58,61.92,60.96,61.38,218100.0
2012-09-18,False,daily,62.31,62.31,61.39,61.75,314300.0,62.31,62.31,61.39,61.75,314300.0
2012-09-17,False,daily,62.17,62.45,61.955,62.31,420400.0,62.17,62.45,61.955,62.31,420400.0
2012-09-14,False,daily,60.82,62.85,60.82,62.45,278000.0,60.82,62.85,60.82,62.45,278000.0
2012-09-13,False,daily,60.36,61.23,60.1,61.11,301000.0,60.36,61.23,60.1,61.11,301000.0
2012-09-12,False,daily,60.8,61.25,60.36,60.44,225900.0,60.8,61.25,60.36,60.44,225900.0
2012-09-11,False,daily,60.56,61.25,60.01,60.46,228500.0,60.56,61.25,60.01,60.46,228500.0
2012-09-10,False,daily,60.84,61.1,60.33,60.39,165200.0,60.84,61.1,60.33,60.39,165200.0
2012-09-07,False,daily,60.91,61.61,60.73,60.93,183500.0,60.91,61.61,60.73,60.93,183500.0
2012-09-06,False,daily,59.28,60.95,59.1472,60.73,299100.0,59.28,60.95,59.1472,60.73,299100.0
2012-09-05,False,daily,59.23,59.76,58.57,58.79,282600.0,59.23,59.76,58.57,58.79,282600.0
2012-09-04,False,daily,57.98,59.82,57.58,59.51,388800.0,57.98,59.82,57.58,59.51,388800.0
2012-08-31,False,daily,58.38,58.74,57.22,57.99,242700.0,58.38,58.74,57.22,57.99,242700.0
2012-08-30,False,daily,58.13,58.36,57.53,57.93,401500.0,58.13,58.36,57.53,57.93,401500.0
2012-08-29,False,daily,57.8,58.81,57.38,58.61,551900.0,57.8,58.81,57.38,58.61,551900.0
2012-08-28,False,daily,57.05,57.67,56.95,57.63,240200.0,57.05,57.67,56.95,57.63,240200.0
2012-08-27,False,daily,56.95,57.17,56.39,57.0,240700.0,56.95,57.17,56.39,57.0,240700.0
2012-08-24,False,daily,56.73,57.32,56.11,56.63,229900.0,56.73,57.32,56.11,56.63,229900.0
2012-08-23,False,daily,57.33,57.5176,56.66,56.85,171300.0,57.33,57.5176,56.66,56.85,171300.0
2012-08-22,False,daily,58.27,58.47,57.28,57.34,212600.0,58.27,58.47,57.28,57.34,212600.0
2012-08-21,False,daily,58.57,59.37,58.24,58.48,142500.0,58.57,59.37,58.24,58.48,142500.0
2012-08-20,False,daily,58.18,58.91,58.04,58.54,224600.0,58.18,58.91,58.04,58.54,224600.0
2012-08-17,False,daily,57.56,58.62,57.42,58.2,226300.0,57.56,58.62,57.42,58.2,226300.0
2012-08-16,False,daily,57.49,57.81,57.28,57.69,143500.0,57.49,57.81,57.28,57.69,143500.0
2012-08-15,False,daily,56.52,57.645,56.395,57.43,273500.0,56.52,57.645,56.395,57.43,273500.0
2012-08-14,False,daily,55.92,56.79,55.55,56.26,214200.0,55.92,56.79,55.55,56.26,214200.0
2012-08-13,False,daily,55.67,55.93,55.09,55.68,169100.0,55.67,55.93,55.09,55.68,169100.0
2012-08-10,False,daily,56.1,56.5227,55.31,55.87,143500.0,56.1,56.5227,55.31,55.87,143500.0
2012-08-09,False,daily,56.73,56.99,56.1,56.2,315200.0,56.73,56.99,56.1,56.2,315200.0
2012-08-08,False,daily,57.09,57.55,56.55,56.99,176600.0,57.09,57.55,56.55,56.99,176600.0
2012-08-07,False,daily,56.48,57.81,56.29,57.45,269400.0,56.48,57.81,56.29,57.45,269400.0
2012-08-06,False,daily,57.4,57.4,56.01,56.07,385000.0,57.4,57.4,56.01,56.07,385000.0
2012-08-03,False,daily,57.37,57.85,57.03,57.29,185500.0,57.37,57.85,57.03,57.29,185500.0
2012-08-02,False,daily,56.18,56.6,55.49,56.21,174100.0,56.18,56.6,55.49,56.21,174100.0
2012-08-01,False,daily,58.0,58.0,56.4,56.52,372100.0,58.0,58.0,56.4,56.52,372100.0
2012-07-31,False,daily,58.71,59.16,57.59,57.81,211200.0,58.71,59.16,57.59,57.81,211200.0
2012-07-30,False,daily,58.98,59.47,58.74,58.77,166400.0,58.98,59.47,58.74,58.77,166400.0
2012-07-27,False,daily,58.72,59.729,57.26,59.1,401800.0,58.72,59.729,57.26,59.1,401800.0
2012-07-26,False,daily,58.4,58.4,57.0,57.72,240400.0,58.4,58.4,57.0,57.72,240400.0
2012-07-25,False,daily,56.98,57.42,56.58,57.27,193100.0,56.98,57.42,56.58,57.27,193100.0
2012-07-24,False,daily,57.1,57.37,56.4001,56.86,177000.0,57.1,57.37,56.4001,56.86,177000.0
2012-07-23,False,daily,56.63,57.45,56.49,57.08,169300.0,56.63,57.45,56.49,57.08,169300.0
2012-07-20,False,daily,58.42,58.58,57.9,58.05,232500.0,58.42,58.58,57.9,58.05,232500.0
2012-07-19,False,daily,59.51,60.18,58.93,59.05,408200.0,59.51,60.18,58.93,59.05,408200.0
2012-07-18,False,daily,58.66,59.95,58.58,59.44,362800.0,58.66,59.95,58.58,59.44,362800.0
2012-07-17,False,daily,58.64,59.15,57.74,58.88,359000.0,58.64,59.15,57.74,58.88,359000.0
2012-07-16,False,daily,58.49,58.65,57.7,58.31,127000.0,58.49,58.65,57.7,58.31,127000.0
2012-07-13,False,daily,56.93,58.63,56.68,58.54,195900.0,56.93,58.63,56.68,58.54,195900.0
2012-07-12,False,daily,56.54,56.83,55.95,56.39,343300.0,56.54,56.83,55.95,56.39,343300.0
2012-07-11,False,daily,56.66,57.09,56.24,56.89,294800.0,56.66,57.09,56.24,56.89,294800.0
2012-07-10,False,daily,57.11,57.77,56.1,56.5,188600.0,57.11,57.77,56.1,56.5,188600.0
2012-07-09,False,daily,57.47,57.91,56.48,56.8,253300.0,57.47,57.91,56.48,56.8,253300.0
2012-07-06,False,daily,57.52,57.87,57.17,57.72,192000.0,57.52,57.87,57.17,57.72,192000.0
2012-07-05,False,daily,58.42,58.95,57.93,58.05,226000.0,58.42,58.95,57.93,58.05,226000.0
2012-07-03,False,daily,58.2,58.95,57.998,58.84,134700.0,58.2,58.95,57.998,58.84,134700.0
2012-07-02,False,daily,58.69,58.81,57.842,58.27,272300.0,58.69,58.81,57.842,58.27,272300.0
2012-06-29,False,daily,58.08,58.82,57.93,58.72,302800.0,58.08,58.82,57.93,58.72,302800.0
2012-06-28,False,daily,56.29,57.04,55.61,56.97,285500.0,56.29,57.04,55.61,56.97,285500.0
2012-06-27,False,daily,56.95,57.36,56.39,57.17,197000.0,56.95,57.36,56.39,57.17,197000.0
2012-06-26,False,daily,55.98,56.97,55.42,56.73,492400.0,55.98,56.97,55.42,56.73,492400.0
2012-06-25,False,daily,55.86,56.315,55.12,55.95,563100.0,55.86,56.315,55.12,55.95,563100.0
2012-06-22,False,daily,56.36,57.72,55.72,56.77,4906700.0,56.36,57.72,55.72,56.77,4906700.0
2012-06-21,False,daily,58.11,58.77,55.57,55.67,332200.0,58.11,58.77,55.57,55.67,332200.0
2012-06-20,False,daily,57.14,58.44,56.75,58.26,443900.0,57.14,58.44,56.75,58.26,443900.0
2012-06-19,False,daily,57.25,57.98,56.48,56.97,524600.0,57.25,57.98,56.48,56.97,524600.0
2012-06-18,False,daily,56.71,57.72,56.59,56.82,345600.0,56.71,57.72,56.59,56.82,345600.0
2012-06-15,False,daily,56.64,57.7,56.42,57.27,686500.0,56.64,57.7,56.42,57.27,686500.0
2012-06-14,False,daily,56.03,57.313,56.03,56.75,494500.0,56.03,57.313,56.03,56.75,494500.0
2012-06-13,False,daily,56.11,57.14,55.84,56.12,342200.0,56.11,57.14,55.84,56.12,342200.0
2012-06-12,False,daily,55.56,56.49,55.28,56.18,366800.0,55.56,56.49,55.28,56.18,366800.0
2012-06-11,False,daily,57.3,57.59,55.23,55.28,350900.0,57.3,57.59,55.23,55.28,350900.0
2012-06-08,False,daily,56.17,57.2,55.57,56.75,358500.0,56.17,57.2,55.57,56.75,358500.0
2012-06-07,False,daily,56.94,57.63,56.62,56.65,476700.0,56.94,57.63,56.62,56.65,476700.0
2012-06-06,False,daily,55.61,56.3,54.98,55.9,396200.0,55.61,56.3,54.98,55.9,396200.0
2012-06-05,False,daily,54.48,55.5,54.29,54.94,426500.0,54.48,55.5,54.29,54.94,426500.0
2012-06-04,False,daily,56.16,56.16,54.12,54.75,416000.0,56.16,56.16,54.12,54.75,416000.0
2012-06-01,False,daily,57.99,58.2,55.32,55.6,648600.0,57.99,58.2,55.32,55.6,648600.0
2012-05-31,False,daily,59.63,60.31,58.49,59.66,263800.0,59.63,60.31,58.49,59.66,263800.0
2012-05-30,False,daily,60.83,61.0799,59.61,59.82,171600.0,60.83,61.0799,59.61,59.82,171600.0
2012-05-29,False,daily,61.22,62.1,60.61,61.75,241300.0,61.22,62.1,60.61,61.75,241300.0
2012-05-25,False,daily,60.29,60.82,59.73,59.96,148600.0,60.29,60.82,59.73,59.96,148600.0
2012-05-24,False,daily,59.99,60.29,59.21,60.28,144200.0,59.99,60.29,59.21,60.28,144200.0
2012-05-23,False,daily,57.99,59.88,57.68,59.73,206000.0,57.99,59.88,57.68,59.73,206000.0
2012-05-22,False,daily,58.98,59.95,58.26,58.79,213000.0,58.98,59.95,58.26,58.79,213000.0
2012-05-21,False,daily,58.02,59.24,57.61,58.86,281600.0,58.02,59.24,57.61,58.86,281600.0
2012-05-18,False,daily,57.63,58.85,57.25,57.792,652000.0,57.63,58.85,57.25,57.792,652000.0
2012-05-17,False,daily,60.11,60.44,57.76,57.82,397300.0,60.11,60.44,57.76,57.82,397300.0
2012-05-16,False,daily,60.86,61.59,60.04,60.07,262000.0,60.86,61.59,60.04,60.07,262000.0
2012-05-15,False,daily,60.57,61.425,60.28,60.57,331100.0,60.57,61.425,60.28,60.57,331100.0
2012-05-14,False,daily,61.61,61.87,60.69,60.72,256600.0,61.61,61.87,60.69,60.72,256600.0
2012-05-11,False,daily,61.83,63.17,61.51,62.52,194600.0,61.83,63.17,61.51,62.52,194600.0
2012-05-10,False,daily,62.92,63.49,62.81,63.15,185000.0,62.92,63.49,62.81,63.15,185000.0
2012-05-09,False,daily,61.92,62.51,61.12,62.16,286000.0,61.92,62.51,61.12,62.16,286000.0
2012-05-08,False,daily,62.26,63.19,61.8,62.92,277400.0,62.26,63.19,61.8,62.92,277400.0
2012-05-07,False,daily,62.05,63.32,62.01,62.86,149000.0,62.05,63.32,62.01,62.86,149000.0
2012-05-04,False,daily,63.16,63.75,61.85,62.33,329300.0,63.16,63.75,61.85,62.33,329300.0
2012-05-03,False,daily,64.03,64.91,63.54,63.64,554600.0,64.03,64.91,63.54,63.64,554600.0
2012-05-02,False,daily,63.63,64.4,63.3,64.15,309600.0,63.63,64.4,63.3,64.15,309600.0
2012-05-01,False,daily,63.93,65.23,63.87,64.37,366600.0,63.93,65.23,63.87,64.37,366600.0
2012-04-30,False,daily,65.59,65.59,63.89,64.09,282000.0,65.59,65.59,63.89,64.09,282000.0
2012-04-27,False,daily,65.79,66.0694,64.5,65.7,404900.0,65.79,66.0694,64.5,65.7,404900.0
2012-04-26,False,daily,64.6,65.86,64.15,65.33,429600.0,64.6,65.86,64.15,65.33,429600.0
2012-04-25,False,daily,64.29,65.34,63.97,64.98,270300.0,64.29,65.34,63.97,64.98,270300.0
2012-04-24,False,daily,62.62,63.88,62.06,63.6,204100.0,62.62,63.88,62.06,63.6,204100.0
2012-04-23,False,daily,62.07,62.69,61.36,62.42,325500.0,62.07,62.69,61.36,62.42,325500.0
2012-04-20,False,daily,63.76,64.16,63.06,63.23,267700.0,63.76,64.16,63.06,63.23,267700.0
2012-04-19,False,daily,63.14,63.65,62.03,62.55,177000.0,63.14,63.65,62.03,62.55,177000.0
2012-04-18,False,daily,63.14,63.72,62.4,62.92,208500.0,63.14,63.72,62.4,62.92,208500.0
2012-04-17,False,daily,62.45,64.31,62.38,63.61,372400.0,62.45,64.31,62.38,63.61,372400.0
2012-04-16,False,daily,61.88,62.285,61.04,61.86,243200.0,61.88,62.285,61.04,61.86,243200.0
2012-04-13,False,daily,63.51,63.75,61.33,61.37,297300.0,63.51,63.75,61.33,61.37,297300.0
2012-04-12,False,daily,62.72,64.36,62.61,64.0,371700.0,62.72,64.36,62.61,64.0,371700.0
2012-04-11,False,daily,61.66,62.65,61.57,62.515,365800.0,61.66,62.65,61.57,62.515,365800.0
2012-04-10,False,daily,62.42,62.634,60.85,60.96,294900.0,62.42,62.634,60.85,60.96,294900.0
2012-04-09,False,daily,62.36,62.93,61.9,62.36,257400.0,62.36,62.93,61.9,62.36,257400.0
2012-04-05,False,daily,63.63,64.13,63.1,63.63,172200.0,63.63,64.13,63.1,63.63,172200.0
2012-04-04,False,daily,63.71,64.29,63.03,63.825,238500.0,63.71,64.29,63.03,63.825,238500.0
2012-04-03,False,daily,62.79,64.65,62.79,64.63,526100.0,62.79,64.65,62.79,64.63,526100.0
2012-04-02,False,daily,64.7,64.79,63.46,64.43,495800.0,64.7,64.79,63.46,64.43,495800.0
2012-03-30,False,daily,65.29,65.29,63.92,64.34,361300.0,65.29,65.29,63.92,64.34,361300.0
2012-03-29,False,daily,65.3,65.42,63.35,64.63,579600.0,65.3,65.42,63.35,64.63,579600.0
2012-03-28,False,daily,66.07,66.52,65.15,65.59,480700.0,66.07,66.52,65.15,65.59,480700.0
2012-03-27,False,daily,67.49,67.49,65.86,65.93,495500.0,67.49,67.49,65.86,65.93,495500.0
2012-03-26,False,daily,65.64,67.47,65.23,67.44,349500.0,65.64,67.47,65.23,67.44,349500.0
2012-03-23,False,daily,65.58,66.46,64.83,66.32,387100.0,65.58,66.46,64.83,66.32,387100.0
2012-03-22,False,daily,65.19,65.68,64.31,65.42,339700.0,65.19,65.68,64.31,65.42,339700.0
2012-03-21,False,daily,66.63,66.7576,65.62,65.87,253500.0,66.63,66.7576,65.62,65.87,253500.0
2012-03-20,False,daily,65.84,66.96,65.39,66.29,298000.0,65.84,66.96,65.39,66.29,298000.0
2012-03-19,False,daily,65.99,67.22,65.44,66.5,599800.0,65.99,67.22,65.44,66.5,599800.0
2012-03-16,False,daily,66.41,67.06,65.4,66.17,913500.0,66.41,67.06,65.4,66.17,913500.0
2012-03-15,False,daily,64.51,66.82,64.26,66.11,448200.0,64.51,66.82,64.26,66.11,448200.0
2012-03-14,False,daily,64.85,66.17,64.33,64.59,346000.0,64.85,66.17,64.33,64.59,346000.0
2012-03-13,False,daily,62.53,65.81,62.51,65.69,508900.0,62.53,65.81,62.51,65.69,508900.0
2012-03-12,False,daily,62.1,62.82,61.62,62.25,378500.0,62.1,62.82,61.62,62.25,378500.0
2012-03-09,False,daily,61.34,62.98,61.27,62.44,282700.0,61.34,62.98,61.27,62.44,282700.0
2012-03-08,False,daily,60.01,61.6,59.61,61.36,463000.0,60.01,61.6,59.61,61.36,463000.0
2012-03-07,False,daily,59.54,60.16,59.12,59.58,368400.0,59.54,60.16,59.12,59.58,368400.0
2012-03-06,False,daily,59.17,59.72,58.4,59.12,488600.0,59.17,59.72,58.4,59.12,488600.0
2012-03-05,False,daily,58.63,59.63,58.43,59.57,362200.0,58.63,59.63,58.43,59.57,362200.0
2012-03-02,False,daily,59.73,60.45,58.9,59.06,452000.0,59.73,60.45,58.9,59.06,452000.0
2012-03-01,False,daily,59.68,61.16,59.66,60.27,632900.0,59.68,61.16,59.66,60.27,632900.0
2012-02-29,False,daily,60.26,61.0,59.2774,59.28,393600.0,60.26,61.0,59.2774,59.28,393600.0
2012-02-28,False,daily,60.6,61.05,59.97,60.65,299700.0,60.6,61.05,59.97,60.65,299700.0
2012-02-27,False,daily,60.24,61.06,59.88,60.64,277100.0,60.24,61.06,59.88,60.64,277100.0
2012-02-24,False,daily,60.59,60.94,59.97,60.85,470000.0,60.59,60.94,59.97,60.85,470000.0
2012-02-23,False,daily,59.13,60.62,59.0,60.55,241000.0,59.13,60.62,59.0,60.55,241000.0
2012-02-22,False,daily,59.64,60.16,59.12,59.16,280300.0,59.64,60.16,59.12,59.16,280300.0
2012-02-21,False,daily,60.63,60.96,59.66,60.15,253400.0,60.63,60.96,59.66,60.15,253400.0
2012-02-17,False,daily,61.34,61.34,60.51,60.83,383900.0,61.34,61.34,60.51,60.83,383900.0
2012-02-16,False,daily,59.75,61.21,59.37,61.01,395000.0,59.75,61.21,59.37,61.01,395000.0
2012-02-15,False,daily,59.5,60.0,59.16,59.43,433300.0,59.5,60.0,59.16,59.43,433300.0
2012-02-14,False,daily,58.36,59.18,57.41,59.13,422100.0,58.36,59.18,57.41,59.13,422100.0
2012-02-13,False,daily,57.94,58.6,57.89,58.57,271400.0,57.94,58.6,57.89,58.57,271400.0
2012-02-10,False,daily,57.52,58.01,56.69,57.515,489700.0,57.52,58.01,56.69,57.515,489700.0
2012-02-09,False,daily,59.11,59.59,57.93,58.0,308200.0,59.11,59.59,57.93,58.0,308200.0
2012-02-08,False,daily,58.96,59.6,58.7,59.1,553600.0,58.96,59.6,58.7,59.1,553600.0
2012-02-07,False,daily,58.25,59.23,57.98,58.72,495600.0,58.25,59.23,57.98,58.72,495600.0
2012-02-06,False,daily,57.75,58.77,57.75,58.31,312600.0,57.75,58.77,57.75,58.31,312600.0
2012-02-03,False,daily,59.34,59.8,58.55,58.81,583900.0,59.34,59.8,58.55,58.81,583900.0
2012-02-02,False,daily,59.02,59.71,57.901,58.13,686700.0,59.02,59.71,57.901,58.13,686700.0
2012-02-01,False,daily,58.1,60.15,58.1,59.96,985500.0,58.1,60.15,58.1,59.96,985500.0
2012-01-31,False,daily,57.04,58.25,56.91,58.04,858600.0,57.04,58.25,56.91,58.04,858600.0
2012-01-30,False,daily,56.26,57.3,55.56,56.78,648500.0,56.26,57.3,55.56,56.78,648500.0
2012-01-27,False,daily,53.5,57.49,53.5,56.57,966400.0,53.5,57.49,53.5,56.57,966400.0
2012-01-26,False,daily,55.31,55.33,51.96,53.0,827600.0,55.31,55.33,51.96,53.0,827600.0
2012-01-25,False,daily,53.07,55.42,52.87,54.97,849100.0,53.07,55.42,52.87,54.97,849100.0
2012-01-24,False,daily,53.54,53.79,52.67,53.22,595200.0,53.54,53.79,52.67,53.22,595200.0
2012-01-23,False,daily,54.83,55.0,53.77,53.9,338900.0,54.83,55.0,53.77,53.9,338900.0
2012-01-20,False,daily,54.7,55.1,53.88,54.93,346700.0,54.7,55.1,53.88,54.93,346700.0
2012-01-19,False,daily,55.7,55.73,54.59,54.88,203500.0,55.7,55.73,54.59,54.88,203500.0
2012-01-18,False,daily,54.21,55.29,54.0,55.1,307900.0,54.21,55.29,54.0,55.1,307900.0
2012-01-17,False,daily,52.86,54.59,52.86,54.28,471700.0,52.86,54.59,52.86,54.28,471700.0
2012-01-13,False,daily,54.05,54.54,53.55,53.905,390200.0,54.05,54.54,53.55,53.905,390200.0
2012-01-12,False,daily,55.19,55.6799,54.17,55.26,391800.0,55.19,55.6799,54.17,55.26,391800.0
2012-01-11,False,daily,55.0,55.36,54.43,55.09,642100.0,55.0,55.36,54.43,55.09,642100.0
2012-01-10,False,daily,54.01,55.64,53.83,55.32,893700.0,54.01,55.64,53.83,55.32,893700.0
2012-01-09,False,daily,51.61,53.39,51.15,53.37,508200.0,51.61,53.39,51.15,53.37,508200.0
2012-01-06,False,daily,51.7,52.48,50.6,51.61,461500.0,51.7,52.48,50.6,51.61,461500.0
2012-01-05,False,daily,49.72,52.36,49.31,51.59,653800.0,49.72,52.36,49.31,51.59,653800.0
2012-01-04,False,daily,48.34,49.71,47.54,49.25,258500.0,48.34,49.71,47.54,49.25,258500.0
2012-01-03,False,daily,48.97,50.35,48.72,48.84,276300.0,48.97,50.35,48.72,48.84,276300.0
2013-12-31,False,daily,105.18,105.984,104.5,104.86,137300.0,105.18,105.984,104.5,104.86,137300.0
2013-12-30,False,daily,104.95,105.5,104.315,104.9,185600.0,104.95,105.5,104.315,104.9,185600.0
2013-12-27,False,daily,104.73,105.72,104.56,105.04,139300.0,104.73,105.72,104.56,105.04,139300.0
2013-12-26,False,daily,106.4,106.99,105.0,105.28,170500.0,106.4,106.99,105.0,105.28,170500.0
2013-12-24,False,daily,105.97,106.77,105.641,106.1,53700.0,105.97,106.77,105.641,106.1,53700.0
2013-12-23,False,daily,104.39,106.2599,103.8,105.95,172600.0,104.39,106.2599,103.8,105.95,172600.0
2013-12-20,False,daily,104.06,105.0,103.85,104.01,663000.0,104.06,105.0,103.85,104.01,663000.0
2013-12-19,False,daily,103.33,104.36,103.0425,103.99,304000.0,103.33,104.36,103.0425,103.99,304000.0
2013-12-18,False,daily,102.06,104.08,100.65,103.87,292800.0,102.06,104.08,100.65,103.87,292800.0
2013-12-17,False,daily,102.52,102.77,101.28,101.72,285700.0,102.52,102.77,101.28,101.72,285700.0
2013-12-16,False,daily,100.85,103.4599,100.02,102.41,437200.0,100.85,103.4599,100.02,102.41,437200.0
2013-12-13,False,daily,100.1,100.91,99.11,99.98,241000.0,100.1,100.91,99.11,99.98,241000.0
2013-12-12,False,daily,98.76,100.55,98.72,99.99,218300.0,98.76,100.55,98.72,99.99,218300.0
2013-12-11,False,daily,100.67,101.53,98.59,98.76,221300.0,100.67,101.53,98.59,98.76,221300.0
2013-12-10,False,daily,101.34,102.56,100.46,100.74,193600.0,101.34,102.56,100.46,100.74,193600.0
2013-12-09,False,daily,102.66,103.0,101.42,101.99,241700.0,102.66,103.0,101.42,101.99,241700.0
2013-12-06,False,daily,102.02,102.97,101.65,102.58,200600.0,102.02,102.97,101.65,102.58,200600.0
2013-12-05,False,daily,99.34,100.82,97.0,100.75,273500.0,99.34,100.82,97.0,100.75,273500.0
2013-12-04,False,daily,99.31,101.17,98.21,99.31,217400.0,99.31,101.17,98.21,99.31,217400.0
2013-12-03,False,daily,100.64,101.06,98.49,99.48,197900.0,100.64,101.06,98.49,99.48,197900.0
2013-12-02,False,daily,101.0,103.36,100.51,100.87,198700.0,101.0,103.36,100.51,100.87,198700.0
2013-11-29,False,daily,101.89,102.11,101.14,101.24,50500.0,101.89,102.11,101.14,101.24,50500.0
2013-11-27,False,daily,102.02,102.2,100.67,101.66,181300.0,102.02,102.2,100.67,101.66,181300.0
2013-11-26,False,daily,101.23,102.0,100.36,101.69,158300.0,101.23,102.0,100.36,101.69,158300.0
2013-11-25,False,daily,101.98,102.68,100.73,101.02,164900.0,101.98,102.68,100.73,101.02,164900.0
2013-11-22,False,daily,101.0,102.13,100.15,102.01,149500.0,101.0,102.13,100.15,102.01,149500.0
2013-11-21,False,daily,98.92,101.21,98.69,101.11,225600.0,98.92,101.21,98.69,101.11,225600.0
2013-11-20,False,daily,98.53,98.89,97.34,98.25,200700.0,98.53,98.89,97.34,98.25,200700.0
2013-11-19,False,daily,97.54,98.72,97.23,98.28,220400.0,97.54,98.72,97.23,98.28,220400.0
2013-11-18,False,daily,98.06,99.23,97.15,97.84,265500.0,98.06,99.23,97.15,97.84,265500.0
2013-11-15,False,daily,99.16,99.16,96.9,97.77,160500.0,99.16,99.16,96.9,97.77,160500.0
2013-11-14,False,daily,98.25,99.31,97.41,98.86,193700.0,98.25,99.31,97.41,98.86,193700.0
2013-11-13,False,daily,96.1,98.11,95.87,98.0,251400.0,96.1,98.11,95.87,98.0,251400.0
2013-11-12,False,daily,97.43,98.23,96.45,96.9,234300.0,97.43,98.23,96.45,96.9,234300.0
2013-11-11,False,daily,98.55,99.01,97.44,97.91,199000.0,98.55,99.01,97.44,97.91,199000.0
2013-11-08,False,daily,94.72,99.45,94.72,99.17,321600.0,94.72,99.45,94.72,99.17,321600.0
2013-11-07,False,daily,96.63,96.97,94.57,94.77,164200.0,96.63,96.97,94.57,94.77,164200.0
2013-11-06,False,daily,96.63,96.99,95.84,96.18,122900.0,96.63,96.99,95.84,96.18,122900.0
2013-11-05,False,daily,95.21,97.32,94.93,96.41,202100.0,95.21,97.32,94.93,96.41,202100.0
2013-11-04,False,daily,95.09,95.85,94.53,95.64,196400.0,95.09,95.85,94.53,95.64,196400.0
2013-11-01,False,daily,95.68,96.28,94.87,95.16,202600.0,95.68,96.28,94.87,95.16,202600.0
2013-10-31,False,daily,96.35,96.78,95.69,95.78,247400.0,96.35,96.78,95.69,95.78,247400.0
2013-10-30,False,daily,96.45,97.54,96.32,96.59,171700.0,96.45,97.54,96.32,96.59,171700.0
2013-10-29,False,daily,97.38,97.86,95.8,96.69,272000.0,97.38,97.86,95.8,96.69,272000.0
2013-10-28,False,daily,96.63,97.99,95.91,97.77,297700.0,96.63,97.99,95.91,97.77,297700.0
2013-10-25,False,daily,96.55,100.0,94.91,96.39,414700.0,96.55,100.0,94.91,96.39,414700.0
2013-10-24,False,daily,94.84,96.19,94.365,95.36,385600.0,94.84,96.19,94.365,95.36,385600.0
2013-10-23,False,daily,94.79,95.19,93.58,94.73,167300.0,94.79,95.19,93.58,94.73,167300.0
2013-10-22,False,daily,95.64,96.14,94.75,95.12,273000.0,95.64,96.14,94.75,95.12,273000.0
2013-10-21,False,daily,95.0,96.3714,94.93,95.49,244000.0,95.0,96.3714,94.93,95.49,244000.0
2013-10-18,False,daily,95.65,95.72,94.64,95.3,342500.0,95.65,95.72,94.64,95.3,342500.0
2013-10-17,False,daily,94.64,95.895,94.022,95.5,286300.0,94.64,95.895,94.022,95.5,286300.0
2013-10-16,False,daily,94.17,95.82,94.17,94.84,221600.0,94.17,95.82,94.17,94.84,221600.0
2013-10-15,False,daily,94.29,95.8,93.42,93.62,324100.0,94.29,95.8,93.42,93.62,324100.0
2013-10-14,False,daily,93.16,94.77,93.05,94.42,274000.0,93.16,94.77,93.05,94.42,274000.0
2013-10-11,False,daily,91.36,93.93,90.02,93.5,392900.0,91.36,93.93,90.02,93.5,392900.0
2013-10-10,False,daily,89.31,90.8,88.49,90.79,226900.0,89.31,90.8,88.49,90.79,226900.0
2013-10-09,False,daily,87.94,89.0,87.5,88.29,395400.0,87.94,89.0,87.5,88.29,395400.0
2013-10-08,False,daily,87.64,88.48,87.1,87.18,161400.0,87.64,88.48,87.1,87.18,161400.0
2013-10-07,False,daily,89.23,89.76,87.69,87.82,295200.0,89.23,89.76,87.69,87.82,295200.0
2013-10-04,False,daily,88.7,90.57,88.49,89.86,190500.0,88.7,90.57,88.49,89.86,190500.0
2013-10-03,False,daily,87.88,89.45,87.66,88.64,475400.0,87.88,89.45,87.66,88.64,475400.0
2013-10-02,False,daily,88.21,88.434,86.995,87.61,248700.0,88.21,88.434,86.995,87.61,248700.0
2013-10-01,False,daily,86.12,89.3,86.06,88.73,557200.0,86.12,89.3,86.06,88.73,557200.0
2013-09-30,False,daily,84.75,86.6,83.69,86.37,297600.0,84.75,86.6,83.69,86.37,297600.0
2013-09-27,False,daily,84.55,86.1887,84.5,85.91,427200.0,84.55,86.1887,84.5,85.91,427200.0
2013-09-26,False,daily,84.79,85.87,83.876,84.72,289400.0,84.79,85.87,83.876,84.72,289400.0
2013-09-25,False,daily,83.44,84.81,82.36,84.43,383000.0,83.44,84.81,82.36,84.43,383000.0
2013-09-24,False,daily,81.96,83.37,81.022,83.16,369800.0,81.96,83.37,81.022,83.16,369800.0
2013-09-23,False,daily,82.54,82.93,81.08,81.79,195100.0,82.54,82.93,81.08,81.79,195100.0
2013-09-20,False,daily,81.29,82.98,81.29,82.86,528300.0,81.29,82.98,81.29,82.86,528300.0
2013-09-19,False,daily,84.73,85.02,79.54,81.29,650700.0,84.73,85.02,79.54,81.29,650700.0
2013-09-18,False,daily,86.32,86.75,84.51,84.618,299600.0,86.32,86.75,84.51,84.618,299600.0
2013-09-17,False,daily,84.31,86.36,84.17,86.21,181700.0,84.31,86.36,84.17,86.21,181700.0
2013-09-16,False,daily,84.5,84.75,83.54,84.25,99600.0,84.5,84.75,83.54,84.25,99600.0
2013-09-13,False,daily,83.8,84.23,83.25,83.642,212400.0,83.8,84.23,83.25,83.642,212400.0
2013-09-12,False,daily,84.58,84.664,83.59,83.86,80000.0,84.58,84.664,83.59,83.86,80000.0
2013-09-11,False,daily,84.5,85.1,84.03,84.31,137800.0,84.5,85.1,84.03,84.31,137800.0
2013-09-10,False,daily,83.93,84.7,83.68,84.61,152000.0,83.93,84.7,83.68,84.61,152000.0
2013-09-09,False,daily,83.4,84.098,82.56,83.86,146700.0,83.4,84.098,82.56,83.86,146700.0
2013-09-06,False,daily,84.42,85.02,81.64,83.07,257700.0,84.42,85.02,81.64,83.07,257700.0
2013-09-05,False,daily,83.43,85.0,83.43,84.13,209600.0,83.43,85.0,83.43,84.13,209600.0
2013-09-04,False,daily,83.02,84.27,82.61,83.38,163900.0,83.02,84.27,82.61,83.38,163900.0
2013-09-03,False,daily,83.58,84.84,81.85,82.75,410500.0,83.58,84.84,81.85,82.75,410500.0
2013-08-30,False,daily,84.52,84.535,82.28,82.8,247600.0,84.52,84.535,82.28,82.8,247600.0
2013-08-29,False,daily,84.2,86.02,84.2,84.55,108900.0,84.2,86.02,84.2,84.55,108900.0
2013-08-28,False,daily,84.1,84.55,83.638,84.29,318700.0,84.1,84.55,83.638,84.29,318700.0
2013-08-27,False,daily,86.19,86.19,83.78,84.04,124700.0,86.19,86.19,83.78,84.04,124700.0
2013-08-26,False,daily,88.18,88.87,86.57,86.88,161500.0,88.18,88.87,86.57,86.88,161500.0
2013-08-23,False,daily,88.89,89.97,87.61,88.24,82100.0,88.89,89.97,87.61,88.24,82100.0
2013-08-22,False,daily,87.9,89.25,87.6,88.84,84200.0,87.9,89.25,87.6,88.84,84200.0
2013-08-21,False,daily,87.62,88.915,87.22,88.0,204400.0,87.62,88.915,87.22,88.0,204400.0
2013-08-20,False,daily,86.16,88.3,86.1,87.83,195400.0,86.16,88.3,86.1,87.83,195400.0
2013-08-19,False,daily,87.25,87.66,85.91,86.3,146700.0,87.25,87.66,85.91,86.3,146700.0
2013-08-16,False,daily,85.79,87.79,85.79,87.52,203500.0,85.79,87.79,85.79,87.52,203500.0
2013-08-15,False,daily,87.31,87.45,85.77,86.16,148400.0,87.31,87.45,85.77,86.16,148400.0
2013-08-14,False,daily,88.12,88.596,87.28,87.61,107900.0,88.12,88.596,87.28,87.61,107900.0
2013-08-13,False,daily,86.48,87.96,86.07,87.94,150900.0,86.48,87.96,86.07,87.94,150900.0
2013-08-12,False,daily,86.6,87.18,86.27,86.44,188700.0,86.6,87.18,86.27,86.44,188700.0
2013-08-09,False,daily,87.34,88.03,86.85,87.05,120200.0,87.34,88.03,86.85,87.05,120200.0
2013-08-08,False,daily,87.23,87.75,86.24,87.39,108400.0,87.23,87.75,86.24,87.39,108400.0
2013-08-07,False,daily,86.98,86.985,85.715,86.67,164800.0,86.98,86.985,85.715,86.67,164800.0
2013-08-06,False,daily,88.02,88.49,86.78,87.12,177000.0,88.02,88.49,86.78,87.12,177000.0
2013-08-05,False,daily,88.42,89.11,88.075,88.42,158900.0,88.42,89.11,88.075,88.42,158900.0
2013-08-02,False,daily,88.95,89.43,88.22,88.5,223100.0,88.95,89.43,88.22,88.5,223100.0
2013-08-01,False,daily,88.22,89.52,87.0,89.25,475900.0,88.22,89.52,87.0,89.25,475900.0
2013-07-31,False,daily,87.47,88.94,87.16,87.234,494400.0,87.47,88.94,87.16,87.234,494400.0
2013-07-30,False,daily,87.7,89.08,87.32,87.54,285900.0,87.7,89.08,87.32,87.54,285900.0
2013-07-29,False,daily,89.18,89.47,87.47,87.67,259100.0,89.18,89.47,87.47,87.67,259100.0
2013-07-26,False,daily,89.83,91.46,85.87,89.26,595100.0,89.83,91.46,85.87,89.26,595100.0
2013-07-25,False,daily,89.82,90.725,89.07,89.71,306000.0,89.82,90.725,89.07,89.71,306000.0
2013-07-24,False,daily,90.24,91.12,89.76,90.1,339200.0,90.24,91.12,89.76,90.1,339200.0
2013-07-23,False,daily,90.01,90.54,88.93,90.28,288700.0,90.01,90.54,88.93,90.28,288700.0
2013-07-22,False,daily,88.28,90.07,88.02,90.04,250800.0,88.28,90.07,88.02,90.04,250800.0
2013-07-19,False,daily,87.68,88.43,87.68,88.23,153500.0,87.68,88.43,87.68,88.23,153500.0
2013-07-18,False,daily,86.44,88.32,86.44,88.24,236600.0,86.44,88.32,86.44,88.24,236600.0
2013-07-17,False,daily,85.96,86.81,85.68,86.04,349200.0,85.96,86.81,85.68,86.04,349200.0
2013-07-16,False,daily,87.27,87.5,84.92,86.09,432800.0,87.27,87.5,84.92,86.09,432800.0
2013-07-15,False,daily,87.35,87.6,86.0,86.85,660000.0,87.35,87.6,86.0,86.85,660000.0
2013-07-12,False,daily,86.95,87.4,86.66,86.94,371300.0,86.95,87.4,86.66,86.94,371300.0
2013-07-11,False,daily,89.41,89.45,86.333,86.75,405200.0,89.41,89.45,86.333,86.75,405200.0
2013-07-10,False,daily,90.05,90.185,88.47,89.01,206400.0,90.05,90.185,88.47,89.01,206400.0
2013-07-09,False,daily,90.37,90.91,88.955,90.17,260200.0,90.37,90.91,88.955,90.17,260200.0
2013-07-08,False,daily,90.17,90.51,89.5,90.12,290300.0,90.17,90.51,89.5,90.12,290300.0
2013-07-05,False,daily,86.83,89.95,86.83,89.87,349200.0,86.83,89.95,86.83,89.87,349200.0
2013-07-04,False,daily,,,,,,,,,,
2013-07-03,False,daily,86.06,87.0,85.83,86.52,130500.0,86.06,87.0,85.83,86.52,130500.0
2013-07-02,False,daily,86.29,87.45,85.67,86.74,366600.0,86.29,87.45,85.67,86.74,366600.0
2013-07-01,False,daily,83.8,86.83,83.5,86.08,484700.0,83.8,86.83,83.5,86.08,484700.0
2013-06-28,False,daily,82.81,83.91,82.33,83.32,326100.0,82.81,83.91,82.33,83.32,326100.0
2013-06-27,False,daily,82.07,83.55,81.71,82.87,368100.0,82.07,83.55,81.71,82.87,368100.0
2013-06-26,False,daily,82.31,82.58,81.18,81.69,485500.0,82.31,82.58,81.18,81.69,485500.0
2013-06-25,False,daily,81.06,82.08,80.34,81.81,633800.0,81.06,82.08,80.34,81.81,633800.0
2013-06-24,False,daily,78.52,80.88,78.155,80.39,480700.0,78.52,80.88,78.155,80.39,480700.0
2013-06-21,False,daily,76.89,79.39,76.53,78.75,993700.0,76.89,79.39,76.53,78.75,993700.0
2013-06-20,False,daily,74.55,76.83,74.43,76.29,408300.0,74.55,76.83,74.43,76.29,408300.0
2013-06-19,False,daily,75.57,75.95,74.77,75.45,315300.0,75.57,75.95,74.77,75.45,315300.0
2013-06-18,False,daily,76.01,76.56,75.63,75.74,268000.0,76.01,76.56,75.63,75.74,268000.0
2013-06-17,False,daily,76.12,76.453,75.37,75.72,239500.0,76.12,76.453,75.37,75.72,239500.0
2013-06-14,False,daily,76.54,76.83,75.55,75.91,208300.0,76.54,76.83,75.55,75.91,208300.0
2013-06-13,False,daily,75.19,76.74,74.66,76.61,141300.0,75.19,76.74,74.66,76.61,141300.0
2013-06-12,False,daily,76.87,76.96,74.98,75.41,108700.0,76.87,76.96,74.98,75.41,108700.0
2013-06-11,False,daily,76.92,78.11,76.23,76.44,197700.0,76.92,78.11,76.23,76.44,197700.0
2013-06-10,False,daily,77.0,78.04,76.57,77.82,115500.0,77.0,78.04,76.57,77.82,115500.0
2013-06-07,False,daily,76.76,76.76,75.865,76.56,174000.0,76.76,76.76,75.865,76.56,174000.0
2013-06-06,False,daily,75.11,76.2,74.35,76.09,232800.0,75.11,76.2,74.35,76.09,232800.0
2013-06-05,False,daily,75.52,75.81,74.06,74.24,182500.0,75.52,75.81,74.06,74.24,182500.0
2013-06-04,False,daily,76.4,76.81,75.08,75.58,270100.0,76.4,76.81,75.08,75.58,270100.0
2013-06-03,False,daily,77.61,77.61,75.03,76.4,286900.0,77.61,77.61,75.03,76.4,286900.0
2013-05-31,False,daily,77.76,78.53,77.39,77.39,367400.0,77.76,78.53,77.39,77.39,367400.0
2013-05-30,False,daily,76.09,78.22,75.96,78.07,284500.0,76.09,78.22,75.96,78.07,284500.0
2013-05-29,False,daily,75.46,76.48,75.27,76.0,168300.0,75.46,76.48,75.27,76.0,168300.0
2013-05-28,False,daily,75.28,75.91,75.13,75.88,190000.0,75.28,75.91,75.13,75.88,190000.0
2013-05-24,False,daily,74.08,74.36,73.33,74.32,87500.0,74.08,74.36,73.33,74.32,87500.0
2013-05-23,False,daily,73.87,74.77,73.51,74.31,199800.0,73.87,74.77,73.51,74.31,199800.0
2013-05-22,False,daily,75.36,75.82,73.95,74.13,222300.0,75.36,75.82,73.95,74.13,222300.0
2013-05-21,False,daily,75.22,75.86,74.6,75.43,76900.0,75.22,75.86,74.6,75.43,76900.0
2013-05-20,False,daily,74.49,75.66,74.49,75.29,148200.0,74.49,75.66,74.49,75.29,148200.0
2013-05-17,False,daily,74.21,74.79,74.12,74.77,148700.0,74.21,74.79,74.12,74.77,148700.0
2013-05-16,False,daily,73.98,75.24,73.51,73.92,149500.0,73.98,75.24,73.51,73.92,149500.0
2013-05-15,False,daily,73.14,74.17,72.89,74.11,208200.0,73.14,74.17,72.89,74.11,208200.0
2013-05-14,False,daily,72.58,73.71,72.58,73.34,122600.0,72.58,73.71,72.58,73.34,122600.0
2013-05-13,False,daily,72.32,72.9199,71.88,72.28,93700.0,72.32,72.9199,71.88,72.28,93700.0
2013-05-10,False,daily,72.23,72.74,72.08,72.42,72500.0,72.23,72.74,72.08,72.42,72500.0
2013-05-09,False,daily,72.11,72.85,72.06,72.23,62000.0,72.11,72.85,72.06,72.23,62000.0
2013-05-08,False,daily,72.34,72.76,71.94,72.51,96000.0,72.34,72.76,71.94,72.51,96000.0
2013-05-07,False,daily,71.4,72.71,71.4,72.6,175000.0,71.4,72.71,71.4,72.6,175000.0
2013-05-06,False,daily,70.86,71.88,70.82,71.42,231500.0,70.86,71.88,70.82,71.42,231500.0
2013-05-03,False,daily,70.71,71.49,70.71,71.04,193900.0,70.71,71.49,70.71,71.04,193900.0
2013-05-02,False,daily,69.34,70.295,69.07,70.17,203800.0,69.34,70.295,69.07,70.17,203800.0
2013-05-01,False,daily,70.52,70.715,69.12,69.25,195900.0,70.52,70.715,69.12,69.25,195900.0
2013-04-30,False,daily,70.63,71.12,70.3,71.11,245500.0,70.63,71.12,70.3,71.11,245500.0
2013-04-29,False,daily,70.0,71.26,69.61,71.06,274400.0,70.0,71.26,69.61,71.06,274400.0
2013-04-26,False,daily,69.2,70.83,68.77,69.85,493200.0,69.2,70.83,68.77,69.85,493200.0
2013-04-25,False,daily,68.35,69.05,67.63,68.35,203200.0,68.35,69.05,67.63,68.35,203200.0
2013-04-24,False,daily,68.08,68.4,67.84,68.26,222400.0,68.08,68.4,67.84,68.26,222400.0
2013-04-23,False,daily,67.19,68.24,67.19,68.2,155600.0,67.19,68.24,67.19,68.2,155600.0
2013-04-22,False,daily,67.04,67.17,66.09,66.81,152300.0,67.04,67.17,66.09,66.81,152300.0
2013-04-19,False,daily,66.47,67.29,65.83,66.99,87900.0,66.47,67.29,65.83,66.99,87900.0
2013-04-18,False,daily,66.98,66.98,65.59,66.1,187800.0,66.98,66.98,65.59,66.1,187800.0
2013-04-17,False,daily,67.35,67.57,66.15,66.67,141400.0,67.35,67.57,66.15,66.67,141400.0
2013-04-16,False,daily,67.3,68.08,66.77,68.0,153400.0,67.3,68.08,66.77,68.0,153400.0
2013-04-15,False,daily,68.57,68.85,66.46,66.57,262600.0,68.57,68.85,66.46,66.57,262600.0
2013-04-12,False,daily,69.15,69.66,68.23,68.9,160000.0,69.15,69.66,68.23,68.9,160000.0
2013-04-11,False,daily,69.83,69.87,69.16,69.62,164800.0,69.83,69.87,69.16,69.62,164800.0
2013-04-10,False,daily,68.45,69.72,68.45,69.64,184200.0,68.45,69.72,68.45,69.64,184200.0
2013-04-09,False,daily,68.22,68.52,67.63,68.16,143100.0,68.22,68.52,67.63,68.16,143100.0
2013-04-08,False,daily,67.84,68.03,66.91,68.01,254100.0,67.84,68.03,66.91,68.01,254100.0
2013-04-05,False,daily,68.09,68.75,67.0,67.58,584600.0,68.09,68.75,67.0,67.58,584600.0
2013-04-04,False,daily,69.2,69.25,68.52,68.86,207500.0,69.2,69.25,68.52,68.86,207500.0
2013-04-03,False,daily,70.6,70.6,68.54,68.73,317400.0,70.6,70.6,68.54,68.73,317400.0
2013-04-02,False,daily,71.0,71.31,70.01,70.21,239400.0,71.0,71.31,70.01,70.21,239400.0
2013-04-01,False,daily,70.89,71.515,69.7501,70.48,222300.0,70.89,71.515,69.7501,70.48,222300.0
2013-03-29,False,daily,,,,,,,,,,
2013-03-28,False,daily,70.34,71.13,70.11,70.94,236100.0,70.34,71.13,70.11,70.94,236100.0
2013-03-27,False,daily,69.85,70.63,69.56,70.57,91900.0,69.85,70.63,69.56,70.57,91900.0
2013-03-26,False,daily,70.41,70.46,69.69,70.39,117600.0,70.41,70.46,69.69,70.39,117600.0
2013-03-25,False,daily,70.03,70.76,69.35,69.96,341400.0,70.03,70.76,69.35,69.96,341400.0
2013-03-22,False,daily,70.33,71.15,70.18,70.74,204200.0,70.33,71.15,70.18,70.74,204200.0
2013-03-21,False,daily,69.82,70.44,69.5,70.18,203000.0,69.82,70.44,69.5,70.18,203000.0
2013-03-20,False,daily,69.67,70.43,69.63,70.38,206100.0,69.67,70.43,69.63,70.38,206100.0
2013-03-19,False,daily,69.05,69.63,68.82,69.39,222600.0,69.05,69.63,68.82,69.39,222600.0
2013-03-18,False,daily,68.62,69.16,67.98,68.88,216200.0,68.62,69.16,67.98,68.88,216200.0
2013-03-15,False,daily,68.98,69.34,68.771,69.14,571800.0,68.98,69.34,68.771,69.14,571800.0
2013-03-14,False,daily,68.33,68.9299,68.16,68.92,96800.0,68.33,68.9299,68.16,68.92,96800.0
2013-03-13,False,daily,68.23,68.35,67.77,68.27,145000.0,68.23,68.35,67.77,68.27,145000.0
2013-03-12,False,daily,68.69,68.86,67.93,68.29,171900.0,68.69,68.86,67.93,68.29,171900.0
2013-03-11,False,daily,68.51,69.28,68.51,68.9,193600.0,68.51,69.28,68.51,68.9,193600.0
2013-03-08,False,daily,68.35,69.31,68.1307,68.65,254300.0,68.35,69.31,68.1307,68.65,254300.0
2013-03-07,False,daily,67.23,67.99,66.98,67.94,218900.0,67.23,67.99,66.98,67.94,218900.0
2013-03-06,False,daily,67.6,67.79,67.14,67.24,190000.0,67.6,67.79,67.14,67.24,190000.0
2013-03-05,False,daily,67.44,67.88,66.75,67.47,219200.0,67.44,67.88,66.75,67.47,219200.0
2013-03-04,False,daily,66.63,67.24,66.25,67.16,214600.0,66.63,67.24,66.25,67.16,214600.0
2013-03-01,False,daily,66.56,66.92,65.73,66.66,365700.0,66.56,66.92,65.73,66.66,365700.0
2013-02-28,False,daily,66.84,67.53,66.75,67.06,275000.0,66.84,67.53,66.75,67.06,275000.0
2013-02-27,False,daily,65.99,67.2,65.94,67.03,210200.0,65.99,67.2,65.94,67.03,210200.0
2013-02-26,False,daily,66.04,66.35,65.445,65.96,724600.0,66.04,66.35,65.445,65.96,724600.0
2013-02-25,False,daily,67.75,68.09,65.65,65.65,346700.0,67.75,68.09,65.65,65.65,346700.0
2013-02-22,False,daily,66.56,67.7,66.104,67.46,406300.0,66.56,67.7,66.104,67.46,406300.0
2013-02-21,False,daily,65.89,67.05,65.89,65.92,478400.0,65.89,67.05,65.89,65.92,478400.0
2013-02-20,False,daily,68.34,68.5,67.32,67.51,208200.0,68.34,68.5,67.32,67.51,208200.0
2013-02-19,False,daily,67.58,68.41,67.58,68.34,218200.0,67.58,68.41,67.58,68.34,218200.0
2013-02-18,False,daily,,,,,,,,,,
2013-02-15,False,daily,67.72,67.93,67.23,67.36,288500.0,67.72,67.93,67.23,67.36,288500.0
2013-02-14,False,daily,67.64,68.16,67.35,67.43,220900.0,67.64,68.16,67.35,67.43,220900.0
2013-02-13,False,daily,67.81,67.9,67.3,67.76,339500.0,67.81,67.9,67.3,67.76,339500.0
2013-02-12,False,daily,67.66,67.94,67.08,67.83,237500.0,67.66,67.94,67.08,67.83,237500.0
2013-02-11,False,daily,67.38,67.86,67.01,67.57,167300.0,67.38,67.86,67.01,67.57,167300.0
2013-02-08,False,daily,67.62,67.94,67.24,67.44,149700.0,67.62,67.94,67.24,67.44,149700.0
2013-02-07,False,daily,67.4,67.72,66.7705,67.59,285800.0,67.4,67.72,66.7705,67.59,285800.0
2013-02-06,False,daily,66.81,67.77,66.81,67.75,241100.0,66.81,67.77,66.81,67.75,241100.0
2013-02-05,False,daily,67.19,67.82,66.5,67.34,513700.0,67.19,67.82,66.5,67.34,513700.0
2013-02-04,False,daily,66.13,67.15,66.13,66.96,532700.0,66.13,67.15,66.13,66.96,532700.0
2013-02-01,False,daily,66.4,67.12,65.77,67.04,490400.0,66.4,67.12,65.77,67.04,490400.0
2013-01-31,False,daily,65.02,66.62,64.956,66.37,535700.0,65.02,66.62,64.956,66.37,535700.0
2013-01-30,False,daily,64.33,65.93,63.59,65.67,564100.0,64.33,65.93,63.59,65.67,564100.0
2013-01-29,False,daily,64.01,65.15,62.92,65.14,473400.0,64.01,65.15,62.92,65.14,473400.0
2013-01-28,False,daily,63.57,64.49,63.48,64.26,370600.0,63.57,64.49,63.48,64.26,370600.0
2013-01-25,False,daily,61.41,64.24,60.7575,64.15,789700.0,61.41,64.24,60.7575,64.15,789700.0
2013-01-24,False,daily,61.37,61.64,60.5,60.65,281400.0,61.37,61.64,60.5,60.65,281400.0
2013-01-23,False,daily,61.47,61.71,60.81,61.17,237700.0,61.47,61.71,60.81,61.17,237700.0
2013-01-22,False,daily,61.37,61.78,61.02,61.378,223400.0,61.37,61.78,61.02,61.378,223400.0
2013-01-21,False,daily,,,,,,,,,,
2013-01-18,False,daily,61.62,61.65,60.77,61.48,164600.0,61.62,61.65,60.77,61.48,164600.0
2013-01-17,False,daily,60.5,61.615,60.5,61.5,162500.0,60.5,61.615,60.5,61.5,162500.0
2013-01-16,False,daily,60.15,60.36,59.9,60.27,76700.0,60.15,60.36,59.9,60.27,76700.0
2013-01-15,False,daily,59.76,60.37,59.3701,60.2,140000.0,59.76,60.37,59.3701,60.2,140000.0
2013-01-14,False,daily,60.04,60.19,59.49,60.08,176100.0,60.04,60.19,59.49,60.08,176100.0
2013-01-11,False,daily,60.58,60.95,59.89,60.17,229600.0,60.58,60.95,59.89,60.17,229600.0
2013-01-10,False,daily,60.7,61.19,60.3,60.9,357900.0,60.7,61.19,60.3,60.9,357900.0
2013-01-09,False,daily,60.4,60.63,60.098,60.39,310200.0,60.4,60.63,60.098,60.39,310200.0
2013-01-08,False,daily,59.87,60.33,59.45,60.31,329200.0,59.87,60.33,59.45,60.31,329200.0
2013-01-07,False,daily,60.0,60.09,59.51,59.86,379600.0,60.0,60.09,59.51,59.86,379600.0
2013-01-04,False,daily,58.8,60.39,58.56,60.34,385700.0,58.8,60.39,58.56,60.34,385700.0
2013-01-03,False,daily,58.05,59.03,57.71,58.98,207500.0,58.05,59.03,57.71,58.98,207500.0
2013-01-02,False,daily,57.43,58.33,56.84,58.24,227100.0,57.43,58.33,56.84,58.24,227100.0
2014-12-31,False,daily,118.4,118.4,116.07,116.07,233319.0,118.4,118.4,116.07,116.07,233319.0
2014-12-30,False,daily,117.99,117.99,116.3,117.72,176558.0,117.99,117.99,116.3,117.72,176558.0
2014-12-29,False,daily,116.65,118.72,115.84,118.09,224271.0,116.65,118.72,115.84,118.09,224271.0
2014-12-26,False,daily,116.94,117.655,116.35,116.95,122455.0,116.94,117.655,116.35,116.95,122455.0
2014-12-24,False,daily,116.4,117.47,115.14,116.93,122794.0,116.4,117.47,115.14,116.93,122794.0
2014-12-23,False,daily,115.57,117.0,114.52,116.42,245038.0,115.57,117.0,114.52,116.42,245038.0
2014-12-22,False,daily,114.61,115.68,114.12,114.84,261516.0,114.61,115.68,114.12,114.84,261516.0
2014-12-19,False,daily,115.63,116.52,114.16,115.03,899063.0,115.63,116.52,114.16,115.03,899063.0
2014-12-18,False,daily,114.0,115.67,112.61,115.66,502946.0,114.0,115.67,112.61,115.66,502946.0
2014-12-17,False,daily,108.89,112.119,107.92,111.895,590189.0,108.89,112.119,107.92,111.895,590189.0
2014-12-16,False,daily,106.09,110.37,105.73,108.26,470556.0,106.09,110.37,105.73,108.26,470556.0
2014-12-15,False,daily,108.85,109.53,106.1,106.95,516607.0,108.85,109.53,106.1,106.95,516607.0
2014-12-12,False,daily,108.99,111.08,108.39,108.47,354618.0,108.99,111.08,108.39,108.47,354618.0
2014-12-11,False,daily,112.445,112.445,109.7,109.95,346582.0,112.445,112.445,109.7,109.95,346582.0
2014-12-10,False,daily,114.01,114.71,109.69,109.81,516523.0,114.01,114.71,109.69,109.81,516523.0
2014-12-09,False,daily,111.24,114.1,109.77,113.74,732359.0,111.24,114.1,109.77,113.74,732359.0
2014-12-08,False,daily,110.45,112.53,110.03,110.275,334031.0,110.45,112.53,110.03,110.275,334031.0
2014-12-05,False,daily,107.37,111.49,107.0,110.58,580059.0,107.37,111.49,107.0,110.58,580059.0
2014-12-04,False,daily,105.83,106.95,105.57,106.75,325284.0,105.83,106.95,105.57,106.75,325284.0
2014-12-03,False,daily,103.93,106.36,103.93,106.23,256189.0,103.93,106.36,103.93,106.23,256189.0
2014-12-02,False,daily,104.23,105.9,103.61,104.35,501458.0,104.23,105.9,103.61,104.35,501458.0
2014-12-01,False,daily,104.56,105.11,100.54,101.14,650853.0,104.56,105.11,100.54,101.14,650853.0
2014-11-28,False,daily,108.83,108.83,104.95,105.15,190556.0,108.83,108.83,104.95,105.15,190556.0
2014-11-26,False,daily,108.01,109.06,108.01,108.64,168556.0,108.01,109.06,108.01,108.64,168556.0
2014-11-25,False,daily,109.31,109.31,107.625,108.76,433281.0,109.31,109.31,107.625,108.76,433281.0
2014-11-24,False,daily,108.33,109.64,107.38,109.23,258102.0,108.33,109.64,107.38,109.23,258102.0
2014-11-21,False,daily,110.64,111.05,107.68,108.08,249683.0,110.64,111.05,107.68,108.08,249683.0
2014-11-20,False,daily,108.09,109.2,107.63,109.13,241034.0,108.09,109.2,107.63,109.13,241034.0
2014-11-19,False,daily,109.88,109.88,107.89,108.835,275658.0,109.88,109.88,107.89,108.835,275658.0
2014-11-18,False,daily,110.43,111.1,109.48,109.62,288390.0,110.43,111.1,109.48,109.62,288390.0
2014-11-17,False,daily,110.73,110.89,109.15,110.07,261452.0,110.73,110.89,109.15,110.07,261452.0
2014-11-14,False,daily,110.22,111.71,110.12,111.04,293067.0,110.22,111.71,110.12,111.04,293067.0
2014-11-13,False,daily,114.23,114.23,110.96,111.46,267833.0,114.23,114.23,110.96,111.46,267833.0
2014-11-12,False,daily,112.02,114.36,112.02,114.21,194568.0,112.02,114.36,112.02,114.21,194568.0
2014-11-11,False,daily,113.61,114.13,112.27,112.97,163166.0,113.61,114.13,112.27,112.97,163166.0
2014-11-10,False,daily,112.89,115.0,111.81,113.43,232598.0,112.89,115.0,111.81,113.43,232598.0
2014-11-07,False,daily,112.72,113.02,111.7,113.0,216351.0,112.72,113.02,111.7,113.0,216351.0
2014-11-06,False,daily,112.81,114.17,112.52,112.92,260877.0,112.81,114.17,112.52,112.92,260877.0
2014-11-05,False,daily,112.63,113.12,111.44,112.68,160808.0,112.63,113.12,111.44,112.68,160808.0
2014-11-04,False,daily,111.67,112.44,110.29,112.02,233578.0,111.67,112.44,110.29,112.02,233578.0
2014-11-03,False,daily,112.33,112.75,110.84,111.73,390905.0,112.33,112.75,110.84,111.73,390905.0
2014-10-31,False,daily,111.74,112.43,110.67,111.99,344457.0,111.74,112.43,110.67,111.99,344457.0
2014-10-30,False,daily,109.92,111.48,109.36,110.57,312400.0,109.92,111.48,109.36,110.57,312400.0
2014-10-29,False,daily,108.14,111.0,106.78,110.58,528527.0,108.14,111.0,106.78,110.58,528527.0
2014-10-28,False,daily,105.11,108.09,104.5,107.98,340425.0,105.11,108.09,104.5,107.98,340425.0
2014-10-27,False,daily,103.54,104.54,101.65,104.47,496839.0,103.54,104.54,101.65,104.47,496839.0
2014-10-24,False,daily,95.52,105.0,95.52,103.71,893376.0,95.52,105.0,95.52,103.71,893376.0
2014-10-23,False,daily,106.62,107.23,105.02,105.99,484681.0,106.62,107.23,105.02,105.99,484681.0
2014-10-22,False,daily,104.91,105.93,103.15,104.48,407666.0,104.91,105.93,103.15,104.48,407666.0
2014-10-21,False,daily,101.75,104.36,100.99,104.36,440382.0,101.75,104.36,100.99,104.36,440382.0
2014-10-20,False,daily,100.49,101.09,99.69,100.74,241009.0,100.49,101.09,99.69,100.74,241009.0
2014-10-17,False,daily,99.6,100.82,99.39,100.54,571689.0,99.6,100.82,99.39,100.54,571689.0
2014-10-16,False,daily,93.9,98.86,93.9,98.74,747475.0,93.9,98.86,93.9,98.74,747475.0
2014-10-15,False,daily,98.57,99.285,91.54,96.02,1582029.0,98.57,99.285,91.54,96.02,1582029.0
2014-10-14,False,daily,100.26,101.11,99.21,100.35,827743.0,100.26,101.11,99.21,100.35,827743.0
2014-10-13,False,daily,101.74,102.78,100.0,100.17,451377.0,101.74,102.78,100.0,100.17,451377.0
2014-10-10,False,daily,103.72,104.8899,101.55,101.59,535737.0,103.72,104.8899,101.55,101.59,535737.0
2014-10-09,False,daily,108.23,108.23,103.42,103.63,597060.0,108.23,108.23,103.42,103.63,597060.0
2014-10-08,False,daily,107.04,108.87,106.51,108.71,283586.0,107.04,108.87,106.51,108.71,283586.0
2014-10-07,False,daily,108.36,109.42,107.32,107.32,286224.0,108.36,109.42,107.32,107.32,286224.0
2014-10-06,False,daily,111.7,112.1,109.16,109.2,223423.0,111.7,112.1,109.16,109.2,223423.0
2014-10-03,False,daily,111.71,112.22,110.72,110.95,248333.0,111.71,112.22,110.72,110.95,248333.0
2014-10-02,False,daily,109.29,110.995,108.29,110.63,320958.0,109.29,110.995,108.29,110.63,320958.0
2014-10-01,False,daily,111.19,112.07,109.36,109.64,534110.0,111.19,112.07,109.36,109.64,534110.0
2014-09-30,False,daily,111.48,112.79,110.45,112.09,390175.0,111.48,112.79,110.45,112.09,390175.0
2014-09-29,False,daily,110.3,111.78,109.94,111.66,296312.0,110.3,111.78,109.94,111.66,296312.0
2014-09-26,False,daily,110.63,111.37,109.94,111.27,244817.0,110.63,111.37,109.94,111.27,244817.0
2014-09-25,False,daily,113.51,114.022,110.62,110.74,382408.0,113.51,114.022,110.62,110.74,382408.0
2014-09-24,False,daily,113.35,113.86,112.1,113.39,499534.0,113.35,113.86,112.1,113.39,499534.0
2014-09-23,False,daily,112.94,114.11,111.44,112.73,417700.0,112.94,114.11,111.44,112.73,417700.0
2014-09-22,False,daily,114.86,114.86,112.11,112.26,326800.0,114.86,114.86,112.11,112.26,326800.0
2014-09-19,False,daily,116.46,117.37,114.55,114.95,550300.0,116.46,117.37,114.55,114.95,550300.0
2014-09-18,False,daily,115.16,116.64,115.16,116.34,300000.0,115.16,116.64,115.16,116.34,300000.0
2014-09-17,False,daily,114.05,115.82,113.61,114.54,391800.0,114.05,115.82,113.61,114.54,391800.0
2014-09-16,False,daily,114.08,115.42,113.385,113.66,375100.0,114.08,115.42,113.385,113.66,375100.0
2014-09-15,False,daily,115.55,115.55,114.03,114.52,271000.0,115.55,115.55,114.03,114.52,271000.0
2014-09-12,False,daily,114.39,116.43,114.385,115.76,421000.0,114.39,116.43,114.385,115.76,421000.0
2014-09-11,False,daily,113.18,114.47,112.6,114.39,363200.0,113.18,114.47,112.6,114.39,363200.0
2014-09-10,False,daily,111.58,114.12,111.03,114.05,351000.0,111.58,114.12,111.03,114.05,351000.0
2014-09-09,False,daily,111.66,112.15,110.69,111.3,296800.0,111.66,112.15,110.69,111.3,296800.0
2014-09-08,False,daily,111.43,111.98,110.71,111.92,279900.0,111.43,111.98,110.71,111.92,279900.0
2014-09-05,False,daily,112.05,112.59,110.93,112.15,215100.0,112.05,112.59,110.93,112.15,215100.0
2014-09-04,False,daily,112.52,113.47,111.675,112.05,227400.0,112.52,113.47,111.675,112.05,227400.0
2014-09-03,False,daily,112.76,112.97,111.62,112.21,269400.0,112.76,112.97,111.62,112.21,269400.0
2014-09-02,False,daily,111.68,113.26,111.58,112.63,398700.0,111.68,113.26,111.58,112.63,398700.0
2014-08-29,False,daily,110.92,111.88,110.43,111.32,282600.0,110.92,111.88,110.43,111.32,282600.0
2014-08-28,False,daily,110.09,111.15,109.42,110.82,325000.0,110.09,111.15,109.42,110.82,325000.0
2014-08-27,False,daily,110.08,110.59,109.93,110.32,321200.0,110.08,110.59,109.93,110.32,321200.0
2014-08-26,False,daily,110.02,110.32,109.67,110.24,260100.0,110.02,110.32,109.67,110.24,260100.0
2014-08-25,False,daily,110.01,110.6,109.67,110.19,185000.0,110.01,110.6,109.67,110.19,185000.0
2014-08-22,False,daily,109.23,109.91,108.02,109.25,190700.0,109.23,109.91,108.02,109.25,190700.0
2014-08-21,False,daily,107.95,109.49,107.0,109.33,352900.0,107.95,109.49,107.0,109.33,352900.0
2014-08-20,False,daily,107.27,108.25,107.01,108.04,144400.0,107.27,108.25,107.01,108.04,144400.0
2014-08-19,False,daily,107.98,108.25,106.72,107.59,277900.0,107.98,108.25,106.72,107.59,277900.0
2014-08-18,False,daily,107.13,108.245,107.07,107.44,234500.0,107.13,108.245,107.07,107.44,234500.0
2014-08-15,False,daily,107.27,108.08,105.8,106.53,398600.0,107.27,108.08,105.8,106.53,398600.0
2014-08-14,False,daily,106.19,107.96,106.19,106.64,354100.0,106.19,107.96,106.19,106.64,354100.0
2014-08-13,False,daily,105.67,107.81,105.4425,106.36,495500.0,105.67,107.81,105.4425,106.36,495500.0
2014-08-12,False,daily,104.26,106.2,104.26,105.37,540400.0,104.26,106.2,104.26,105.37,540400.0
2014-08-11,False,daily,104.13,105.4,103.47,105.12,332400.0,104.13,105.4,103.47,105.12,332400.0
2014-08-08,False,daily,102.71,103.85,102.6,103.68,297500.0,102.71,103.85,102.6,103.68,297500.0
2014-08-07,False,daily,104.66,106.27,102.36,102.56,442800.0,104.66,106.27,102.36,102.56,442800.0
2014-08-06,False,daily,104.06,105.66,104.06,104.45,301000.0,104.06,105.66,104.06,104.45,301000.0
2014-08-05,False,daily,104.48,105.78,104.07,104.6,359600.0,104.48,105.78,104.07,104.6,359600.0
2014-08-04,False,daily,106.22,110.2275,104.45,105.095,441000.0,106.22,110.2275,104.45,105.095,441000.0
2014-08-01,False,daily,108.72,108.92,105.67,105.69,447300.0,108.72,108.92,105.67,105.69,447300.0
2014-07-31,False,daily,110.55,111.635,108.93,109.02,304200.0,110.55,111.635,108.93,109.02,304200.0
2014-07-30,False,daily,109.98,112.24,109.22,111.42,445500.0,109.98,112.24,109.22,111.42,445500.0
2014-07-29,False,daily,110.42,111.42,108.63,109.92,284200.0,110.42,111.42,108.63,109.92,284200.0
2014-07-28,False,daily,111.5,111.5,108.54,110.1,562300.0,111.5,111.5,108.54,110.1,562300.0
2014-07-25,False,daily,110.92,113.46,109.7501,111.56,578400.0,110.92,113.46,109.7501,111.56,578400.0
2014-07-24,False,daily,111.46,112.91,110.92,111.69,494900.0,111.46,112.91,110.92,111.69,494900.0
2014-07-23,False,daily,111.7,112.69,110.89,111.13,358500.0,111.7,112.69,110.89,111.13,358500.0
2014-07-22,False,daily,110.74,112.49,110.74,111.59,444700.0,110.74,112.49,110.74,111.59,444700.0
2014-07-21,False,daily,108.2,110.55,108.2,110.44,262800.0,108.2,110.55,108.2,110.44,262800.0
2014-07-18,False,daily,109.31,110.805,108.62,110.38,248000.0,109.31,110.805,108.62,110.38,248000.0
2014-07-17,False,daily,111.21,112.04,108.75,108.79,316400.0,111.21,112.04,108.75,108.79,316400.0
2014-07-16,False,daily,114.1,114.74,111.19,111.33,377100.0,114.1,114.74,111.19,111.33,377100.0
2014-07-15,False,daily,112.01,114.07,111.38,113.44,353700.0,112.01,114.07,111.38,113.44,353700.0
2014-07-14,False,daily,113.87,114.32,111.49,112.14,358400.0,113.87,114.32,111.49,112.14,358400.0
2014-07-11,False,daily,112.82,113.14,111.55,112.52,242100.0,112.82,113.14,111.55,112.52,242100.0
2014-07-10,False,daily,113.04,114.0,111.0,112.99,460200.0,113.04,114.0,111.0,112.99,460200.0
2014-07-09,False,daily,114.04,114.54,112.84,113.05,403500.0,114.04,114.54,112.84,113.05,403500.0
2014-07-08,False,daily,116.32,116.32,113.12,113.5,420500.0,116.32,116.32,113.12,113.5,420500.0
2014-07-07,False,daily,118.77,118.81,116.59,116.85,205700.0,118.77,118.81,116.59,116.85,205700.0
2014-07-03,False,daily,116.92,119.16,116.92,118.7,285000.0,116.92,119.16,116.92,118.7,285000.0
2014-07-02,False,daily,117.49,118.42,116.45,116.78,232800.0,117.49,118.42,116.45,116.78,232800.0
2014-07-01,False,daily,117.25,118.77,117.01,117.75,498500.0,117.25,118.77,117.01,117.75,498500.0
2014-06-30,False,daily,115.78,116.83,115.33,116.62,432500.0,115.78,116.83,115.33,116.62,432500.0
2014-06-27,False,daily,115.89,116.87,115.26,115.96,443600.0,115.89,116.87,115.26,115.96,443600.0
2014-06-26,False,daily,116.45,116.45,114.27,115.9,681300.0,116.45,116.45,114.27,115.9,681300.0
2014-06-25,False,daily,115.87,116.79,114.81,116.46,425500.0,115.87,116.79,114.81,116.46,425500.0
2014-06-24,False,daily,117.53,118.862,115.71,115.9,435100.0,117.53,118.862,115.71,115.9,435100.0
2014-06-23,False,daily,118.77,119.76,117.55,118.09,335700.0,118.77,119.76,117.55,118.09,335700.0
2014-06-20,False,daily,119.21,120.07,117.61,119.0,580500.0,119.21,120.07,117.61,119.0,580500.0
2014-06-19,False,daily,119.79,119.79,117.82,118.34,419300.0,119.79,119.79,117.82,118.34,419300.0
2014-06-18,False,daily,117.92,119.65,117.256,119.31,783100.0,117.92,119.65,117.256,119.31,783100.0
2014-06-17,False,daily,113.12,118.04,113.04,117.66,776000.0,113.12,118.04,113.04,117.66,776000.0
2014-06-16,False,daily,113.4,113.91,112.47,113.2,432800.0,113.4,113.91,112.47,113.2,432800.0
2014-06-13,False,daily,114.32,114.99,113.08,113.49,393500.0,114.32,114.99,113.08,113.49,393500.0
2014-06-12,False,daily,115.05,116.01,112.03,114.04,604700.0,115.05,116.01,112.03,114.04,604700.0
2014-06-11,False,daily,112.89,114.184,111.33,111.95,319200.0,112.89,114.184,111.33,111.95,319200.0
2014-06-10,False,daily,113.0,114.12,112.42,113.71,396700.0,113.0,114.12,112.42,113.71,396700.0
2014-06-09,False,daily,111.4,114.2297,111.4,113.06,473500.0,111.4,114.2297,111.4,113.06,473500.0
2014-06-06,False,daily,110.28,112.03,110.28,111.31,384300.0,110.28,112.03,110.28,111.31,384300.0
2014-06-05,False,daily,108.16,110.71,107.26,110.05,467800.0,108.16,110.71,107.26,110.05,467800.0
2014-06-04,False,daily,106.83,108.16,106.128,107.89,254400.0,106.83,108.16,106.128,107.89,254400.0
2014-06-03,False,daily,106.36,107.49,105.79,106.94,450200.0,106.36,107.49,105.79,106.94,450200.0
2014-06-02,False,daily,105.67,106.67,103.8,106.5,472700.0,105.67,106.67,103.8,106.5,472700.0
2014-05-30,False,daily,105.6,106.51,105.22,105.45,690200.0,105.6,106.51,105.22,105.45,690200.0
2014-05-29,False,daily,106.87,107.07,105.18,106.01,656800.0,106.87,107.07,105.18,106.01,656800.0
2014-05-28,False,daily,106.98,106.98,105.44,106.61,470800.0,106.98,106.98,105.44,106.61,470800.0
2014-05-27,False,daily,106.89,107.78,106.22,107.23,456500.0,106.89,107.78,106.22,107.23,456500.0
2014-05-23,False,daily,106.29,107.35,105.81,106.88,376700.0,106.29,107.35,105.81,106.88,376700.0
2014-05-22,False,daily,106.8,107.53,105.9,106.35,576800.0,106.8,107.53,105.9,106.35,576800.0
2014-05-21,False,daily,103.81,106.67,103.19,106.45,1268800.0,103.81,106.67,103.19,106.45,1268800.0
2014-05-20,False,daily,101.65,104.0,101.4003,103.81,1009500.0,101.65,104.0,101.4003,103.81,1009500.0
2014-05-19,False,daily,101.84,102.85,101.31,102.17,744700.0,101.84,102.85,101.31,102.17,744700.0
2014-05-16,False,daily,102.23,102.95,101.3877,102.12,572300.0,102.23,102.95,101.3877,102.12,572300.0
2014-05-15,False,daily,102.35,103.58,100.3,102.63,1614200.0,102.35,103.58,100.3,102.63,1614200.0
2014-05-14,False,daily,102.28,103.95,101.78,102.86,3602400.0,102.28,103.95,101.78,102.86,3602400.0
2014-05-13,False,daily,102.92,105.09,102.26,102.42,863600.0,102.92,105.09,102.26,102.42,863600.0
2014-05-12,False,daily,103.0,105.68,101.41,103.92,633000.0,103.0,105.68,101.41,103.92,633000.0
2014-05-09,False,daily,102.44,103.07,101.0,102.81,366300.0,102.44,103.07,101.0,102.81,366300.0
2014-05-08,False,daily,103.0,105.27,102.5,102.67,699100.0,103.0,105.27,102.5,102.67,699100.0
2014-05-07,False,daily,104.59,105.5,100.4,103.48,666000.0,104.59,105.5,100.4,103.48,666000.0
2014-05-06,False,daily,106.23,106.99,103.91,104.3,507200.0,106.23,106.99,103.91,104.3,507200.0
2014-05-05,False,daily,105.86,107.52,105.13,106.535,349100.0,105.86,107.52,105.13,106.535,349100.0
2014-05-02,False,daily,108.02,109.81,106.41,106.72,296800.0,108.02,109.81,106.41,106.72,296800.0
2014-05-01,False,daily,106.72,108.01,105.77,107.95,554200.0,106.72,108.01,105.77,107.95,554200.0
2014-04-30,False,daily,107.83,108.28,105.3,106.69,592000.0,107.83,108.28,105.3,106.69,592000.0
2014-04-29,False,daily,108.24,108.71,106.17,107.98,460800.0,108.24,108.71,106.17,107.98,460800.0
2014-04-28,False,daily,108.59,110.43,106.47,108.01,571600.0,108.59,110.43,106.47,108.01,571600.0
2014-04-25,False,daily,117.44,118.0,106.79,107.21,915000.0,117.44,118.0,106.79,107.21,915000.0
2014-04-24,False,daily,114.02,114.83,111.0201,111.82,238600.0,114.02,114.83,111.0201,111.82,238600.0
2014-04-23,False,daily,113.15,114.09,112.14,113.04,318400.0,113.15,114.09,112.14,113.04,318400.0
2014-04-22,False,daily,113.79,114.92,112.91,113.15,472900.0,113.79,114.92,112.91,113.15,472900.0
2014-04-21,False,daily,113.81,114.62,112.82,113.67,191100.0,113.81,114.62,112.82,113.67,191100.0
2014-04-17,False,daily,113.61,115.1115,113.2201,114.29,306900.0,113.61,115.1115,113.2201,114.29,306900.0
2014-04-16,False,daily,111.74,113.538,110.99,113.22,339100.0,111.74,113.538,110.99,113.22,339100.0
2014-04-15,False,daily,111.93,112.955,108.6,110.66,499900.0,111.93,112.955,108.6,110.66,499900.0
2014-04-14,False,daily,111.78,112.66,109.62,111.17,675400.0,111.78,112.66,109.62,111.17,675400.0
2014-04-11,False,daily,112.16,115.16,111.07,111.37,729000.0,112.16,115.16,111.07,111.37,729000.0
2014-04-10,False,daily,120.88,121.915,112.83,113.58,714200.0,120.88,121.915,112.83,113.58,714200.0
2014-04-09,False,daily,121.68,122.3,120.24,121.19,396600.0,121.68,122.3,120.24,121.19,396600.0
2014-04-08,False,daily,121.58,122.55,119.25,120.91,647900.0,121.58,122.55,119.25,120.91,647900.0
2014-04-07,False,daily,123.56,124.03,121.235,122.0,492500.0,123.56,124.03,121.235,122.0,492500.0
2014-04-04,False,daily,128.62,129.41,123.21,123.59,487700.0,128.62,129.41,123.21,123.59,487700.0
2014-04-03,False,daily,128.36,129.8999,126.72,128.3,221200.0,128.36,129.8999,126.72,128.3,221200.0
2014-04-02,False,daily,129.88,130.17,128.17,128.5,268900.0,129.88,130.17,128.17,128.5,268900.0
2014-04-01,False,daily,128.95,129.64,127.02,129.22,383800.0,128.95,129.64,127.02,129.22,383800.0
2014-03-31,False,daily,126.94,129.18,126.552,128.78,294800.0,126.94,129.18,126.552,128.78,294800.0
2014-03-28,False,daily,126.17,128.64,125.11,125.99,233500.0,126.17,128.64,125.11,125.99,233500.0
2014-03-27,False,daily,127.99,127.99,125.11,125.6,490500.0,127.99,127.99,125.11,125.6,490500.0
2014-03-26,False,daily,130.27,131.15,127.35,127.75,355900.0,130.27,131.15,127.35,127.75,355900.0
2014-03-25,False,daily,131.28,131.28,128.0,129.37,352800.0,131.28,131.28,128.0,129.37,352800.0
2014-03-24,False,daily,132.19,133.21,129.8,130.42,479900.0,132.19,133.21,129.8,130.42,479900.0
2014-03-21,False,daily,132.7,134.999,130.04,131.53,1120300.0,132.7,134.999,130.04,131.53,1120300.0
2014-03-20,False,daily,126.74,132.67,125.73,132.27,474900.0,126.74,132.67,125.73,132.27,474900.0
2014-03-19,False,daily,128.18,128.6,125.96,127.41,320000.0,128.18,128.6,125.96,127.41,320000.0
2014-03-18,False,daily,128.22,128.685,127.11,127.63,355400.0,128.22,128.685,127.11,127.63,355400.0
2014-03-17,False,daily,127.16,128.34,126.63,127.63,205200.0,127.16,128.34,126.63,127.63,205200.0
2014-03-14,False,daily,126.61,127.52,124.89,126.53,201900.0,126.61,127.52,124.89,126.53,201900.0
2014-03-13,False,daily,126.06,126.89,124.155,126.86,381600.0,126.06,126.89,124.155,126.86,381600.0
2014-03-12,False,daily,124.53,125.25,122.844,124.96,283600.0,124.53,125.25,122.844,124.96,283600.0
2014-03-11,False,daily,126.34,126.91,124.822,124.97,275300.0,126.34,126.91,124.822,124.97,275300.0
2014-03-10,False,daily,126.65,127.938,125.33,127.01,249800.0,126.65,127.938,125.33,127.01,249800.0
2014-03-07,False,daily,125.28,127.0,124.9,126.8,404200.0,125.28,127.0,124.9,126.8,404200.0
2014-03-06,False,daily,123.5,125.08,123.45,124.43,333200.0,123.5,125.08,123.45,124.43,333200.0
2014-03-05,False,daily,124.79,126.0,123.37,123.63,411800.0,124.79,126.0,123.37,123.63,411800.0
2014-03-04,False,daily,124.04,125.79,124.04,124.57,367700.0,124.04,125.79,124.04,124.57,367700.0
2014-03-03,False,daily,124.85,124.85,121.89,122.55,594400.0,124.85,124.85,121.89,122.55,594400.0
2014-02-28,False,daily,125.11,128.13,125.1,125.91,357200.0,125.11,128.13,125.1,125.91,357200.0
2014-02-27,False,daily,124.32,125.36,123.19,125.06,224300.0,124.32,125.36,123.19,125.06,224300.0
2014-02-26,False,daily,123.03,124.74,121.52,124.65,268500.0,123.03,124.74,121.52,124.65,268500.0
2014-02-25,False,daily,122.57,123.26,121.09,121.73,174300.0,122.57,123.26,121.09,121.73,174300.0
2014-02-24,False,daily,119.85,122.71,119.85,122.51,313000.0,119.85,122.71,119.85,122.51,313000.0
2014-02-21,False,daily,119.33,120.08,118.14,119.68,288800.0,119.33,120.08,118.14,119.68,288800.0
2014-02-20,False,daily,117.35,119.09,116.54,118.78,311700.0,117.35,119.09,116.54,118.78,311700.0
2014-02-19,False,daily,118.81,118.95,117.125,117.46,421100.0,118.81,118.95,117.125,117.46,421100.0
2014-02-18,False,daily,120.31,120.82,117.56,120.25,426100.0,120.31,120.82,117.56,120.25,426100.0
2014-02-14,False,daily,115.46,117.04,115.46,116.93,194700.0,115.46,117.04,115.46,116.93,194700.0
2014-02-13,False,daily,113.18,115.86,113.18,115.65,247100.0,113.18,115.86,113.18,115.65,247100.0
2014-02-12,False,daily,113.48,115.64,112.646,114.09,322300.0,113.48,115.64,112.646,114.09,322300.0
2014-02-11,False,daily,111.19,113.92,111.19,113.55,195600.0,111.19,113.92,111.19,113.55,195600.0
2014-02-10,False,daily,111.07,111.54,110.32,111.34,240100.0,111.07,111.54,110.32,111.34,240100.0
2014-02-07,False,daily,111.62,112.84,109.63,110.87,317500.0,111.62,112.84,109.63,110.87,317500.0
2014-02-06,False,daily,110.37,112.07,109.48,111.81,203300.0,110.37,112.07,109.48,111.81,203300.0
2014-02-05,False,daily,109.39,110.479,108.71,110.28,247100.0,109.39,110.479,108.71,110.28,247100.0
2014-02-04,False,daily,107.93,111.285,106.52,109.81,485500.0,107.93,111.285,106.52,109.81,485500.0
2014-02-03,False,daily,112.63,112.63,107.27,107.87,609300.0,112.63,112.63,107.27,107.87,609300.0
2014-01-31,False,daily,112.96,113.79,111.93,112.23,392700.0,112.96,113.79,111.93,112.23,392700.0
2014-01-30,False,daily,111.71,114.2175,110.79,114.06,315900.0,111.71,114.2175,110.79,114.06,315900.0
2014-01-29,False,daily,111.3,112.66,110.8,110.91,358300.0,111.3,112.66,110.8,110.91,358300.0
2014-01-28,False,daily,111.65,113.34,110.72,112.11,395000.0,111.65,113.34,110.72,112.11,395000.0
2014-01-27,False,daily,114.7,120.4399,111.06,111.18,480800.0,114.7,120.4399,111.06,111.18,480800.0
2014-01-24,False,daily,115.0,121.92,112.95,113.97,1091700.0,115.0,121.92,112.95,113.97,1091700.0
2014-01-23,False,daily,110.84,110.84,108.58,110.26,483600.0,110.84,110.84,108.58,110.26,483600.0
2014-01-22,False,daily,106.32,111.7,105.145,111.57,581500.0,106.32,111.7,105.145,111.57,581500.0
2014-01-21,False,daily,104.73,106.46,104.73,106.09,217500.0,104.73,106.46,104.73,106.09,217500.0
2014-01-17,False,daily,103.19,104.544,102.39,104.02,197700.0,103.19,104.544,102.39,104.02,197700.0
2014-01-16,False,daily,103.47,104.2299,102.42,103.33,261100.0,103.47,104.2299,102.42,103.33,261100.0
2014-01-15,False,daily,103.9,104.55,103.33,103.78,181100.0,103.9,104.55,103.33,103.78,181100.0
2014-01-14,False,daily,102.86,103.375,101.65,103.27,247800.0,102.86,103.375,101.65,103.27,247800.0
2014-01-13,False,daily,103.2,103.51,101.765,102.13,189700.0,103.2,103.51,101.765,102.13,189700.0
2014-01-10,False,daily,104.1,104.1,102.42,103.45,219400.0,104.1,104.1,102.42,103.45,219400.0
2014-01-09,False,daily,102.86,104.21,101.8,103.81,267200.0,102.86,104.21,101.8,103.81,267200.0
2014-01-08,False,daily,103.29,105.34,102.12,102.79,527100.0,103.29,105.34,102.12,102.79,527100.0
2014-01-07,False,daily,104.04,105.21,102.6,103.27,326200.0,104.04,105.21,102.6,103.27,326200.0
2014-01-06,False,daily,104.57,104.979,102.8452,103.05,187500.0,104.57,104.979,102.8452,103.05,187500.0
2014-01-03,False,daily,103.65,104.44,102.53,104.11,250000.0,103.65,104.44,102.53,104.11,250000.0
2014-01-02,False,daily,104.01,105.6675,103.04,103.23,278700.0,104.01,105.6675,103.04,103.23,278700.0
2015-12-31,False,daily,118.95,120.85,118.67,118.9,345702.0,118.95,120.85,118.67,118.9,345702.0
2015-12-30,False,daily,121.82,122.995,119.52,119.73,266887.0,121.82,122.995,119.52,119.73,266887.0
2015-12-29,False,daily,122.03,123.53,119.77,122.5,392714.0,122.03,123.53,119.77,122.5,392714.0
2015-12-28,False,daily,121.34,121.82,118.62,120.62,376583.0,121.34,121.82,118.62,120.62,376583.0
2015-12-24,False,daily,120.98,123.26,120.83,121.87,187283.0,120.98,123.26,120.83,121.87,187283.0
2015-12-23,False,daily,120.6,121.99,119.7,120.45,442402.0,120.6,121.99,119.7,120.45,442402.0
2015-12-22,False,daily,120.73,120.84,117.53,119.8,329468.0,120.73,120.84,117.53,119.8,329468.0
2015-12-21,False,daily,119.95,120.6,117.26,119.77,493210.0,119.95,120.6,117.26,119.77,493210.0
2015-12-18,False,daily,121.61,122.805,117.93,118.82,2204194.0,121.61,122.805,117.93,118.82,2204194.0
2015-12-17,False,daily,125.36,125.71,122.31,122.53,700125.0,125.36,125.71,122.31,122.53,700125.0
2015-12-16,False,daily,124.52,125.34,120.13,124.84,743935.0,124.52,125.34,120.13,124.84,743935.0
2015-12-15,False,daily,120.03,124.66,119.005,122.93,689273.0,120.03,124.66,119.005,122.93,689273.0
2015-12-14,False,daily,120.25,121.56,118.46,118.81,756745.0,120.25,121.56,118.46,118.81,756745.0
2015-12-11,False,daily,123.6,124.08,119.19,119.64,567812.0,123.6,124.08,119.19,119.64,567812.0
2015-12-10,False,daily,123.33,126.85,121.88,125.49,445923.0,123.33,126.85,121.88,125.49,445923.0
2015-12-09,False,daily,124.36,126.61,121.07,123.07,671892.0,124.36,126.61,121.07,123.07,671892.0
2015-12-08,False,daily,124.12,125.02,122.72,124.68,670024.0,124.12,125.02,122.72,124.68,670024.0
2015-12-07,False,daily,128.81,128.99,125.4,126.28,408542.0,128.81,128.99,125.4,126.28,408542.0
2015-12-04,False,daily,126.12,130.22,124.77,129.0,843882.0,126.12,130.22,124.77,129.0,843882.0
2015-12-03,False,daily,129.25,129.48,125.1,125.63,684860.0,129.25,129.48,125.1,125.63,684860.0
2015-12-02,False,daily,131.82,132.98,126.73,128.18,675116.0,131.82,132.98,126.73,128.18,675116.0
2015-12-01,False,daily,133.24,134.43,131.51,131.69,545610.0,133.24,134.43,131.51,131.69,545610.0
2015-11-30,False,daily,131.63,133.37,130.15,132.48,411551.0,131.63,133.37,130.15,132.48,411551.0
2015-11-27,False,daily,131.89,131.89,129.8,131.24,71736.0,131.89,131.89,129.8,131.24,71736.0
2015-11-25,False,daily,132.17,132.86,131.17,131.9,205721.0,132.17,132.86,131.17,131.9,205721.0
2015-11-24,False,daily,129.82,132.62,129.44,131.89,399855.0,129.82,132.62,129.44,131.89,399855.0
2015-11-23,False,daily,129.22,132.09,128.98,131.13,374876.0,129.22,132.09,128.98,131.13,374876.0
2015-11-20,False,daily,127.89,129.29,126.68,129.14,422048.0,127.89,129.29,126.68,129.14,422048.0
2015-11-19,False,daily,129.75,130.05,127.28,127.79,525865.0,129.75,130.05,127.28,127.79,525865.0
2015-11-18,False,daily,129.75,130.36,127.42,130.06,377814.0,129.75,130.36,127.42,130.06,377814.0
2015-11-17,False,daily,129.76,132.49,127.76,128.61,396071.0,129.76,132.49,127.76,128.61,396071.0
2015-11-16,False,daily,126.06,129.08,125.25,128.95,399152.0,126.06,129.08,125.25,128.95,399152.0
2015-11-13,False,daily,130.57,131.08,126.95,127.47,556425.0,130.57,131.08,126.95,127.47,556425.0
2015-11-12,False,daily,133.92,135.89,131.35,131.45,337659.0,133.92,135.89,131.35,131.45,337659.0
2015-11-11,False,daily,140.34,141.75,134.49,135.0,440258.0,140.34,141.75,134.49,135.0,440258.0
2015-11-10,False,daily,136.09,137.68,133.31,136.15,630611.0,136.09,137.68,133.31,136.15,630611.0
2015-11-09,False,daily,137.52,138.66,132.0,136.75,876483.0,137.52,138.66,132.0,136.75,876483.0
2015-11-06,False,daily,130.63,139.2456,130.63,136.97,1013096.0,130.63,139.2456,130.63,136.97,1013096.0
2015-11-05,False,daily,125.31,129.17,125.2,128.51,468258.0,125.31,129.17,125.2,128.51,468258.0
2015-11-04,False,daily,124.96,126.12,123.96,125.19,204490.0,124.96,126.12,123.96,125.19,204490.0
2015-11-03,False,daily,124.22,127.14,123.04,124.26,422136.0,124.22,127.14,123.04,124.26,422136.0
2015-11-02,False,daily,123.29,125.86,122.08,125.47,403298.0,123.29,125.86,122.08,125.47,403298.0
2015-10-30,False,daily,126.36,128.06,121.01,122.07,547996.0,126.36,128.06,121.01,122.07,547996.0
2015-10-29,False,daily,127.95,129.35,126.1,126.98,502623.0,127.95,129.35,126.1,126.98,502623.0
2015-10-28,False,daily,121.89,128.68,120.0,128.67,632869.0,121.89,128.68,120.0,128.67,632869.0
2015-10-27,False,daily,121.24,123.28,120.32,121.1,440202.0,121.24,123.28,120.32,121.1,440202.0
2015-10-26,False,daily,123.8,125.16,121.5,122.32,475133.0,123.8,125.16,121.5,122.32,475133.0
2015-10-23,False,daily,116.97,124.26,116.97,124.11,1134205.0,116.97,124.26,116.97,124.11,1134205.0
2015-10-22,False,daily,115.02,116.96,113.27,115.32,871745.0,115.02,116.96,113.27,115.32,871745.0
2015-10-21,False,daily,117.54,118.35,114.17,114.39,425374.0,117.54,118.35,114.17,114.39,425374.0
2015-10-20,False,daily,117.24,118.3,116.56,117.0,1197809.0,117.24,118.3,116.56,117.0,1197809.0
2015-10-19,False,daily,116.41,118.125,115.88,116.85,459077.0,116.41,118.125,115.88,116.85,459077.0
2015-10-16,False,daily,117.39,118.51,116.42,116.97,251218.0,117.39,118.51,116.42,116.97,251218.0
2015-10-15,False,daily,117.17,118.1799,116.14,117.14,434778.0,117.17,118.1799,116.14,117.14,434778.0
2015-10-14,False,daily,118.98,119.45,114.71,116.01,384427.0,118.98,119.45,114.71,116.01,384427.0
2015-10-13,False,daily,119.84,122.03,119.23,119.42,531457.0,119.84,122.03,119.23,119.42,531457.0
2015-10-12,False,daily,119.79,122.05,119.2,121.21,341605.0,119.79,122.05,119.2,121.21,341605.0
2015-10-09,False,daily,121.8,121.8,118.28,120.2,537917.0,121.8,121.8,118.28,120.2,537917.0
2015-10-08,False,daily,118.82,122.55,118.405,121.78,503206.0,118.82,122.55,118.405,121.78,503206.0
2015-10-07,False,daily,117.36,120.05,117.04,119.39,582150.0,117.36,120.05,117.04,119.39,582150.0
2015-10-06,False,daily,114.85,117.46,113.86,116.82,786424.0,114.85,117.46,113.86,116.82,786424.0
2015-10-05,False,daily,115.14,116.95,114.57,115.52,508494.0,115.14,116.95,114.57,115.52,508494.0
2015-10-02,False,daily,112.41,114.49,108.01,114.42,938181.0,112.41,114.49,108.01,114.42,938181.0
2015-10-01,False,daily,115.29,116.48,114.04,115.2,566916.0,115.29,116.48,114.04,115.2,566916.0
2015-09-30,False,daily,114.8,115.91,112.9601,115.54,469733.0,114.8,115.91,112.9601,115.54,469733.0
2015-09-29,False,daily,114.95,115.27,112.55,113.18,605216.0,114.95,115.27,112.55,113.18,605216.0
2015-09-28,False,daily,119.31,119.44,113.36,113.96,601111.0,119.31,119.44,113.36,113.96,601111.0
2015-09-25,False,daily,120.92,122.71,119.14,119.58,316119.0,120.92,122.71,119.14,119.58,316119.0
2015-09-24,False,daily,117.73,119.75,116.28,119.34,398061.0,117.73,119.75,116.28,119.34,398061.0
2015-09-23,False,daily,119.29,120.96,117.92,119.4,641238.0,119.29,120.96,117.92,119.4,641238.0
2015-09-22,False,daily,119.21,120.84,113.61,118.67,373250.0,119.21,120.84,113.61,118.67,373250.0
2015-09-21,False,daily,120.71,123.23,120.25,121.14,392538.0,120.71,123.23,120.25,121.14,392538.0
2015-09-18,False,daily,121.59,121.77,117.26,119.71,822787.0,121.59,121.77,117.26,119.71,822787.0
2015-09-17,False,daily,127.41,128.74,122.86,123.72,657055.0,127.41,128.74,122.86,123.72,657055.0
2015-09-16,False,daily,127.13,128.44,126.44,127.46,194386.0,127.13,128.44,126.44,127.46,194386.0
2015-09-15,False,daily,125.95,128.11,125.53,127.52,308575.0,125.95,128.11,125.53,127.52,308575.0
2015-09-14,False,daily,126.49,128.37,125.69,126.16,211073.0,126.49,128.37,125.69,126.16,211073.0
2015-09-11,False,daily,124.76,126.34,123.55,126.25,341719.0,124.76,126.34,123.55,126.25,341719.0
2015-09-10,False,daily,124.47,128.16,124.19,125.85,375485.0,124.47,128.16,124.19,125.85,375485.0
2015-09-09,False,daily,128.15,129.4,124.26,124.46,301631.0,128.15,129.4,124.26,124.46,301631.0
2015-09-08,False,daily,125.11,127.05,124.015,126.69,243998.0,125.11,127.05,124.015,126.69,243998.0
2015-09-04,False,daily,123.0,124.29,121.81,122.63,307487.0,123.0,124.29,121.81,122.63,307487.0
2015-09-03,False,daily,123.48,125.26,122.29,124.45,446988.0,123.48,125.26,122.29,124.45,446988.0
2015-09-02,False,daily,122.95,122.95,118.5,122.87,322579.0,122.95,122.95,118.5,122.87,322579.0
2015-09-01,False,daily,121.73,124.02,119.98,120.98,789803.0,121.73,124.02,119.98,120.98,789803.0
2015-08-31,False,daily,123.43,125.66,122.74,125.08,299808.0,123.43,125.66,122.74,125.08,299808.0
2015-08-28,False,daily,122.88,125.7,121.795,124.94,554100.0,122.88,125.7,121.795,124.94,554100.0
2015-08-27,False,daily,118.65,124.66,118.0,123.31,808646.0,118.65,124.66,118.0,123.31,808646.0
2015-08-26,False,daily,116.02,118.15,112.52,116.33,893965.0,116.02,118.15,112.52,116.33,893965.0
2015-08-25,False,daily,120.67,121.08,112.66,112.74,1340440.0,120.67,121.08,112.66,112.74,1340440.0
2015-08-24,False,daily,117.43,121.68,100.76,116.46,1157861.0,117.43,121.68,100.76,116.46,1157861.0
2015-08-21,False,daily,127.87,129.87,126.43,127.06,878647.0,127.87,129.87,126.43,127.06,878647.0
2015-08-20,False,daily,136.42,137.57,129.22,129.55,997923.0,136.42,137.57,129.22,129.55,997923.0
2015-08-19,False,daily,140.61,141.1,137.54,137.66,297766.0,140.61,141.1,137.54,137.66,297766.0
2015-08-18,False,daily,140.79,142.73,140.29,141.24,291015.0,140.79,142.73,140.29,141.24,291015.0
2015-08-17,False,daily,141.25,143.15,138.44,141.56,280260.0,141.25,143.15,138.44,141.56,280260.0
2015-08-14,False,daily,138.91,140.805,138.05,140.74,230443.0,138.91,140.805,138.05,140.74,230443.0
2015-08-13,False,daily,138.16,139.54,136.565,138.55,491176.0,138.16,139.54,136.565,138.55,491176.0
2015-08-12,False,daily,144.91,145.125,134.55,137.77,1098159.0,144.91,145.125,134.55,137.77,1098159.0
2015-08-11,False,daily,147.93,149.11,144.98,146.37,608126.0,147.93,149.11,144.98,146.37,608126.0
2015-08-10,False,daily,146.98,149.67,146.76,149.56,229566.0,146.98,149.67,146.76,149.56,229566.0
2015-08-07,False,daily,145.73,147.03,144.53,145.75,250164.0,145.73,147.03,144.53,145.75,250164.0
2015-08-06,False,daily,148.01,148.41,144.93,145.44,327739.0,148.01,148.41,144.93,145.44,327739.0
2015-08-05,False,daily,146.24,149.5,145.39,147.7,364193.0,146.24,149.5,145.39,147.7,364193.0
2015-08-04,False,daily,143.97,145.7,143.61,145.24,343737.0,143.97,145.7,143.61,145.24,343737.0
2015-08-03,False,daily,143.06,143.702,141.43,143.38,399955.0,143.06,143.702,141.43,143.38,399955.0
2015-07-31,False,daily,145.0,145.0,142.41,143.1,302663.0,145.0,145.0,142.41,143.1,302663.0
2015-07-30,False,daily,142.48,144.64,140.9,144.56,280967.0,142.48,144.64,140.9,144.56,280967.0
2015-07-29,False,daily,139.46,142.75,138.48,142.64,517048.0,139.46,142.75,138.48,142.64,517048.0
2015-07-28,False,daily,138.51,139.7364,136.91,138.85,489914.0,138.51,139.7364,136.91,138.85,489914.0
2015-07-27,False,daily,141.84,141.84,137.8,137.9,705403.0,141.84,141.84,137.8,137.9,705403.0
2015-07-24,False,daily,151.2,152.97,139.02,143.44,806978.0,151.2,152.97,139.02,143.44,806978.0
2015-07-23,False,daily,149.75,152.9899,148.11,148.79,366103.0,149.75,152.9899,148.11,148.79,366103.0
2015-07-22,False,daily,147.69,150.64,147.47,149.75,199801.0,147.69,150.64,147.47,149.75,199801.0
2015-07-21,False,daily,150.17,151.85,147.2001,147.51,400479.0,150.17,151.85,147.2001,147.51,400479.0
2015-07-20,False,daily,148.58,150.73,148.13,150.63,440137.0,148.58,150.73,148.13,150.63,440137.0
2015-07-17,False,daily,148.62,148.62,146.64,147.79,268638.0,148.62,148.62,146.64,147.79,268638.0
2015-07-16,False,daily,148.93,149.535,147.82,148.54,210855.0,148.93,149.535,147.82,148.54,210855.0
2015-07-15,False,daily,148.06,148.92,147.29,148.19,322310.0,148.06,148.92,147.29,148.19,322310.0
2015-07-14,False,daily,144.72,147.23,143.64,147.13,367376.0,144.72,147.23,143.64,147.13,367376.0
2015-07-13,False,daily,144.14,145.4,143.14,145.13,358078.0,144.14,145.4,143.14,145.13,358078.0
2015-07-10,False,daily,142.91,143.949,141.72,142.82,235463.0,142.91,143.949,141.72,142.82,235463.0
2015-07-09,False,daily,139.82,141.5,138.02,140.78,389772.0,139.82,141.5,138.02,140.78,389772.0
2015-07-08,False,daily,138.91,139.48,137.06,137.96,432227.0,138.91,139.48,137.06,137.96,432227.0
2015-07-07,False,daily,142.3,142.8537,137.97,139.75,556152.0,142.3,142.8537,137.97,139.75,556152.0
2015-07-06,False,daily,142.12,143.43,141.16,143.14,362477.0,142.12,143.43,141.16,143.14,362477.0
2015-07-02,False,daily,146.06,146.06,141.771,143.38,309832.0,146.06,146.06,141.771,143.38,309832.0
2015-07-01,False,daily,146.81,149.87,145.04,146.7,409348.0,146.81,149.87,145.04,146.7,409348.0
2015-06-30,False,daily,144.33,147.05,142.65,143.98,339518.0,144.33,147.05,142.65,143.98,339518.0
2015-06-29,False,daily,146.69,147.555,143.12,143.23,323396.0,146.69,147.555,143.12,143.23,323396.0
2015-06-26,False,daily,147.61,149.1,146.655,147.87,859614.0,147.61,149.1,146.655,147.87,859614.0
2015-06-25,False,daily,147.69,148.7,146.21,146.8,222193.0,147.69,148.7,146.21,146.8,222193.0
2015-06-24,False,daily,148.41,149.62,147.04,147.07,247316.0,148.41,149.62,147.04,147.07,247316.0
2015-06-23,False,daily,147.52,149.27,147.03,148.69,300333.0,147.52,149.27,147.03,148.69,300333.0
2015-06-22,False,daily,144.74,147.3,144.34,146.97,351939.0,144.74,147.3,144.34,146.97,351939.0
2015-06-19,False,daily,141.91,142.66,141.155,142.44,538606.0,141.91,142.66,141.155,142.44,538606.0
2015-06-18,False,daily,142.78,143.75,141.175,141.61,594190.0,142.78,143.75,141.175,141.61,594190.0
2015-06-17,False,daily,145.52,146.41,142.01,142.07,369188.0,145.52,146.41,142.01,142.07,369188.0
2015-06-16,False,daily,144.2,145.705,143.1,145.55,330344.0,144.2,145.705,143.1,145.55,330344.0
2015-06-15,False,daily,144.0,144.95,142.42,143.46,292411.0,144.0,144.95,142.42,143.46,292411.0
2015-06-12,False,daily,145.49,145.49,144.11,145.05,206685.0,145.49,145.49,144.11,145.05,206685.0
2015-06-11,False,daily,146.47,147.06,144.52,145.105,306206.0,146.47,147.06,144.52,145.105,306206.0
2015-06-10,False,daily,145.0,146.99,144.02,146.55,397643.0,145.0,146.99,144.02,146.55,397643.0
2015-06-09,False,daily,142.51,144.62,141.74,144.53,332799.0,142.51,144.62,141.74,144.53,332799.0
2015-06-08,False,daily,141.98,143.28,141.32,142.51,294165.0,141.98,143.28,141.32,142.51,294165.0
2015-06-05,False,daily,139.66,142.01,138.91,141.96,247281.0,139.66,142.01,138.91,141.96,247281.0
2015-06-04,False,daily,138.52,139.22,137.485,138.6,282817.0,138.52,139.22,137.485,138.6,282817.0
2015-06-03,False,daily,136.33,140.22,136.33,139.49,321359.0,136.33,140.22,136.33,139.49,321359.0
2015-06-02,False,daily,132.69,136.38,132.69,136.34,371569.0,132.69,136.38,132.69,136.34,371569.0
2015-06-01,False,daily,135.22,135.565,132.95,133.3,348630.0,135.22,135.565,132.95,133.3,348630.0
2015-05-29,False,daily,134.71,135.56,133.19,134.91,270651.0,134.71,135.56,133.19,134.91,270651.0
2015-05-28,False,daily,134.67,134.96,133.78,134.9,155062.0,134.67,134.96,133.78,134.9,155062.0
2015-05-27,False,daily,133.58,135.52,133.17,135.2,190694.0,133.58,135.52,133.17,135.2,190694.0
2015-05-26,False,daily,134.26,134.54,131.9,133.17,203561.0,134.26,134.54,131.9,133.17,203561.0
2015-05-22,False,daily,134.8,135.54,134.14,134.56,126008.0,134.8,135.54,134.14,134.56,126008.0
2015-05-21,False,daily,135.65,137.0,134.085,134.92,214277.0,135.65,137.0,134.085,134.92,214277.0
2015-05-20,False,daily,136.21,136.32,134.49,135.69,267266.0,136.21,136.32,134.49,135.69,267266.0
2015-05-19,False,daily,135.9,136.91,135.31,136.26,247528.0,135.9,136.91,135.31,136.26,247528.0
2015-05-18,False,daily,133.07,135.7,133.0,135.24,245439.0,133.07,135.7,133.0,135.24,245439.0
2015-05-15,False,daily,136.62,137.12,132.27,132.75,397088.0,136.62,137.12,132.27,132.75,397088.0
2015-05-14,False,daily,136.63,137.09,135.6,136.99,403740.0,136.63,137.09,135.6,136.99,403740.0
2015-05-13,False,daily,134.01,136.64,132.71,136.11,425471.0,134.01,136.64,132.71,136.11,425471.0
2015-05-12,False,daily,133.52,135.6,132.3,134.07,371707.0,133.52,135.6,132.3,134.07,371707.0
2015-05-11,False,daily,130.96,134.14,130.42,133.715,376521.0,130.96,134.14,130.42,133.715,376521.0
2015-05-08,False,daily,129.81,131.76,128.41,131.46,269085.0,129.81,131.76,128.41,131.46,269085.0
2015-05-07,False,daily,130.53,130.6,128.56,129.17,291182.0,130.53,130.6,128.56,129.17,291182.0
2015-05-06,False,daily,130.74,130.97,129.02,130.765,197221.0,130.74,130.97,129.02,130.765,197221.0
2015-05-05,False,daily,130.63,132.15,129.47,130.02,367972.0,130.63,132.15,129.47,130.02,367972.0
2015-05-04,False,daily,130.39,132.1,129.57,131.59,386947.0,130.39,132.1,129.57,131.59,386947.0
2015-05-01,False,daily,133.28,134.44,129.77,129.81,450654.0,133.28,134.44,129.77,129.81,450654.0
2015-04-30,False,daily,133.74,134.81,132.195,132.76,658124.0,133.74,134.81,132.195,132.76,658124.0
2015-04-29,False,daily,129.82,134.28,129.82,133.12,644902.0,129.82,134.28,129.82,133.12,644902.0
2015-04-28,False,daily,127.32,131.35,127.23,130.79,373206.0,127.32,131.35,127.23,130.79,373206.0
2015-04-27,False,daily,128.85,130.66,126.37,127.84,339665.0,128.85,130.66,126.37,127.84,339665.0
2015-04-24,False,daily,135.0,135.0,127.11,128.76,501086.0,135.0,135.0,127.11,128.76,501086.0
2015-04-23,False,daily,129.5,130.98,128.81,130.73,413254.0,129.5,130.98,128.81,130.73,413254.0
2015-04-22,False,daily,129.28,130.79,127.58,129.9,271463.0,129.28,130.79,127.58,129.9,271463.0
2015-04-21,False,daily,128.83,129.98,128.35,129.26,202982.0,128.83,129.98,128.35,129.26,202982.0
2015-04-20,False,daily,128.15,129.21,127.18,128.32,193261.0,128.15,129.21,127.18,128.32,193261.0
2015-04-17,False,daily,128.82,129.02,126.99,127.0,259805.0,128.82,129.02,126.99,127.0,259805.0
2015-04-16,False,daily,129.36,130.95,127.14,129.87,236273.0,129.36,130.95,127.14,129.87,236273.0
2015-04-15,False,daily,127.8,130.42,126.99,129.56,332239.0,127.8,130.42,126.99,129.56,332239.0
2015-04-14,False,daily,128.41,129.19,126.5,128.13,312062.0,128.41,129.19,126.5,128.13,312062.0
2015-04-13,False,daily,125.97,129.3,125.816,128.94,416077.0,125.97,129.3,125.816,128.94,416077.0
2015-04-10,False,daily,125.38,126.42,124.24,126.33,205214.0,125.38,126.42,124.24,126.33,205214.0
2015-04-09,False,daily,124.53,125.76,124.03,125.08,334375.0,124.53,125.76,124.03,125.08,334375.0
2015-04-08,False,daily,124.96,125.88,123.62,124.71,232485.0,124.96,125.88,123.62,124.71,232485.0
2015-04-07,False,daily,125.25,126.315,124.33,124.87,210176.0,125.25,126.315,124.33,124.87,210176.0
2015-04-06,False,daily,124.41,125.74,122.63,124.985,301634.0,124.41,125.74,122.63,124.985,301634.0
2015-04-02,False,daily,125.05,126.73,124.28,125.89,258403.0,125.05,126.73,124.28,125.89,258403.0
2015-04-01,False,daily,127.55,127.55,123.88,124.84,344942.0,127.55,127.55,123.88,124.84,344942.0
2015-03-31,False,daily,126.05,127.13,125.29,127.04,445116.0,126.05,127.13,125.29,127.04,445116.0
2015-03-30,False,daily,126.78,128.79,123.52,126.88,881263.0,126.78,128.79,123.52,126.88,881263.0
2015-03-27,False,daily,122.02,122.998,120.76,121.73,253674.0,122.02,122.998,120.76,121.73,253674.0
2015-03-26,False,daily,120.8,122.21,120.02,121.94,278944.0,120.8,122.21,120.02,121.94,278944.0
2015-03-25,False,daily,124.8,124.8,121.05,121.39,263299.0,124.8,124.8,121.05,121.39,263299.0
2015-03-24,False,daily,124.57,124.71,122.9,124.34,242349.0,124.57,124.71,122.9,124.34,242349.0
2015-03-23,False,daily,125.2,125.94,124.1,124.46,228186.0,125.2,125.94,124.1,124.46,228186.0
2015-03-20,False,daily,124.08,126.15,123.03,125.88,570372.0,124.08,126.15,123.03,125.88,570372.0
2015-03-19,False,daily,124.28,124.28,121.72,123.7,403991.0,124.28,124.28,121.72,123.7,403991.0
2015-03-18,False,daily,126.81,128.6999,123.91,124.84,540359.0,126.81,128.6999,123.91,124.84,540359.0
2015-03-17,False,daily,125.57,127.63,124.9,127.3,322598.0,125.57,127.63,124.9,127.3,322598.0
2015-03-16,False,daily,126.49,127.466,125.58,126.17,462946.0,126.49,127.466,125.58,126.17,462946.0
2015-03-13,False,daily,127.45,127.45,124.715,125.84,287339.0,127.45,127.45,124.715,125.84,287339.0
2015-03-12,False,daily,125.12,126.99,124.1801,126.73,419538.0,125.12,126.99,124.1801,126.73,419538.0
2015-03-11,False,daily,123.81,124.91,122.885,123.73,480608.0,123.81,124.91,122.885,123.73,480608.0
2015-03-10,False,daily,125.36,126.8,123.47,123.56,369539.0,125.36,126.8,123.47,123.56,369539.0
2015-03-09,False,daily,126.83,128.21,126.73,126.94,281597.0,126.83,128.21,126.73,126.94,281597.0
2015-03-06,False,daily,125.06,128.85,124.01,126.77,450733.0,125.06,128.85,124.01,126.77,450733.0
2015-03-05,False,daily,123.52,124.49,122.29,124.27,199351.0,123.52,124.49,122.29,124.27,199351.0
2015-03-04,False,daily,124.08,125.17,122.92,123.44,289501.0,124.08,125.17,122.92,123.44,289501.0
2015-03-03,False,daily,124.64,125.58,124.475,124.77,205277.0,124.64,125.58,124.475,124.77,205277.0
2015-03-02,False,daily,122.74,125.12,122.3901,125.06,227353.0,122.74,125.12,122.3901,125.06,227353.0
2015-02-27,False,daily,123.5,124.38,122.86,122.9,240187.0,123.5,124.38,122.86,122.9,240187.0
2015-02-26,False,daily,123.7,124.32,122.906,123.91,282046.0,123.7,124.32,122.906,123.91,282046.0
2015-02-25,False,daily,123.45,123.81,122.455,123.715,402549.0,123.45,123.81,122.455,123.715,402549.0
2015-02-24,False,daily,123.49,124.27,122.28,123.12,254411.0,123.49,124.27,122.28,123.12,254411.0
2015-02-23,False,daily,122.64,122.95,121.39,122.68,348490.0,122.64,122.95,121.39,122.68,348490.0
2015-02-20,False,daily,122.0,123.14,120.24,123.08,482154.0,122.0,123.14,120.24,123.08,482154.0
2015-02-19,False,daily,123.78,123.78,121.01,122.39,616739.0,123.78,123.78,121.01,122.39,616739.0
2015-02-18,False,daily,126.57,126.59,123.0,123.145,409393.0,126.57,126.59,123.0,123.145,409393.0
2015-02-17,False,daily,125.48,127.218,125.17,126.55,538569.0,125.48,127.218,125.17,126.55,538569.0
2015-02-13,False,daily,125.0,126.89,124.78,126.13,292700.0,125.0,126.89,124.78,126.13,292700.0
2015-02-12,False,daily,124.41,126.36,123.83,125.1,363277.0,124.41,126.36,123.83,125.1,363277.0
2015-02-11,False,daily,123.69,124.07,122.59,123.71,364029.0,123.69,124.07,122.59,123.71,364029.0
2015-02-10,False,daily,123.26,124.1,121.76,123.8,259432.0,123.26,124.1,121.76,123.8,259432.0
2015-02-09,False,daily,124.11,124.78,122.63,123.035,324124.0,124.11,124.78,122.63,123.035,324124.0
2015-02-06,False,daily,123.01,127.09,122.938,125.25,601142.0,123.01,127.09,122.938,125.25,601142.0
2015-02-05,False,daily,119.92,122.71,118.116,122.61,408681.0,119.92,122.71,118.116,122.61,408681.0
2015-02-04,False,daily,117.92,120.67,117.92,118.94,519560.0,117.92,120.67,117.92,118.94,519560.0
2015-02-03,False,daily,117.24,120.0,116.134,119.175,577894.0,117.24,120.0,116.134,119.175,577894.0
2015-02-02,False,daily,113.62,116.91,112.16,116.775,539498.0,113.62,116.91,112.16,116.775,539498.0
2015-01-30,False,daily,112.21,115.0,111.69,112.9,503656.0,112.21,115.0,111.69,112.9,503656.0
2015-01-29,False,daily,111.79,113.9,110.29,113.48,323486.0,111.79,113.9,110.29,113.48,323486.0
2015-01-28,False,daily,116.98,116.98,111.34,111.445,457608.0,116.98,116.98,111.34,111.445,457608.0
2015-01-27,False,daily,116.15,117.4,115.245,116.495,341330.0,116.15,117.4,115.245,116.495,341330.0
2015-01-26,False,daily,113.31,118.595,112.53,118.29,665584.0,113.31,118.595,112.53,118.29,665584.0
2015-01-23,False,daily,116.1,116.998,112.53,113.85,610006.0,116.1,116.998,112.53,113.85,610006.0
2015-01-22,False,daily,106.12,110.81,105.0835,110.58,502785.0,106.12,110.81,105.0835,110.58,502785.0
2015-01-21,False,daily,105.5,106.595,104.24,104.67,297285.0,105.5,106.595,104.24,104.67,297285.0
2015-01-20,False,daily,106.3,107.34,104.23,105.195,306664.0,106.3,107.34,104.23,105.195,306664.0
2015-01-16,False,daily,102.77,106.5,102.768,106.03,338480.0,102.77,106.5,102.768,106.03,338480.0
2015-01-15,False,daily,105.45,106.7,102.85,103.02,545174.0,105.45,106.7,102.85,103.02,545174.0
2015-01-14,False,daily,105.67,106.77,103.8928,105.23,512170.0,105.67,106.77,103.8928,105.23,512170.0
2015-01-13,False,daily,109.82,111.05,106.93,107.69,349186.0,109.82,111.05,106.93,107.69,349186.0
2015-01-12,False,daily,109.55,110.0,108.1,108.34,356582.0,109.55,110.0,108.1,108.34,356582.0
2015-01-09,False,daily,113.28,113.28,109.75,109.87,291883.0,113.28,113.28,109.75,109.87,291883.0
2015-01-08,False,daily,111.66,113.42,110.24,113.28,392682.0,111.66,113.42,110.24,113.28,392682.0
2015-01-07,False,daily,110.03,110.89,108.49,110.24,432121.0,110.03,110.89,108.49,110.24,432121.0
2015-01-06,False,daily,112.5,113.11,107.44,108.285,597368.0,112.5,113.11,107.44,108.285,597368.0
2015-01-05,False,daily,113.97,114.034,111.43,111.925,490331.0,113.97,114.034,111.43,111.925,490331.0
2015-01-02,False,daily,116.69,117.778,113.11,115.13,304152.0,116.69,117.778,113.11,115.13,304152.0
2016-12-30,False,daily,171.42,173.05,169.75,171.66,264122.0,171.42,173.05,169.75,171.66,264122.0
2016-12-29,False,daily,170.88,173.44,168.8,170.38,243319.0,170.88,173.44,168.8,170.38,243319.0
2016-12-28,False,daily,175.0,175.2273,171.59,172.68,263926.0,175.0,175.2273,171.59,172.68,263926.0
2016-12-27,False,daily,173.52,175.74,171.74,174.22,244545.0,173.52,175.74,171.74,174.22,244545.0
2016-12-23,False,daily,173.0,173.76,170.54,173.5,244923.0,173.0,173.76,170.54,173.5,244923.0
2016-12-22,False,daily,173.2,173.5,171.63,173.43,335720.0,173.2,173.5,171.63,173.43,335720.0
2016-12-21,False,daily,172.1,173.27,170.49,172.31,337134.0,172.1,173.27,170.49,172.31,337134.0
2016-12-20,False,daily,170.45,172.05,169.95,171.9,251325.0,170.45,172.05,169.95,171.9,251325.0
2016-12-19,False,daily,168.65,169.42,166.07,169.07,404842.0,168.65,169.42,166.07,169.07,404842.0
2016-12-16,False,daily,172.57,173.64,167.681,168.22,1442141.0,172.57,173.64,167.681,168.22,1442141.0
2016-12-15,False,daily,168.0,175.61,166.19,173.02,766161.0,168.0,175.61,166.19,173.02,766161.0
2016-12-14,False,daily,165.61,170.17,163.65,166.65,570071.0,165.61,170.17,163.65,166.65,570071.0
2016-12-13,False,daily,167.23,168.41,163.54,167.14,755624.0,167.23,168.41,163.54,167.14,755624.0
2016-12-12,False,daily,169.47,170.78,163.955,165.99,618603.0,169.47,170.78,163.955,165.99,618603.0
2016-12-09,False,daily,170.49,171.75,167.18,170.8,428014.0,170.49,171.75,167.18,170.8,428014.0
2016-12-08,False,daily,170.6,173.58,168.88,170.46,524469.0,170.6,173.58,168.88,170.46,524469.0
2016-12-07,False,daily,167.07,169.295,165.43,169.17,497704.0,167.07,169.295,165.43,169.17,497704.0
2016-12-06,False,daily,166.77,167.363,163.5,167.12,377285.0,166.77,167.363,163.5,167.12,377285.0
2016-12-05,False,daily,164.02,165.55,162.31,165.01,469719.0,164.02,165.55,162.31,165.01,469719.0
2016-12-02,False,daily,161.03,162.36,158.24,161.92,457682.0,161.03,162.36,158.24,161.92,457682.0
2016-12-01,False,daily,158.18,163.39,158.18,162.45,598110.0,158.18,163.39,158.18,162.45,598110.0
2016-11-30,False,daily,156.25,159.9,154.58,158.03,564854.0,156.25,159.9,154.58,158.03,564854.0
2016-11-29,False,daily,153.36,155.34,152.1273,153.67,364274.0,153.36,155.34,152.1273,153.67,364274.0
2016-11-28,False,daily,154.41,155.66,152.06,152.61,557335.0,154.41,155.66,152.06,152.61,557335.0
2016-11-25,False,daily,156.16,156.548,154.05,155.97,137704.0,156.16,156.548,154.05,155.97,137704.0
2016-11-23,False,daily,155.99,156.76,154.44,156.12,407688.0,155.99,156.76,154.44,156.12,407688.0
2016-11-22,False,daily,153.56,155.535,152.35,155.25,528606.0,153.56,155.535,152.35,155.25,528606.0
2016-11-21,False,daily,152.0,153.28,150.64,153.07,490903.0,152.0,153.28,150.64,153.07,490903.0
2016-11-18,False,daily,149.79,151.4,149.01,150.84,368188.0,149.79,151.4,149.01,150.84,368188.0
2016-11-17,False,daily,148.78,150.35,147.56,149.8,459145.0,148.78,150.35,147.56,149.8,459145.0
2016-11-16,False,daily,149.49,149.59,146.79,147.35,633865.0,149.49,149.59,146.79,147.35,633865.0
2016-11-15,False,daily,148.62,151.74,144.31,150.92,843923.0,148.62,151.74,144.31,150.92,843923.0
2016-11-14,False,daily,147.03,153.39,146.21,151.28,1332774.0,147.03,153.39,146.21,151.28,1332774.0
2016-11-11,False,daily,138.47,145.36,138.16,145.03,1245885.0,138.47,145.36,138.16,145.03,1245885.0
2016-11-10,False,daily,134.21,141.84,134.08,139.9,1203136.0,134.21,141.84,134.08,139.9,1203136.0
2016-11-09,False,daily,125.23,133.5,124.7657,132.09,859001.0,125.23,133.5,124.7657,132.09,859001.0
2016-11-08,False,daily,122.6,124.76,121.12,124.51,480870.0,122.6,124.76,121.12,124.51,480870.0
2016-11-07,False,daily,122.08,124.95,122.08,124.24,630514.0,122.08,124.95,122.08,124.24,630514.0
2016-11-04,False,daily,117.9,120.235,116.591,118.7,362378.0,117.9,120.235,116.591,118.7,362378.0
2016-11-03,False,daily,118.02,119.58,117.295,117.9,445502.0,118.02,119.58,117.295,117.9,445502.0
2016-11-02,False,daily,119.51,119.51,117.06,117.66,456250.0,119.51,119.51,117.06,117.66,456250.0
2016-11-01,False,daily,121.75,122.655,118.61,120.36,671158.0,121.75,122.655,118.61,120.36,671158.0
2016-10-31,False,daily,123.28,123.93,121.59,122.27,678633.0,123.28,123.93,121.59,122.27,678633.0
2016-10-28,False,daily,125.22,126.07,122.42,122.68,401040.0,125.22,126.07,122.42,122.68,401040.0
2016-10-27,False,daily,125.37,126.5452,123.5,125.29,512502.0,125.37,126.5452,123.5,125.29,512502.0
2016-10-26,False,daily,123.13,124.91,122.81,124.38,364325.0,123.13,124.91,122.81,124.38,364325.0
2016-10-25,False,daily,126.63,127.27,123.58,123.67,529681.0,126.63,127.27,123.58,123.67,529681.0
2016-10-24,False,daily,126.3,128.5,125.9509,127.65,656530.0,126.3,128.5,125.9509,127.65,656530.0
2016-10-21,False,daily,125.4,126.0,120.39,125.05,1520009.0,125.4,126.0,120.39,125.05,1520009.0
2016-10-20,False,daily,117.07,118.23,115.75,116.84,653256.0,117.07,118.23,115.75,116.84,653256.0
2016-10-19,False,daily,115.61,117.76,114.98,117.76,408875.0,115.61,117.76,114.98,117.76,408875.0
2016-10-18,False,daily,116.48,116.5899,114.22,114.81,456804.0,116.48,116.5899,114.22,114.81,456804.0
2016-10-17,False,daily,115.5,117.3,114.56,114.89,402480.0,115.5,117.3,114.56,114.89,402480.0
2016-10-14,False,daily,116.53,117.32,115.58,116.3,381420.0,116.53,117.32,115.58,116.3,381420.0
2016-10-13,False,daily,116.22,116.84,112.0,114.61,491998.0,116.22,116.84,112.0,114.61,491998.0
2016-10-12,False,daily,118.71,119.9502,117.66,118.07,331823.0,118.71,119.9502,117.66,118.07,331823.0
2016-10-11,False,daily,120.19,121.75,117.65,118.64,573493.0,120.19,121.75,117.65,118.64,573493.0
2016-10-10,False,daily,119.98,121.43,119.477,120.26,519325.0,119.98,121.43,119.477,120.26,519325.0
2016-10-07,False,daily,117.86,119.24,116.4201,118.89,500944.0,117.86,119.24,116.4201,118.89,500944.0
2016-10-06,False,daily,118.68,119.04,117.28,117.57,809197.0,118.68,119.04,117.28,117.57,809197.0
2016-10-05,False,daily,113.54,119.07,113.21,118.35,1167211.0,113.54,119.07,113.21,118.35,1167211.0
2016-10-04,False,daily,110.38,113.99,109.67,112.7,538002.0,110.38,113.99,109.67,112.7,538002.0
2016-10-03,False,daily,109.61,110.86,108.935,109.38,534042.0,109.61,110.86,108.935,109.38,534042.0
2016-09-30,False,daily,107.76,110.89,107.14,110.54,410807.0,107.76,110.89,107.14,110.54,410807.0
2016-09-29,False,daily,109.48,110.91,106.91,107.31,401077.0,109.48,110.91,106.91,107.31,401077.0
2016-09-28,False,daily,108.42,109.42,106.425,109.31,404459.0,108.42,109.42,106.425,109.31,404459.0
2016-09-27,False,daily,106.16,107.69,104.84,107.48,308170.0,106.16,107.69,104.84,107.48,308170.0
2016-09-26,False,daily,108.35,110.67,105.95,106.15,374570.0,108.35,110.67,105.95,106.15,374570.0
2016-09-23,False,daily,108.65,110.84,108.6,109.69,291689.0,108.65,110.84,108.6,109.69,291689.0
2016-09-22,False,daily,108.5,110.0,108.42,109.56,420642.0,108.5,110.0,108.42,109.56,420642.0
2016-09-21,False,daily,107.97,109.375,106.46,107.86,407668.0,107.97,109.375,106.46,107.86,407668.0
2016-09-20,False,daily,108.43,108.54,106.39,106.93,281534.0,108.43,108.54,106.39,106.93,281534.0
2016-09-19,False,daily,107.91,109.53,106.87,107.65,378005.0,107.91,109.53,106.87,107.65,378005.0
2016-09-16,False,daily,106.35,108.055,106.27,106.84,875501.0,106.35,108.055,106.27,106.84,875501.0
2016-09-15,False,daily,104.21,107.31,103.86,107.12,364947.0,104.21,107.31,103.86,107.12,364947.0
2016-09-14,False,daily,105.41,105.85,103.12,104.23,516445.0,105.41,105.85,103.12,104.23,516445.0
2016-09-13,False,daily,106.11,106.12,103.32,105.25,380121.0,106.11,106.12,103.32,105.25,380121.0
2016-09-12,False,daily,106.87,108.07,104.54,107.54,483728.0,106.87,108.07,104.54,107.54,483728.0
2016-09-09,False,daily,107.83,109.9,107.7,107.81,475379.0,107.83,109.9,107.7,107.81,475379.0
2016-09-08,False,daily,108.31,109.22,107.2382,108.49,249110.0,108.31,109.22,107.2382,108.49,249110.0
2016-09-07,False,daily,107.11,108.21,106.745,108.19,376876.0,107.11,108.21,106.745,108.19,376876.0
2016-09-06,False,daily,111.28,111.7195,107.1,107.31,422698.0,111.28,111.7195,107.1,107.31,422698.0
2016-09-02,False,daily,111.45,111.81,108.66,111.68,531630.0,111.45,111.81,108.66,111.68,531630.0
2016-09-01,False,daily,110.99,112.83,108.8,110.99,363941.0,110.99,112.83,108.8,110.99,363941.0
2016-08-31,False,daily,111.48,112.15,109.69,111.06,534357.0,111.48,112.15,109.69,111.06,534357.0
2016-08-30,False,daily,109.7,112.42,109.7,111.42,621488.0,109.7,112.42,109.7,111.42,621488.0
2016-08-29,False,daily,108.5,110.565,108.46,109.74,427624.0,108.5,110.565,108.46,109.74,427624.0
2016-08-26,False,daily,107.43,109.83,106.89,108.51,394269.0,107.43,109.83,106.89,108.51,394269.0
2016-08-25,False,daily,106.05,107.14,105.84,107.11,263709.0,106.05,107.14,105.84,107.11,263709.0
2016-08-24,False,daily,106.71,107.74,105.56,106.02,306006.0,106.71,107.74,105.56,106.02,306006.0
2016-08-23,False,daily,106.19,106.9799,104.902,106.51,199151.0,106.19,106.9799,104.902,106.51,199151.0
2016-08-22,False,daily,104.98,106.0,104.64,105.38,193738.0,104.98,106.0,104.64,105.38,193738.0
2016-08-19,False,daily,105.56,106.32,104.92,105.82,295424.0,105.56,106.32,104.92,105.82,295424.0
2016-08-18,False,daily,105.51,106.34,105.01,106.04,276055.0,105.51,106.34,105.01,106.04,276055.0
2016-08-17,False,daily,106.49,107.12,105.56,105.61,405536.0,106.49,107.12,105.56,105.61,405536.0
2016-08-16,False,daily,104.84,106.31,103.615,105.97,372688.0,104.84,106.31,103.615,105.97,372688.0
2016-08-15,False,daily,103.16,106.0,103.05,105.72,300623.0,103.16,106.0,103.05,105.72,300623.0
2016-08-12,False,daily,102.5,102.7,101.2801,102.51,240134.0,102.5,102.7,101.2801,102.51,240134.0
2016-08-11,False,daily,104.12,105.11,101.81,103.65,354578.0,104.12,105.11,101.81,103.65,354578.0
2016-08-10,False,daily,105.85,106.95,103.65,103.97,570406.0,105.85,106.95,103.65,103.97,570406.0
2016-08-09,False,daily,102.94,106.34,102.94,106.33,644244.0,102.94,106.34,102.94,106.33,644244.0
2016-08-08,False,daily,104.58,104.95,102.86,103.12,397337.0,104.58,104.95,102.86,103.12,397337.0
2016-08-05,False,daily,100.11,104.08,100.105,103.73,704744.0,100.11,104.08,100.105,103.73,704744.0
2016-08-04,False,daily,98.72,99.465,97.96,98.68,275737.0,98.72,99.465,97.96,98.68,275737.0
2016-08-03,False,daily,97.91,99.49,97.91,98.75,527726.0,97.91,99.49,97.91,98.75,527726.0
2016-08-02,False,daily,97.72,98.91,96.865,97.61,465645.0,97.72,98.91,96.865,97.61,465645.0
2016-08-01,False,daily,100.77,101.68,97.94,98.0,557277.0,100.77,101.68,97.94,98.0,557277.0
2016-07-29,False,daily,101.14,102.225,100.01,100.42,407619.0,101.14,102.225,100.01,100.42,407619.0
2016-07-28,False,daily,102.7,103.41,101.28,101.47,299663.0,102.7,103.41,101.28,101.47,299663.0
2016-07-27,False,daily,102.69,104.77,102.24,102.91,410022.0,102.69,104.77,102.24,102.91,410022.0
2016-07-26,False,daily,101.32,103.53,101.26,102.52,405001.0,101.32,103.53,101.26,102.52,405001.0
2016-07-25,False,daily,100.25,101.85,100.02,101.67,512776.0,100.25,101.85,100.02,101.67,512776.0
2016-07-22,False,daily,101.0,102.2,98.055,101.01,746710.0,101.0,102.2,98.055,101.01,746710.0
2016-07-21,False,daily,103.73,104.65,102.1,102.2,556386.0,103.73,104.65,102.1,102.2,556386.0
2016-07-20,False,daily,105.0,105.0,102.82,103.62,429197.0,105.0,105.0,102.82,103.62,429197.0
2016-07-19,False,daily,102.19,105.26,102.19,103.96,567413.0,102.19,105.26,102.19,103.96,567413.0
2016-07-18,False,daily,102.6,103.44,102.06,103.11,484839.0,102.6,103.44,102.06,103.11,484839.0
2016-07-15,False,daily,102.23,103.68,101.31,102.55,527227.0,102.23,103.68,101.31,102.55,527227.0
2016-07-14,False,daily,100.76,102.59,99.5936,101.68,717024.0,100.76,102.59,99.5936,101.68,717024.0
2016-07-13,False,daily,98.56,99.4,96.8278,98.2,398915.0,98.56,99.4,96.8278,98.2,398915.0
2016-07-12,False,daily,97.51,99.45,97.06,99.24,681101.0,97.51,99.45,97.06,99.24,681101.0
2016-07-11,False,daily,95.81,97.51,95.36,96.08,492595.0,95.81,97.51,95.36,96.08,492595.0
2016-07-08,False,daily,95.28,96.72,94.645,94.89,692725.0,95.28,96.72,94.645,94.89,692725.0
2016-07-07,False,daily,90.53,93.935,90.43,93.15,965227.0,90.53,93.935,90.43,93.15,965227.0
2016-07-06,False,daily,89.31,91.04,87.28,90.45,526439.0,89.31,91.04,87.28,90.45,526439.0
2016-07-05,False,daily,92.85,93.65,88.52,89.99,662402.0,92.85,93.65,88.52,89.99,662402.0
2016-07-01,False,daily,94.23,96.1099,92.5,93.85,747226.0,94.23,96.1099,92.5,93.85,747226.0
2016-06-30,False,daily,93.0,95.17,91.33,95.16,813627.0,93.0,95.17,91.33,95.16,813627.0
2016-06-29,False,daily,91.92,93.23,90.67,92.65,725668.0,91.92,93.23,90.67,92.65,725668.0
2016-06-28,False,daily,86.16,90.7,86.16,90.17,2091959.0,86.16,90.7,86.16,90.17,2091959.0
2016-06-27,False,daily,91.15,91.15,82.9,83.51,2030240.0,91.15,91.15,82.9,83.51,2030240.0
2016-06-24,False,daily,98.0,99.88,90.27,93.39,1901351.0,98.0,99.88,90.27,93.39,1901351.0
2016-06-23,False,daily,101.08,104.91,100.8,104.91,472578.0,101.08,104.91,100.8,104.91,472578.0
2016-06-22,False,daily,100.27,101.36,99.02,99.1,389543.0,100.27,101.36,99.02,99.1,389543.0
2016-06-21,False,daily,100.38,100.43,98.79,99.96,403108.0,100.38,100.43,98.79,99.96,403108.0
2016-06-20,False,daily,101.03,102.915,99.71,99.94,523284.0,101.03,102.915,99.71,99.94,523284.0
2016-06-17,False,daily,97.94,99.22,97.07,98.61,1012412.0,97.94,99.22,97.07,98.61,1012412.0
2016-06-16,False,daily,98.9,98.9,95.9,97.72,418535.0,98.9,98.9,95.9,97.72,418535.0
2016-06-15,False,daily,99.99,102.08,99.22,99.8,552852.0,99.99,102.08,99.22,99.8,552852.0
2016-06-14,False,daily,101.4,102.76,98.57,99.4,710212.0,101.4,102.76,98.57,99.4,710212.0
2016-06-13,False,daily,102.73,104.95,102.13,102.4,492650.0,102.73,104.95,102.13,102.4,492650.0
2016-06-10,False,daily,105.0,105.72,103.49,103.77,453618.0,105.0,105.72,103.49,103.77,453618.0
2016-06-09,False,daily,107.31,108.74,105.0,106.14,376284.0,107.31,108.74,105.0,106.14,376284.0
2016-06-08,False,daily,108.56,109.65,108.08,108.2,429307.0,108.56,109.65,108.08,108.2,429307.0
2016-06-07,False,daily,109.2,109.92,107.91,108.74,378750.0,109.2,109.92,107.91,108.74,378750.0
2016-06-06,False,daily,106.33,109.63,105.01,109.12,330942.0,106.33,109.63,105.01,109.12,330942.0
2016-06-03,False,daily,107.11,108.89,103.07,106.14,812478.0,107.11,108.89,103.07,106.14,812478.0
2016-06-02,False,daily,109.91,110.97,108.4001,110.96,342362.0,109.91,110.97,108.4001,110.96,342362.0
2016-06-01,False,daily,108.04,110.19,106.35,109.95,618204.0,108.04,110.19,106.35,109.95,618204.0
2016-05-31,False,daily,109.4,110.88,108.83,110.2,836668.0,109.4,110.88,108.83,110.2,836668.0
2016-05-27,False,daily,106.35,108.61,106.05,108.6,462385.0,106.35,108.61,106.05,108.6,462385.0
2016-05-26,False,daily,107.79,108.62,105.81,106.94,469214.0,107.79,108.62,105.81,106.94,469214.0
2016-05-25,False,daily,104.95,108.47,104.95,107.89,574594.0,104.95,108.47,104.95,107.89,574594.0
2016-05-24,False,daily,101.34,105.54,101.34,104.19,495993.0,101.34,105.54,101.34,104.19,495993.0
2016-05-23,False,daily,102.65,103.14,100.83,102.57,438285.0,102.65,103.14,100.83,102.57,438285.0
2016-05-20,False,daily,101.64,103.64,101.255,102.67,483475.0,101.64,103.64,101.255,102.67,483475.0
2016-05-19,False,daily,100.62,103.17,99.26,100.62,674459.0,100.62,103.17,99.26,100.62,674459.0
2016-05-18,False,daily,96.75,102.77,96.75,101.57,1016026.0,96.75,102.77,96.75,101.57,1016026.0
2016-05-17,False,daily,95.67,97.76,94.87,96.75,1080918.0,95.67,97.76,94.87,96.75,1080918.0
2016-05-16,False,daily,92.61,96.05,92.5101,95.75,638052.0,92.61,96.05,92.5101,95.75,638052.0
2016-05-13,False,daily,94.9,96.57,91.37,92.1,960885.0,94.9,96.57,91.37,92.1,960885.0
2016-05-12,False,daily,97.97,98.76,94.24,95.07,558148.0,97.97,98.76,94.24,95.07,558148.0
2016-05-11,False,daily,97.65,99.69,96.82,97.18,420495.0,97.65,99.69,96.82,97.18,420495.0
2016-05-10,False,daily,97.04,99.18,96.56,98.34,341903.0,97.04,99.18,96.56,98.34,341903.0
2016-05-09,False,daily,96.38,97.99,95.73,96.54,385158.0,96.38,97.99,95.73,96.54,385158.0
2016-05-06,False,daily,95.38,96.79,94.63,96.77,421774.0,95.38,96.79,94.63,96.77,421774.0
2016-05-05,False,daily,97.35,99.52,95.48,96.26,628334.0,97.35,99.52,95.48,96.26,628334.0
2016-05-04,False,daily,100.03,100.62,95.45,96.77,1069930.0,100.03,100.62,95.45,96.77,1069930.0
2016-05-03,False,daily,103.5,103.5,99.86,100.76,572032.0,103.5,103.5,99.86,100.76,572032.0
2016-05-02,False,daily,104.08,106.12,102.9,105.18,446767.0,104.08,106.12,102.9,105.18,446767.0
2016-04-29,False,daily,102.62,104.61,101.71,104.28,789757.0,102.62,104.61,101.71,104.28,789757.0
2016-04-28,False,daily,104.1,105.16,102.28,102.54,676533.0,104.1,105.16,102.28,102.54,676533.0
2016-04-27,False,daily,106.15,106.42,103.96,105.1,858404.0,106.15,106.42,103.96,105.1,858404.0
2016-04-26,False,daily,106.89,107.6,105.03,106.53,748352.0,106.89,107.6,105.03,106.53,748352.0
2016-04-25,False,daily,106.94,106.97,104.95,106.61,695163.0,106.94,106.97,104.95,106.61,695163.0
2016-04-22,False,daily,101.1,107.77,101.0,107.16,2297836.0,101.1,107.77,101.0,107.16,2297836.0
2016-04-21,False,daily,114.99,115.9299,112.55,112.77,638227.0,114.99,115.9299,112.55,112.77,638227.0
2016-04-20,False,daily,112.62,115.12,111.62,114.17,620898.0,112.62,115.12,111.62,114.17,620898.0
2016-04-19,False,daily,109.89,112.51,109.28,112.51,748604.0,109.89,112.51,109.28,112.51,748604.0
2016-04-18,False,daily,107.91,110.75,107.46,109.78,416487.0,107.91,110.75,107.46,109.78,416487.0
2016-04-15,False,daily,109.77,110.29,108.07,108.82,326047.0,109.77,110.29,108.07,108.82,326047.0
2016-04-14,False,daily,108.71,112.69,107.81,109.62,531263.0,108.71,112.69,107.81,109.62,531263.0
2016-04-13,False,daily,103.03,109.94,102.915,108.87,1116623.0,103.03,109.94,102.915,108.87,1116623.0
2016-04-12,False,daily,100.14,102.5,99.7439,102.33,392810.0,100.14,102.5,99.7439,102.33,392810.0
2016-04-11,False,daily,100.02,102.525,99.17,99.62,318155.0,100.02,102.525,99.17,99.62,318155.0
2016-04-08,False,daily,98.81,100.51,98.37,99.11,520809.0,98.81,100.51,98.37,99.11,520809.0
2016-04-07,False,daily,100.8,101.5,96.34,97.74,382912.0,100.8,101.5,96.34,97.74,382912.0
2016-04-06,False,daily,100.09,101.86,98.48,101.8,421439.0,100.09,101.86,98.48,101.8,421439.0
2016-04-05,False,daily,102.0,102.0,99.44,99.7,526362.0,102.0,102.0,99.44,99.7,526362.0
2016-04-04,False,daily,102.8,103.98,101.6,103.18,457517.0,102.8,103.98,101.6,103.18,457517.0
2016-04-01,False,daily,101.03,103.14,99.71,103.05,867852.0,101.03,103.14,99.71,103.05,867852.0
2016-03-31,False,daily,103.04,104.1744,100.74,102.05,901480.0,103.04,104.1744,100.74,102.05,901480.0
2016-03-30,False,daily,101.37,104.65,101.37,103.29,656921.0,101.37,104.65,101.37,103.29,656921.0
2016-03-29,False,daily,99.25,101.15,97.3,101.08,618170.0,99.25,101.15,97.3,101.08,618170.0
2016-03-28,False,daily,99.97,100.88,98.365,99.74,440583.0,99.97,100.88,98.365,99.74,440583.0
2016-03-24,False,daily,98.73,99.81,96.85,99.77,585407.0,98.73,99.81,96.85,99.77,585407.0
2016-03-23,False,daily,100.28,101.45,98.68,99.85,481985.0,100.28,101.45,98.68,99.85,481985.0
2016-03-22,False,daily,99.38,101.23,97.685,100.98,434932.0,99.38,101.23,97.685,100.98,434932.0
2016-03-21,False,daily,98.95,101.38,98.5901,100.38,442609.0,98.95,101.38,98.5901,100.38,442609.0
2016-03-18,False,daily,96.31,101.51,94.47,98.94,785010.0,96.31,101.51,94.47,98.94,785010.0
2016-03-17,False,daily,97.65,97.65,94.81,96.61,1090448.0,97.65,97.65,94.81,96.61,1090448.0
2016-03-16,False,daily,99.41,102.995,95.4631,97.74,710463.0,99.41,102.995,95.4631,97.74,710463.0
2016-03-15,False,daily,99.06,100.2,98.0201,99.49,532387.0,99.06,100.2,98.0201,99.49,532387.0
2016-03-14,False,daily,99.79,101.1,97.52,100.29,514123.0,99.79,101.1,97.52,100.29,514123.0
2016-03-11,False,daily,97.72,100.43,96.7421,100.31,664519.0,97.72,100.43,96.7421,100.31,664519.0
2016-03-10,False,daily,97.14,97.83,92.55,96.46,700916.0,97.14,97.83,92.55,96.46,700916.0
2016-03-09,False,daily,99.81,99.81,95.29,95.67,793519.0,99.81,99.81,95.29,95.67,793519.0
2016-03-08,False,daily,101.33,103.04,98.86,99.03,840468.0,101.33,103.04,98.86,99.03,840468.0
2016-03-07,False,daily,101.0,102.98,100.03,102.93,675048.0,101.0,102.98,100.03,102.93,675048.0
2016-03-04,False,daily,100.0,102.78,99.67,101.66,967862.0,100.0,102.78,99.67,101.66,967862.0
2016-03-03,False,daily,96.77,99.5,96.59,99.45,903099.0,96.77,99.5,96.59,99.45,903099.0
2016-03-02,False,daily,94.81,97.78,93.81,97.27,823284.0,94.81,97.78,93.81,97.27,823284.0
2016-03-01,False,daily,89.3,95.25,88.195,94.72,947482.0,89.3,95.25,88.195,94.72,947482.0
2016-02-29,False,daily,90.67,91.01,88.49,88.85,925210.0,90.67,91.01,88.49,88.85,925210.0
2016-02-26,False,daily,86.84,91.81,86.7601,90.17,952462.0,86.84,91.81,86.7601,90.17,952462.0
2016-02-25,False,daily,84.27,86.91,83.67,86.33,625336.0,84.27,86.91,83.67,86.33,625336.0
2016-02-24,False,daily,82.41,83.85,80.31,83.48,823506.0,82.41,83.85,80.31,83.48,823506.0
2016-02-23,False,daily,87.32,87.32,83.21,83.79,785951.0,87.32,87.32,83.21,83.79,785951.0
2016-02-22,False,daily,87.4,90.335,86.74,87.5,768815.0,87.4,90.335,86.74,87.5,768815.0
2016-02-19,False,daily,85.89,86.99,84.8,86.53,646439.0,85.89,86.99,84.8,86.53,646439.0
2016-02-18,False,daily,88.18,88.67,85.7175,86.64,712486.0,88.18,88.67,85.7175,86.64,712486.0
2016-02-17,False,daily,88.98,90.5,87.61,88.19,827670.0,88.98,90.5,87.61,88.19,827670.0
2016-02-16,False,daily,85.75,89.06,85.3701,87.41,801484.0,85.75,89.06,85.3701,87.41,801484.0
2016-02-12,False,daily,81.09,85.67,80.03,84.5,752469.0,81.09,85.67,80.03,84.5,752469.0
2016-02-11,False,daily,80.31,83.03,77.871,79.97,1216037.0,80.31,83.03,77.871,79.97,1216037.0
2016-02-10,False,daily,84.99,87.16,82.87,83.01,647993.0,84.99,87.16,82.87,83.01,647993.0
2016-02-09,False,daily,82.4,85.3,80.37,83.99,1443393.0,82.4,85.3,80.37,83.99,1443393.0
2016-02-08,False,daily,89.24,89.24,83.575,84.55,1672378.0,89.24,89.24,83.575,84.55,1672378.0
2016-02-05,False,daily,94.41,95.83,90.18,90.68,1112433.0,94.41,95.83,90.18,90.68,1112433.0
2016-02-04,False,daily,94.36,97.06,92.18,94.04,817072.0,94.36,97.06,92.18,94.04,817072.0
2016-02-03,False,daily,95.72,96.86,91.61,94.46,904694.0,95.72,96.86,91.61,94.46,904694.0
2016-02-02,False,daily,100.69,100.775,94.0,95.14,864110.0,100.69,100.775,94.0,95.14,864110.0
2016-02-01,False,daily,101.24,103.73,99.9909,102.51,869211.0,101.24,103.73,99.9909,102.51,869211.0
2016-01-29,False,daily,98.71,101.49,95.18,101.32,1175290.0,98.71,101.49,95.18,101.32,1175290.0
2016-01-28,False,daily,101.26,102.89,98.3,98.6,654798.0,101.26,102.89,98.3,98.6,654798.0
2016-01-27,False,daily,97.96,102.66,97.78,99.97,1128741.0,97.96,102.66,97.78,99.97,1128741.0
2016-01-26,False,daily,96.08,98.83,95.615,98.46,1023922.0,96.08,98.83,95.615,98.46,1023922.0
2016-01-25,False,daily,103.46,103.46,94.27,95.09,1681907.0,103.46,103.46,94.27,95.09,1681907.0
2016-01-22,False,daily,105.9,115.42,102.43,104.4,1887082.0,105.9,115.42,102.43,104.4,1887082.0
2016-01-21,False,daily,96.11,97.8,93.85,95.66,1008960.0,96.11,97.8,93.85,95.66,1008960.0
2016-01-20,False,daily,94.26,96.96,93.36,95.67,1674344.0,94.26,96.96,93.36,95.67,1674344.0
2016-01-19,False,daily,97.91,98.67,95.1,95.67,1548287.0,97.91,98.67,95.1,95.67,1548287.0
2016-01-15,False,daily,95.07,96.91,92.97,96.6,1271883.0,95.07,96.91,92.97,96.6,1271883.0
2016-01-14,False,daily,99.91,101.57,95.07,98.53,1389032.0,99.91,101.57,95.07,98.53,1389032.0
2016-01-13,False,daily,104.55,104.91,98.77,99.09,803841.0,104.55,104.91,98.77,99.09,803841.0
2016-01-12,False,daily,106.74,106.77,102.22,104.29,732893.0,106.74,106.77,102.22,104.29,732893.0
2016-01-11,False,daily,107.21,108.26,104.08,105.46,866541.0,107.21,108.26,104.08,105.46,866541.0
2016-01-08,False,daily,110.34,111.81,106.0,106.8,657012.0,110.34,111.81,106.0,106.8,657012.0
2016-01-07,False,daily,111.51,112.3265,108.77,108.82,995136.0,111.51,112.3265,108.77,108.82,995136.0
2016-01-06,False,daily,114.43,116.46,113.87,114.61,494837.0,114.43,116.46,113.87,114.61,494837.0
2016-01-05,False,daily,116.39,118.09,115.68,116.56,384523.0,116.39,118.09,115.68,116.56,384523.0
2016-01-04,False,daily,116.67,117.49,114.95,116.53,736294.0,116.67,117.49,114.95,116.53,736294.0
2017-12-29,False,daily,238.79,238.79,233.0,233.77,243030.0,238.79,238.79,233.0,233.77,243030.0
2017-12-28,False,daily,235.39,237.9,234.3,237.71,259490.0,235.39,237.9,234.3,237.71,259490.0
2017-12-27,False,daily,235.84,236.2,234.11,234.89,368552.0,235.84,236.2,234.11,234.89,368552.0
2017-12-26,False,daily,241.0,241.0,235.06,236.17,304846.0,241.0,241.0,235.06,236.17,304846.0
2017-12-22,False,daily,241.92,241.92,235.41,241.7,284321.0,241.92,241.92,235.41,241.7,284321.0
2017-12-21,False,daily,238.45,242.48,237.12,241.67,261930.0,238.45,242.48,237.12,241.67,261930.0
2017-12-20,False,daily,240.49,242.41,232.41,236.3,459958.0,240.49,242.41,232.41,236.3,459958.0
2017-12-19,False,daily,241.17,242.5554,237.905,238.23,554543.0,241.17,242.5554,237.905,238.23,554543.0
2017-12-18,False,daily,240.7,242.92,237.59,240.65,712169.0,240.7,242.92,237.59,240.65,712169.0
2017-12-15,False,daily,228.0,239.4,228.0,237.55,1820950.0,228.0,239.4,228.0,237.55,1820950.0
2017-12-14,False,daily,233.29,234.785,227.46,229.67,731250.0,233.29,234.785,227.46,229.67,731250.0
2017-12-13,False,daily,234.62,236.86,230.87,231.29,664309.0,234.62,236.86,230.87,231.29,664309.0
2017-12-12,False,daily,235.06,235.92,230.775,234.9,420238.0,235.06,235.92,230.775,234.9,420238.0
2017-12-11,False,daily,232.26,233.92,230.41,232.39,562278.0,232.26,233.92,230.41,232.39,562278.0
2017-12-08,False,daily,232.19,233.65,228.99,232.27,316123.0,232.19,233.65,228.99,232.27,316123.0
2017-12-07,False,daily,228.28,232.07,226.211,229.79,425617.0,228.28,232.07,226.211,229.79,425617.0
2017-12-06,False,daily,226.06,231.03,225.94,228.66,315245.0,226.06,231.03,225.94,228.66,315245.0
2017-12-05,False,daily,233.41,235.27,226.11,227.53,385380.0,233.41,235.27,226.11,227.53,385380.0
2017-12-04,False,daily,232.0,236.18,230.82,231.27,446315.0,232.0,236.18,230.82,231.27,446315.0
2017-12-01,False,daily,227.04,230.8,219.56,228.17,401101.0,227.04,230.8,219.56,228.17,401101.0
2017-11-30,False,daily,229.22,233.46,226.01,227.64,567318.0,229.22,233.46,226.01,227.64,567318.0
2017-11-29,False,daily,222.8,229.67,222.165,226.98,642159.0,222.8,229.67,222.165,226.98,642159.0
2017-11-28,False,daily,214.6,221.7,214.305,221.33,262620.0,214.6,221.7,214.305,221.33,262620.0
2017-11-27,False,daily,213.0,215.61,212.3,213.41,219397.0,213.0,215.61,212.3,213.41,219397.0
2017-11-24,False,daily,215.11,216.3,213.0,213.1,113562.0,215.11,216.3,213.0,213.1,113562.0
2017-11-22,False,daily,215.61,215.75,212.77,214.08,179855.0,215.61,215.75,212.77,214.08,179855.0
2017-11-21,False,daily,216.02,216.44,212.705,214.92,326735.0,216.02,216.44,212.705,214.92,326735.0
2017-11-20,False,daily,215.07,216.84,214.08,215.15,305878.0,215.07,216.84,214.08,215.15,305878.0
2017-11-17,False,daily,213.13,216.53,211.91,215.22,263274.0,213.13,216.53,211.91,215.22,263274.0
2017-11-16,False,daily,215.0,216.84,212.03,214.23,353371.0,215.0,216.84,212.03,214.23,353371.0
2017-11-15,False,daily,210.0,215.03,208.23,213.74,342041.0,210.0,215.03,208.23,213.74,342041.0
2017-11-14,False,daily,210.4,214.07,210.4,213.28,354701.0,210.4,214.07,210.4,213.28,354701.0
2017-11-13,False,daily,206.72,212.72,204.79,212.26,524598.0,206.72,212.72,204.79,212.26,524598.0
2017-11-10,False,daily,208.81,210.23,207.805,208.88,278785.0,208.81,210.23,207.805,208.88,278785.0
2017-11-09,False,daily,208.04,212.12,204.32,208.23,393052.0,208.04,212.12,204.32,208.23,393052.0
2017-11-08,False,daily,214.54,215.92,208.31,209.56,525789.0,214.54,215.92,208.31,209.56,525789.0
2017-11-07,False,daily,218.03,218.12,212.45,215.06,554281.0,218.03,218.12,212.45,215.06,554281.0
2017-11-06,False,daily,219.49,220.1,217.1,217.69,305923.0,219.49,220.1,217.1,217.69,305923.0
2017-11-03,False,daily,217.34,220.4,215.57,219.52,363871.0,217.34,220.4,215.57,219.52,363871.0
2017-11-02,False,daily,218.42,220.605,215.78,218.92,432955.0,218.42,220.605,215.78,218.92,432955.0
2017-11-01,False,daily,220.45,221.82,217.85,218.73,514783.0,220.45,221.82,217.85,218.73,514783.0
2017-10-31,False,daily,221.86,221.86,218.01,219.28,556098.0,221.86,221.86,218.01,219.28,556098.0
2017-10-30,False,daily,217.46,222.52,216.76,220.94,962018.0,217.46,222.52,216.76,220.94,962018.0
2017-10-27,False,daily,209.98,223.82,206.98,216.69,1875475.0,209.98,223.82,206.98,216.69,1875475.0
2017-10-26,False,daily,188.73,192.94,186.155,192.37,390871.0,188.73,192.94,186.155,192.37,390871.0
2017-10-25,False,daily,189.49,190.095,185.4101,188.58,399632.0,189.49,190.095,185.4101,188.58,399632.0
2017-10-24,False,daily,188.53,191.49,187.95,188.99,273478.0,188.53,191.49,187.95,188.99,273478.0
2017-10-23,False,daily,189.59,189.63,186.74,186.8,209513.0,189.59,189.63,186.74,186.8,209513.0
2017-10-20,False,daily,189.39,190.99,188.77,189.47,416883.0,189.39,190.99,188.77,189.47,416883.0
2017-10-19,False,daily,181.0,186.61,180.325,185.18,252185.0,181.0,186.61,180.325,185.18,252185.0
2017-10-18,False,daily,182.3,183.5,181.38,182.7,264986.0,182.3,183.5,181.38,182.7,264986.0
2017-10-17,False,daily,185.74,185.95,181.51,181.64,257595.0,185.74,185.95,181.51,181.64,257595.0
2017-10-16,False,daily,184.63,186.5,184.43,185.2,194025.0,184.63,186.5,184.43,185.2,194025.0
2017-10-13,False,daily,186.16,186.16,183.51,184.16,376449.0,186.16,186.16,183.51,184.16,376449.0
2017-10-12,False,daily,188.38,189.43,186.97,187.43,347055.0,188.38,189.43,186.97,187.43,347055.0
2017-10-11,False,daily,188.92,189.22,186.765,188.07,513003.0,188.92,189.22,186.765,188.07,513003.0
2017-10-10,False,daily,189.16,189.71,187.42,188.93,376572.0,189.16,189.71,187.42,188.93,376572.0
2017-10-09,False,daily,189.23,189.23,186.9,188.0,222557.0,189.23,189.23,186.9,188.0,222557.0
2017-10-06,False,daily,188.44,191.47,187.24,189.1,427711.0,188.44,191.47,187.24,189.1,427711.0
2017-10-05,False,daily,183.6,187.67,183.6,187.26,354818.0,183.6,187.67,183.6,187.26,354818.0
2017-10-04,False,daily,184.89,186.15,182.41,182.69,301082.0,184.89,186.15,182.41,182.69,301082.0
2017-10-03,False,daily,188.91,189.62,185.26,186.13,279922.0,188.91,189.62,185.26,186.13,279922.0
2017-10-02,False,daily,186.54,188.47,184.75,187.96,527642.0,186.54,188.47,184.75,187.96,527642.0
2017-09-29,False,daily,186.58,191.38,186.58,187.09,409821.0,186.58,191.38,186.58,187.09,409821.0
2017-09-28,False,daily,187.0,187.55,183.67,186.59,309031.0,187.0,187.55,183.67,186.59,309031.0
2017-09-27,False,daily,183.62,187.005,182.705,186.42,484127.0,183.62,187.005,182.705,186.42,484127.0
2017-09-26,False,daily,179.51,181.5799,179.34,180.68,357581.0,179.51,181.5799,179.34,180.68,357581.0
2017-09-25,False,daily,178.94,182.18,178.61,179.93,302575.0,178.94,182.18,178.61,179.93,302575.0
2017-09-22,False,daily,177.72,180.37,177.72,179.82,316106.0,177.72,180.37,177.72,179.82,316106.0
2017-09-21,False,daily,177.25,179.5,176.16,179.06,298953.0,177.25,179.5,176.16,179.06,298953.0
2017-09-20,False,daily,172.42,177.6,170.14,177.22,509174.0,172.42,177.6,170.14,177.22,509174.0
2017-09-19,False,daily,173.01,175.27,172.305,172.88,458805.0,173.01,175.27,172.305,172.88,458805.0
2017-09-18,False,daily,170.83,173.26,169.98,172.65,587689.0,170.83,173.26,169.98,172.65,587689.0
2017-09-15,False,daily,168.76,171.01,167.9877,170.59,978875.0,168.76,171.01,167.9877,170.59,978875.0
2017-09-14,False,daily,171.76,172.23,168.9,168.98,251489.0,171.76,172.23,168.9,168.98,251489.0
2017-09-13,False,daily,171.54,172.03,170.1,171.42,318749.0,171.54,172.03,170.1,171.42,318749.0
2017-09-12,False,daily,169.52,172.605,168.08,171.24,387477.0,169.52,172.605,168.08,171.24,387477.0
2017-09-11,False,daily,165.23,169.99,162.94,168.57,363006.0,165.23,169.99,162.94,168.57,363006.0
2017-09-08,False,daily,160.52,164.44,159.68,162.46,311134.0,160.52,164.44,159.68,162.46,311134.0
2017-09-07,False,daily,167.64,167.75,159.44,160.72,625038.0,167.64,167.75,159.44,160.72,625038.0
2017-09-06,False,daily,168.03,169.34,166.98,167.84,269870.0,168.03,169.34,166.98,167.84,269870.0
2017-09-05,False,daily,170.81,171.66,165.31,167.18,386550.0,170.81,171.66,165.31,167.18,386550.0
2017-09-01,False,daily,169.71,173.14,169.31,172.53,267963.0,169.71,173.14,169.31,172.53,267963.0
2017-08-31,False,daily,169.83,171.67,169.0,169.34,381990.0,169.83,171.67,169.0,169.34,381990.0
2017-08-30,False,daily,166.57,170.65,165.8,169.63,388511.0,166.57,170.65,165.8,169.63,388511.0
2017-08-29,False,daily,165.78,166.63,163.75,165.91,356509.0,165.78,166.63,163.75,165.91,356509.0
2017-08-28,False,daily,169.79,170.88,167.54,167.95,190918.0,169.79,170.88,167.54,167.95,190918.0
2017-08-25,False,daily,169.68,171.49,168.53,169.64,303307.0,169.68,171.49,168.53,169.64,303307.0
2017-08-24,False,daily,169.57,169.96,167.96,169.34,239294.0,169.57,169.96,167.96,169.34,239294.0
2017-08-23,False,daily,166.31,170.9027,165.02,168.43,362053.0,166.31,170.9027,165.02,168.43,362053.0
2017-08-22,False,daily,165.96,168.52,165.42,168.34,266183.0,165.96,168.52,165.42,168.34,266183.0
2017-08-21,False,daily,166.67,167.625,163.91,164.84,345300.0,166.67,167.625,163.91,164.84,345300.0
2017-08-18,False,daily,165.65,168.26,163.69,166.59,429131.0,165.65,168.26,163.69,166.59,429131.0
2017-08-17,False,daily,173.43,174.64,165.41,166.3,447759.0,173.43,174.64,165.41,166.3,447759.0
2017-08-16,False,daily,175.24,176.485,173.275,174.13,378448.0,175.24,176.485,173.275,174.13,378448.0
2017-08-15,False,daily,175.89,177.04,174.565,174.66,329984.0,175.89,177.04,174.565,174.66,329984.0
2017-08-14,False,daily,175.16,176.77,173.19,174.33,397428.0,175.16,176.77,173.19,174.33,397428.0
2017-08-11,False,daily,172.26,174.62,170.27,172.03,513125.0,172.26,174.62,170.27,172.03,513125.0
2017-08-10,False,daily,177.78,178.31,172.55,172.82,360224.0,177.78,178.31,172.55,172.82,360224.0
2017-08-09,False,daily,182.13,183.94,178.79,179.55,291163.0,182.13,183.94,178.79,179.55,291163.0
2017-08-08,False,daily,183.14,187.26,182.76,184.01,505109.0,183.14,187.26,182.76,184.01,505109.0
2017-08-07,False,daily,185.83,187.71,182.68,182.85,318640.0,185.83,187.71,182.68,182.85,318640.0
2017-08-04,False,daily,184.01,186.8,182.2,184.89,439976.0,184.01,186.8,182.2,184.89,439976.0
2017-08-03,False,daily,183.5,184.74,181.15,181.44,426583.0,183.5,184.74,181.15,181.44,426583.0
2017-08-02,False,daily,182.98,184.17,181.75,183.33,347355.0,182.98,184.17,181.75,183.33,347355.0
2017-08-01,False,daily,180.2,184.715,179.28,183.39,675671.0,180.2,184.715,179.28,183.39,675671.0
2017-07-31,False,daily,178.47,179.17,177.4175,178.44,594273.0,178.47,179.17,177.4175,178.44,594273.0
2017-07-28,False,daily,178.0,178.0,172.0,176.99,755489.0,178.0,178.0,172.0,176.99,755489.0
2017-07-27,False,daily,180.06,181.84,177.4,179.14,548308.0,180.06,181.84,177.4,179.14,548308.0
2017-07-26,False,daily,182.69,184.25,177.98,178.65,435387.0,182.69,184.25,177.98,178.65,435387.0
2017-07-25,False,daily,181.65,186.19,181.65,182.99,719793.0,181.65,186.19,181.65,182.99,719793.0
2017-07-24,False,daily,177.19,179.085,176.34,178.27,748452.0,177.19,179.085,176.34,178.27,748452.0
2017-07-21,False,daily,179.43,180.48,176.73,177.42,271773.0,179.43,180.48,176.73,177.42,271773.0
2017-07-20,False,daily,180.8,181.94,177.81,179.96,250209.0,180.8,181.94,177.81,179.96,250209.0
2017-07-19,False,daily,180.23,182.19,178.9,180.07,241515.0,180.23,182.19,178.9,180.07,241515.0
2017-07-18,False,daily,179.15,181.75,178.27,179.96,387162.0,179.15,181.75,178.27,179.96,387162.0
2017-07-17,False,daily,180.55,181.79,177.66,180.57,349084.0,180.55,181.79,177.66,180.57,349084.0
2017-07-14,False,daily,180.8,182.91,178.08,181.7,396967.0,180.8,182.91,178.08,181.7,396967.0
2017-07-13,False,daily,182.76,183.559,181.65,183.07,470484.0,182.76,183.559,181.65,183.07,470484.0
2017-07-12,False,daily,182.12,183.625,181.02,182.17,490464.0,182.12,183.625,181.02,182.17,490464.0
2017-07-11,False,daily,181.55,183.785,179.55,182.42,498219.0,181.55,183.785,179.55,182.42,498219.0
2017-07-10,False,daily,180.52,182.35,178.46,180.92,408431.0,180.52,182.35,178.46,180.92,408431.0
2017-07-07,False,daily,178.5,181.98,177.15,181.72,423907.0,178.5,181.98,177.15,181.72,423907.0
2017-07-06,False,daily,180.24,182.51,176.76,177.11,537514.0,180.24,182.51,176.76,177.11,537514.0
2017-07-05,False,daily,181.14,181.58,177.32,180.6,490874.0,181.14,181.58,177.32,180.6,490874.0
2017-07-03,False,daily,177.17,181.685,176.01,179.44,305933.0,177.17,181.685,176.01,179.44,305933.0
2017-06-30,False,daily,178.05,178.05,174.47,175.79,551072.0,178.05,178.05,174.47,175.79,551072.0
2017-06-29,False,daily,179.58,181.49,175.89,177.23,475164.0,179.58,181.49,175.89,177.23,475164.0
2017-06-28,False,daily,176.27,177.45,174.74,176.09,409989.0,176.27,177.45,174.74,176.09,409989.0
2017-06-27,False,daily,174.27,177.7499,173.06,174.45,442259.0,174.27,177.7499,173.06,174.45,442259.0
2017-06-26,False,daily,172.57,175.37,170.52,173.16,380885.0,172.57,175.37,170.52,173.16,380885.0
2017-06-23,False,daily,175.58,175.99,170.62,170.84,574324.0,175.58,175.99,170.62,170.84,574324.0
2017-06-22,False,daily,173.75,174.637,170.82,174.25,420693.0,173.75,174.637,170.82,174.25,420693.0
2017-06-21,False,daily,177.82,180.0114,173.51,173.85,458879.0,177.82,180.0114,173.51,173.85,458879.0
2017-06-20,False,daily,179.78,180.43,177.08,177.12,231909.0,179.78,180.43,177.08,177.12,231909.0
2017-06-19,False,daily,180.47,182.91,179.8558,180.75,379423.0,180.47,182.91,179.8558,180.75,379423.0
2017-06-16,False,daily,179.69,180.91,177.66,178.88,633046.0,179.69,180.91,177.66,178.88,633046.0
2017-06-15,False,daily,180.75,183.51,178.52,179.78,438559.0,180.75,183.51,178.52,179.78,438559.0
2017-06-14,False,daily,181.68,183.07,177.1,182.56,484754.0,181.68,183.07,177.1,182.56,484754.0
2017-06-13,False,daily,183.31,185.25,182.22,183.31,502649.0,183.31,185.25,182.22,183.31,502649.0
2017-06-12,False,daily,180.89,184.62,180.3,182.17,670518.0,180.89,184.62,180.3,182.17,670518.0
2017-06-09,False,daily,177.21,183.54,177.21,180.66,657885.0,177.21,183.54,177.21,180.66,657885.0
2017-06-08,False,daily,169.11,179.24,169.06,175.56,502178.0,169.11,179.24,169.06,175.56,502178.0
2017-06-07,False,daily,169.48,170.7815,168.14,169.7,484520.0,169.48,170.7815,168.14,169.7,484520.0
2017-06-06,False,daily,167.16,170.1984,165.08,167.92,637390.0,167.16,170.1984,165.08,167.92,637390.0
2017-06-05,False,daily,168.99,171.94,168.99,169.49,509701.0,168.99,171.94,168.99,169.49,509701.0
2017-06-02,False,daily,170.72,171.21,168.21,169.27,638919.0,170.72,171.21,168.21,169.27,638919.0
2017-06-01,False,daily,172.47,174.16,167.61,173.44,688980.0,172.47,174.16,167.61,173.44,688980.0
2017-05-31,False,daily,174.27,174.32,166.44,170.5,3476314.0,174.27,174.32,166.44,170.5,3476314.0
2017-05-30,False,daily,175.67,176.1,170.44,173.82,732942.0,175.67,176.1,170.44,173.82,732942.0
2017-05-26,False,daily,178.95,179.36,176.2,176.5,548298.0,178.95,179.36,176.2,176.5,548298.0
2017-05-25,False,daily,180.22,181.86,177.88,179.01,408640.0,180.22,181.86,177.88,179.01,408640.0
2017-05-24,False,daily,180.44,180.64,177.27,179.64,305884.0,180.44,180.64,177.27,179.64,305884.0
2017-05-23,False,daily,176.12,182.23,174.915,179.97,515709.0,176.12,182.23,174.915,179.97,515709.0
2017-05-22,False,daily,176.07,177.32,173.671,176.62,347512.0,176.07,177.32,173.671,176.62,347512.0
2017-05-19,False,daily,174.92,178.07,172.11,175.69,474848.0,174.92,178.07,172.11,175.69,474848.0
2017-05-18,False,daily,174.31,176.4,171.55,174.17,654799.0,174.31,176.4,171.55,174.17,654799.0
2017-05-17,False,daily,180.31,180.735,171.56,174.16,893230.0,180.31,180.735,171.56,174.16,893230.0
2017-05-16,False,daily,185.43,185.97,181.15,184.67,449362.0,185.43,185.97,181.15,184.67,449362.0
2017-05-15,False,daily,181.9,185.5599,181.51,185.19,390646.0,181.9,185.5599,181.51,185.19,390646.0
2017-05-12,False,daily,181.47,182.22,177.14,181.91,429414.0,181.47,182.22,177.14,181.91,429414.0
2017-05-11,False,daily,185.29,186.55,180.265,182.94,516193.0,185.29,186.55,180.265,182.94,516193.0
2017-05-10,False,daily,184.69,187.0,184.5938,186.25,475418.0,184.69,187.0,184.5938,186.25,475418.0
2017-05-09,False,daily,184.2,186.78,182.96,185.965,577160.0,184.2,186.78,182.96,185.965,577160.0
2017-05-08,False,daily,182.9,184.32,181.225,183.94,365095.0,182.9,184.32,181.225,183.94,365095.0
2017-05-05,False,daily,183.0,183.0,178.995,182.65,418055.0,183.0,183.0,178.995,182.65,418055.0
2017-05-04,False,daily,182.64,185.238,180.86,181.84,353338.0,182.64,185.238,180.86,181.84,353338.0
2017-05-03,False,daily,177.0,181.84,177.0,181.47,505508.0,177.0,181.84,177.0,181.47,505508.0
2017-05-02,False,daily,178.66,180.54,177.41,178.39,616104.0,178.66,180.54,177.41,178.39,616104.0
2017-05-01,False,daily,176.93,181.97,176.095,180.28,830066.0,176.93,181.97,176.095,180.28,830066.0
2017-04-28,False,daily,173.71,183.5,173.0001,175.94,1494313.0,173.71,183.5,173.0001,175.94,1494313.0
2017-04-27,False,daily,193.65,193.65,188.82,189.21,377370.0,193.65,193.65,188.82,189.21,377370.0
2017-04-26,False,daily,189.52,194.87,189.52,192.49,460223.0,189.52,194.87,189.52,192.49,460223.0
2017-04-25,False,daily,189.5,191.63,189.055,190.19,490968.0,189.5,191.63,189.055,190.19,490968.0
2017-04-24,False,daily,188.43,191.72,186.47,187.31,482779.0,188.43,191.72,186.47,187.31,482779.0
2017-04-21,False,daily,183.12,184.69,181.14,183.12,333633.0,183.12,184.69,181.14,183.12,333633.0
2017-04-20,False,daily,180.73,184.13,179.06,183.49,333925.0,180.73,184.13,179.06,183.49,333925.0
2017-04-19,False,daily,178.93,181.46,178.29,178.94,308174.0,178.93,181.46,178.29,178.94,308174.0
2017-04-18,False,daily,176.98,179.845,174.06,176.82,302305.0,176.98,179.845,174.06,176.82,302305.0
2017-04-17,False,daily,176.01,178.72,173.08,178.36,577656.0,176.01,178.72,173.08,178.36,577656.0
2017-04-13,False,daily,178.0,180.2475,175.61,176.32,534158.0,178.0,180.2475,175.61,176.32,534158.0
2017-04-12,False,daily,182.2,183.82,178.6,179.46,420617.0,182.2,183.82,178.6,179.46,420617.0
2017-04-11,False,daily,179.2,182.8,177.3,182.45,507424.0,179.2,182.8,177.3,182.45,507424.0
2017-04-10,False,daily,181.92,184.91,177.74,179.81,363825.0,181.92,184.91,177.74,179.81,363825.0
2017-04-07,False,daily,180.28,184.03,177.91,182.19,478626.0,180.28,184.03,177.91,182.19,478626.0
2017-04-06,False,daily,178.33,183.0,177.1301,182.11,379047.0,178.33,183.0,177.1301,182.11,379047.0
2017-04-05,False,daily,185.34,186.36,177.53,178.07,578928.0,185.34,186.36,177.53,178.07,578928.0
2017-04-04,False,daily,181.94,184.06,180.51,182.93,499740.0,181.94,184.06,180.51,182.93,499740.0
2017-04-03,False,daily,187.11,187.89,180.51,183.79,572799.0,187.11,187.89,180.51,183.79,572799.0
2017-03-31,False,daily,187.99,189.84,186.01,186.09,444430.0,187.99,189.84,186.01,186.09,444430.0
2017-03-30,False,daily,181.28,188.63,181.28,188.25,606136.0,181.28,188.63,181.28,188.25,606136.0
2017-03-29,False,daily,181.12,182.64,179.0,180.8,375467.0,181.12,182.64,179.0,180.8,375467.0
2017-03-28,False,daily,177.7,183.56,177.7,182.02,456190.0,177.7,183.56,177.7,182.02,456190.0
2017-03-27,False,daily,174.28,178.745,170.0,178.7,677289.0,174.28,178.745,170.0,178.7,677289.0
2017-03-24,False,daily,179.89,180.58,176.4,177.94,501398.0,179.89,180.58,176.4,177.94,501398.0
2017-03-23,False,daily,176.59,180.96,174.5,178.18,472174.0,176.59,180.96,174.5,178.18,472174.0
2017-03-22,False,daily,173.08,180.0,170.09,176.17,859261.0,173.08,180.0,170.09,176.17,859261.0
2017-03-21,False,daily,189.99,189.99,174.26,174.72,1205080.0,189.99,189.99,174.26,174.72,1205080.0
2017-03-20,False,daily,197.03,197.03,188.43,188.61,740187.0,197.03,197.03,188.43,188.61,740187.0
2017-03-17,False,daily,194.84,197.97,192.57,197.19,2520281.0,194.84,197.97,192.57,197.19,2520281.0
2017-03-16,False,daily,192.0,195.83,191.9001,194.8,405889.0,192.0,195.83,191.9001,194.8,405889.0
2017-03-15,False,daily,194.53,195.545,191.12,191.77,516700.0,194.53,195.545,191.12,191.77,516700.0
2017-03-14,False,daily,192.34,194.44,190.27,194.21,269861.0,192.34,194.44,190.27,194.21,269861.0
2017-03-13,False,daily,193.05,195.45,193.05,193.98,417774.0,193.05,195.45,193.05,193.98,417774.0
2017-03-10,False,daily,195.13,195.13,190.61,193.52,483135.0,195.13,195.13,190.61,193.52,483135.0
2017-03-09,False,daily,194.11,195.525,191.58,193.88,388646.0,194.11,195.525,191.58,193.88,388646.0
2017-03-08,False,daily,195.48,197.26,193.04,193.24,446940.0,195.48,197.26,193.04,193.24,446940.0
2017-03-07,False,daily,193.88,194.83,191.7,193.12,306852.0,193.88,194.83,191.7,193.12,306852.0
2017-03-06,False,daily,192.64,194.83,191.13,194.26,448596.0,192.64,194.83,191.13,194.26,448596.0
2017-03-03,False,daily,192.51,194.25,191.83,193.94,475701.0,192.51,194.25,191.83,193.94,475701.0
2017-03-02,False,daily,197.91,198.49,191.52,192.11,518370.0,197.91,198.49,191.52,192.11,518370.0
2017-03-01,False,daily,196.94,198.83,196.0,197.63,745382.0,196.94,198.83,196.0,197.63,745382.0
2017-02-28,False,daily,190.82,191.78,188.75,190.89,658839.0,190.82,191.78,188.75,190.89,658839.0
2017-02-27,False,daily,189.17,191.96,187.6421,191.79,451734.0,189.17,191.96,187.6421,191.79,451734.0
2017-02-24,False,daily,186.3,188.34,185.0,188.23,559924.0,186.3,188.34,185.0,188.23,559924.0
2017-02-23,False,daily,187.97,189.29,185.54,189.13,604545.0,187.97,189.29,185.54,189.13,604545.0
2017-02-22,False,daily,185.25,189.04,184.49,188.15,557888.0,185.25,189.04,184.49,188.15,557888.0
2017-02-21,False,daily,185.69,188.435,185.135,187.12,362258.0,185.69,188.435,185.135,187.12,362258.0
2017-02-17,False,daily,182.58,184.61,181.61,184.58,305018.0,182.58,184.61,181.61,184.58,305018.0
2017-02-16,False,daily,185.01,186.14,183.08,184.41,368825.0,185.01,186.14,183.08,184.41,368825.0
2017-02-15,False,daily,186.07,187.4799,184.69,185.74,301413.0,186.07,187.4799,184.69,185.74,301413.0
2017-02-14,False,daily,179.82,186.5,179.68,185.49,378772.0,179.82,186.5,179.68,185.49,378772.0
2017-02-13,False,daily,178.95,182.34,178.95,180.56,310036.0,178.95,182.34,178.95,180.56,310036.0
2017-02-10,False,daily,180.03,181.25,176.4,177.47,441038.0,180.03,181.25,176.4,177.47,441038.0
2017-02-09,False,daily,177.26,180.69,176.135,179.44,348529.0,177.26,180.69,176.135,179.44,348529.0
2017-02-08,False,daily,175.36,176.74,172.68,175.84,399303.0,175.36,176.74,172.68,175.84,399303.0
2017-02-07,False,daily,177.25,178.79,175.77,176.24,371708.0,177.25,178.79,175.77,176.24,371708.0
2017-02-06,False,daily,176.96,178.79,174.91,176.02,347545.0,176.96,178.79,174.91,176.02,347545.0
2017-02-03,False,daily,173.61,178.47,172.65,178.05,623542.0,173.61,178.47,172.65,178.05,623542.0
2017-02-02,False,daily,171.49,173.0,169.47,170.93,496898.0,171.49,173.0,169.47,170.93,496898.0
2017-02-01,False,daily,174.51,177.44,171.67,172.81,509797.0,174.51,177.44,171.67,172.81,509797.0
2017-01-31,False,daily,174.54,176.05,170.3,172.23,728314.0,174.54,176.05,170.3,172.23,728314.0
2017-01-30,False,daily,175.89,177.0,170.19,174.75,652159.0,175.89,177.0,170.19,174.75,652159.0
2017-01-27,False,daily,175.03,180.0,172.01,177.41,614922.0,175.03,180.0,172.01,177.41,614922.0
2017-01-26,False,daily,176.45,178.5,175.75,177.66,496893.0,176.45,178.5,175.75,177.66,496893.0
2017-01-25,False,daily,174.56,176.3,173.01,175.59,549139.0,174.56,176.3,173.01,175.59,549139.0
2017-01-24,False,daily,169.34,173.37,168.3,172.42,555671.0,169.34,173.37,168.3,172.42,555671.0
2017-01-23,False,daily,168.72,170.65,165.7,167.99,513460.0,168.72,170.65,165.7,167.99,513460.0
2017-01-20,False,daily,168.89,171.21,168.77,170.11,439216.0,168.89,171.21,168.77,170.11,439216.0
2017-01-19,False,daily,169.34,170.49,167.13,168.59,423097.0,169.34,170.49,167.13,168.59,423097.0
2017-01-18,False,daily,168.5,168.99,165.05,168.81,1079062.0,168.5,168.99,165.05,168.81,1079062.0
2017-01-17,False,daily,174.1,174.76,167.17,167.57,616249.0,174.1,174.76,167.17,167.57,616249.0
2017-01-13,False,daily,175.91,180.48,174.02,176.59,307467.0,175.91,180.48,174.02,176.59,307467.0
2017-01-12,False,daily,176.04,177.36,171.361,174.51,418901.0,176.04,177.36,171.361,174.51,418901.0
2017-01-11,False,daily,175.95,177.55,173.86,177.53,406707.0,175.95,177.55,173.86,177.53,406707.0
2017-01-10,False,daily,175.68,176.482,173.51,175.95,470814.0,175.68,176.482,173.51,175.95,470814.0
2017-01-09,False,daily,176.34,176.34,173.42,174.33,495098.0,176.34,176.34,173.42,174.33,495098.0
2017-01-06,False,daily,176.41,179.35,175.475,177.52,401672.0,176.41,179.35,175.475,177.52,401672.0
2017-01-05,False,daily,178.29,179.97,173.26,175.17,601777.0,178.29,179.97,173.26,175.17,601777.0
2017-01-04,False,daily,172.13,179.38,172.13,178.98,597595.0,172.13,179.38,172.13,178.98,597595.0
2017-01-03,False,daily,174.66,176.775,169.41,172.12,488819.0,174.66,176.775,169.41,172.12,488819.0
2018-12-31,False,daily,190.78,193.28,186.43,189.92,549958.0,190.78,193.28,186.43,189.92,549958.0
2018-12-28,False,daily,191.16,192.76,188.8,189.92,597280.0,191.16,192.76,188.8,189.92,597280.0
2018-12-27,False,daily,188.77,191.8952,181.61,190.05,859619.0,188.77,191.8952,181.61,190.05,859619.0
2018-12-26,False,daily,181.1,193.34,178.74,193.18,795328.0,181.1,193.34,178.74,193.18,795328.0
2018-12-24,False,daily,179.96,185.13,177.7,180.49,385896.0,179.96,185.13,177.7,180.49,385896.0
2018-12-21,False,daily,184.88,191.7,182.77,183.13,1343959.0,184.88,191.7,182.77,183.13,1343959.0
2018-12-20,False,daily,184.69,189.22,183.04,185.11,714133.0,184.69,189.22,183.04,185.11,714133.0
2018-12-19,False,daily,189.96,195.25,184.75,186.39,773016.0,189.96,195.25,184.75,186.39,773016.0
2018-12-18,False,daily,193.18,196.59,188.315,189.64,807850.0,193.18,196.59,188.315,189.64,807850.0
2018-12-17,False,daily,190.27,197.19,189.14,192.76,709185.0,190.27,197.19,189.14,192.76,709185.0
2018-12-14,False,daily,192.86,197.26,190.885,191.71,730693.0,192.86,197.26,190.885,191.71,730693.0
2018-12-13,False,daily,204.76,205.73,195.26,196.13,892824.0,204.76,205.73,195.26,196.13,892824.0
2018-12-12,False,daily,204.92,206.21,200.16,204.03,686378.0,204.92,206.21,200.16,204.03,686378.0
2018-12-11,False,daily,207.27,209.58,198.68,200.9,733677.0,207.27,209.58,198.68,200.9,733677.0
2018-12-10,False,daily,205.01,207.68,197.71,204.2,905648.0,205.01,207.68,197.71,204.2,905648.0
2018-12-07,False,daily,218.81,221.575,203.491,205.8,1344728.0,218.81,221.575,203.491,205.8,1344728.0
2018-12-06,False,daily,231.3,231.99,207.51,219.15,2512175.0,231.3,231.99,207.51,219.15,2512175.0
2018-12-04,False,daily,253.61,255.11,237.435,240.43,1166134.0,253.61,255.11,237.435,240.43,1166134.0
2018-12-03,False,daily,260.47,263.16,254.81,255.98,1173423.0,260.47,263.16,254.81,255.98,1173423.0
2018-11-30,False,daily,243.4,256.36,242.32,254.81,1093732.0,243.4,256.36,242.32,254.81,1093732.0
2018-11-29,False,daily,242.15,244.71,237.2001,243.72,695313.0,242.15,244.71,237.2001,243.72,695313.0
2018-11-28,False,daily,241.27,244.64,237.77,244.6,669361.0,241.27,244.64,237.77,244.6,669361.0
2018-11-27,False,daily,234.69,238.1,234.11,236.25,417113.0,234.69,238.1,234.11,236.25,417113.0
2018-11-26,False,daily,229.48,236.735,229.48,235.38,630946.0,229.48,236.735,229.48,235.38,630946.0
2018-11-23,False,daily,227.04,230.395,225.0,226.67,225062.0,227.04,230.395,225.0,226.67,225062.0
2018-11-21,False,daily,229.73,232.88,227.105,228.71,679488.0,229.73,232.88,227.105,228.71,679488.0
2018-11-20,False,daily,233.23,235.06,228.218,229.25,881763.0,233.23,235.06,228.218,229.25,881763.0
2018-11-19,False,daily,240.28,243.55,236.42,240.34,804428.0,240.28,243.55,236.42,240.34,804428.0
2018-11-16,False,daily,237.36,242.76,235.125,240.15,482077.0,237.36,242.76,235.125,240.15,482077.0
2018-11-15,False,daily,232.84,241.01,230.64,240.34,553129.0,232.84,241.01,230.64,240.34,553129.0
2018-11-14,False,daily,243.62,243.62,229.755,234.02,1101727.0,243.62,243.62,229.755,234.02,1101727.0
2018-11-13,False,daily,242.5,246.63,240.74,242.66,376281.0,242.5,246.63,240.74,242.66,376281.0
2018-11-12,False,daily,246.58,248.12,240.29,240.97,483410.0,246.58,248.12,240.29,240.97,483410.0
2018-11-09,False,daily,249.75,250.85,242.93,247.36,532809.0,249.75,250.85,242.93,247.36,532809.0
2018-11-08,False,daily,251.6,256.1325,248.4501,250.53,471767.0,251.6,256.1325,248.4501,250.53,471767.0
2018-11-07,False,daily,247.65,252.98,246.37,252.22,858158.0,247.65,252.98,246.37,252.22,858158.0
2018-11-06,False,daily,244.24,247.22,241.7119,246.55,522432.0,244.24,247.22,241.7119,246.55,522432.0
2018-11-05,False,daily,244.37,246.14,238.52,243.58,558108.0,244.37,246.14,238.52,243.58,558108.0
2018-11-02,False,daily,242.96,249.19,241.85,244.16,823467.0,242.96,249.19,241.85,244.16,823467.0
2018-11-01,False,daily,239.0,244.93,236.46,240.67,827927.0,239.0,244.93,236.46,240.67,827927.0
2018-10-31,False,daily,233.0,246.91,233.0,237.23,1338109.0,233.0,246.91,233.0,237.23,1338109.0
2018-10-30,False,daily,225.35,228.68,216.32,228.36,1747364.0,225.35,228.68,216.32,228.36,1747364.0
2018-10-29,False,daily,235.83,238.43,220.42,224.19,1643021.0,235.83,238.43,220.42,224.19,1643021.0
2018-10-26,False,daily,220.9,239.375,220.01,231.79,2572286.0,220.9,239.375,220.01,231.79,2572286.0
2018-10-25,False,daily,262.5,268.95,259.43,263.92,893080.0,262.5,268.95,259.43,263.92,893080.0
2018-10-24,False,daily,273.86,274.18,257.6,257.95,758329.0,273.86,274.18,257.6,257.95,758329.0
2018-10-23,False,daily,271.16,275.5,265.43,273.31,1032265.0,271.16,275.5,265.43,273.31,1032265.0
2018-10-22,False,daily,283.77,286.05,276.2,277.06,660647.0,283.77,286.05,276.2,277.06,660647.0
2018-10-19,False,daily,290.2,295.95,281.79,281.84,792188.0,290.2,295.95,281.79,281.84,792188.0
2018-10-18,False,daily,296.27,297.93,288.22,289.21,513335.0,296.27,297.93,288.22,289.21,513335.0
2018-10-17,False,daily,292.74,298.415,289.26,296.98,373192.0,292.74,298.415,289.26,296.98,373192.0
2018-10-16,False,daily,289.99,295.3,285.24,294.55,545434.0,289.99,295.3,285.24,294.55,545434.0
2018-10-15,False,daily,289.54,292.17,281.5343,287.15,621210.0,289.54,292.17,281.5343,287.15,621210.0
2018-10-12,False,daily,298.92,303.55,282.62,290.01,1118002.0,298.92,303.55,282.62,290.01,1118002.0
2018-10-11,False,daily,298.64,302.88,291.8,292.89,867308.0,298.64,302.88,291.8,292.89,867308.0
2018-10-10,False,daily,317.29,317.29,301.08,301.14,755590.0,317.29,317.29,301.08,301.14,755590.0
2018-10-09,False,daily,317.41,318.48,314.92,316.05,276503.0,317.41,318.48,314.92,316.05,276503.0
2018-10-08,False,daily,319.38,320.0,312.9169,318.37,357576.0,319.38,320.0,312.9169,318.37,357576.0
2018-10-05,False,daily,321.19,322.91,316.37,319.71,353745.0,321.19,322.91,316.37,319.71,353745.0
2018-10-04,False,daily,324.16,330.5,317.4355,320.61,503349.0,324.16,330.5,317.4355,320.61,503349.0
2018-10-03,False,daily,310.29,322.32,310.2,321.39,489115.0,310.29,322.32,310.2,321.39,489115.0
2018-10-02,False,daily,311.67,313.63,304.21,306.95,504978.0,311.67,313.63,304.21,306.95,504978.0
2018-10-01,False,daily,313.07,315.81,311.12,312.2,356052.0,313.07,315.81,311.12,312.2,356052.0
2018-09-28,False,daily,311.96,313.14,310.1552,310.83,456941.0,311.96,313.14,310.1552,310.83,456941.0
2018-09-27,False,daily,316.24,319.125,312.05,313.13,379589.0,316.24,319.125,312.05,313.13,379589.0
2018-09-26,False,daily,322.61,322.61,315.41,316.64,463065.0,322.61,322.61,315.41,316.64,463065.0
2018-09-25,False,daily,321.65,323.54,320.41,321.21,250712.0,321.65,323.54,320.41,321.21,250712.0
2018-09-24,False,daily,324.1,324.91,318.98,320.83,268694.0,324.1,324.91,318.98,320.83,268694.0
2018-09-21,False,daily,327.78,329.88,322.92,324.09,628825.0,327.78,329.88,322.92,324.09,628825.0
2018-09-20,False,daily,320.49,329.45,320.49,327.67,518618.0,320.49,329.45,320.49,327.67,518618.0
2018-09-19,False,daily,317.0,322.49,316.4828,319.22,471860.0,317.0,322.49,316.4828,319.22,471860.0
2018-09-18,False,daily,318.74,320.03,316.35,316.72,332513.0,318.74,320.03,316.35,316.72,332513.0
2018-09-17,False,daily,319.73,323.74,314.17,318.57,302210.0,319.73,323.74,314.17,318.57,302210.0
2018-09-14,False,daily,315.69,321.32,314.53,319.29,332195.0,315.69,321.32,314.53,319.29,332195.0
2018-09-13,False,daily,319.36,321.98,314.0275,314.81,284370.0,319.36,321.98,314.0275,314.81,284370.0
2018-09-12,False,daily,320.36,326.51,315.32,317.41,429056.0,320.36,326.51,315.32,317.41,429056.0
2018-09-11,False,daily,324.0,326.945,323.01,325.38,223596.0,324.0,326.945,323.01,325.38,223596.0
2018-09-10,False,daily,324.07,327.65,322.4,324.13,258515.0,324.07,327.65,322.4,324.13,258515.0
2018-09-07,False,daily,322.99,325.25,320.29,322.72,366873.0,322.99,325.25,320.29,322.72,366873.0
2018-09-06,False,daily,325.73,327.48,319.67,320.47,326932.0,325.73,327.48,319.67,320.47,326932.0
2018-09-05,False,daily,325.24,327.5757,322.78,325.73,351368.0,325.24,327.5757,322.78,325.73,351368.0
2018-09-04,False,daily,322.33,327.8005,322.12,326.21,362489.0,322.33,327.8005,322.12,326.21,362489.0
2018-08-31,False,daily,320.3,323.17,318.471,322.75,283250.0,320.3,323.17,318.471,322.75,283250.0
2018-08-30,False,daily,322.74,323.5025,320.43,320.88,242648.0,322.74,323.5025,320.43,320.88,242648.0
2018-08-29,False,daily,327.3,327.89,320.345,323.46,314807.0,327.3,327.89,320.345,323.46,314807.0
2018-08-28,False,daily,332.08,332.9,323.95,326.59,585632.0,332.08,332.9,323.95,326.59,585632.0
2018-08-27,False,daily,328.16,332.9,327.12,331.24,263727.0,328.16,332.9,327.12,331.24,263727.0
2018-08-24,False,daily,327.0,329.18,325.14,326.53,434979.0,327.0,329.18,325.14,326.53,434979.0
2018-08-23,False,daily,326.97,329.34,321.85,325.75,348605.0,326.97,329.34,321.85,325.75,348605.0
2018-08-22,False,daily,326.9,330.0,325.95,326.16,193178.0,326.9,330.0,325.95,326.16,193178.0
2018-08-21,False,daily,325.19,330.27,324.5,328.73,391762.0,325.19,330.27,324.5,328.73,391762.0
2018-08-20,False,daily,320.35,324.91,318.5,324.31,402101.0,320.35,324.91,318.5,324.31,402101.0
2018-08-17,False,daily,321.16,322.275,319.39,320.76,595086.0,321.16,322.275,319.39,320.76,595086.0
2018-08-16,False,daily,318.77,325.94,316.08,321.41,327615.0,318.77,325.94,316.08,321.41,327615.0
2018-08-15,False,daily,318.0,319.99,314.4575,315.92,357704.0,318.0,319.99,314.4575,315.92,357704.0
2018-08-14,False,daily,317.33,320.6767,314.66,320.23,245137.0,317.33,320.6767,314.66,320.23,245137.0
2018-08-13,False,daily,317.24,321.8,314.8,315.29,345610.0,317.24,321.8,314.8,315.29,345610.0
2018-08-10,False,daily,315.59,318.69,313.83,316.75,297178.0,315.59,318.69,313.83,316.75,297178.0
2018-08-09,False,daily,321.15,322.31,316.76,319.0,287427.0,321.15,322.31,316.76,319.0,287427.0
2018-08-08,False,daily,321.5,323.47,320.2,321.95,251703.0,321.5,323.47,320.2,321.95,251703.0
2018-08-07,False,daily,324.77,328.17,319.76,322.07,331053.0,324.77,328.17,319.76,322.07,331053.0
2018-08-06,False,daily,322.71,328.76,318.38,324.77,460489.0,322.71,328.76,318.38,324.77,460489.0
2018-08-03,False,daily,321.94,324.86,319.74,321.66,544724.0,321.94,324.86,319.74,321.66,544724.0
2018-08-02,False,daily,310.59,321.37,309.3184,320.81,370009.0,310.59,321.37,309.3184,320.81,370009.0
2018-08-01,False,daily,308.24,315.88,308.24,313.54,494846.0,308.24,315.88,308.24,313.54,494846.0
2018-07-31,False,daily,302.97,308.99,301.5,307.88,754404.0,302.97,308.99,301.5,307.88,754404.0
2018-07-30,False,daily,317.69,321.07,301.03,301.6,930267.0,317.69,321.07,301.03,301.6,930267.0
2018-07-27,False,daily,320.03,333.74,314.7,317.32,1088691.0,320.03,333.74,314.7,317.32,1088691.0
2018-07-26,False,daily,311.77,316.175,310.79,311.23,627078.0,311.77,316.175,310.79,311.23,627078.0
2018-07-25,False,daily,311.72,313.99,308.66,310.76,418428.0,311.72,313.99,308.66,310.76,418428.0
2018-07-24,False,daily,317.59,317.64,310.42,311.92,379319.0,317.59,317.64,310.42,311.92,379319.0
2018-07-23,False,daily,308.85,316.27,308.14,315.48,345816.0,308.85,316.27,308.14,315.48,345816.0
2018-07-20,False,daily,307.67,310.77,305.175,308.72,291893.0,307.67,310.77,305.175,308.72,291893.0
2018-07-19,False,daily,307.47,308.29,302.7749,307.02,306583.0,307.47,308.29,302.7749,307.02,306583.0
2018-07-18,False,daily,309.46,312.13,307.58,308.74,469068.0,309.46,312.13,307.58,308.74,469068.0
2018-07-17,False,daily,302.06,310.1,301.4,308.19,521409.0,302.06,310.1,301.4,308.19,521409.0
2018-07-16,False,daily,296.61,304.19,296.61,302.39,411474.0,296.61,304.19,296.61,302.39,411474.0
2018-07-13,False,daily,299.76,300.49,294.03,295.3,433704.0,299.76,300.49,294.03,295.3,433704.0
2018-07-12,False,daily,303.23,303.23,296.76,300.49,386221.0,303.23,303.23,296.76,300.49,386221.0
2018-07-11,False,daily,300.93,305.45,295.061,300.92,308091.0,300.93,305.45,295.061,300.92,308091.0
2018-07-10,False,daily,304.25,307.46,299.45,301.92,399254.0,304.25,307.46,299.45,301.92,399254.0
2018-07-09,False,daily,296.65,305.4,296.65,304.25,444060.0,296.65,305.4,296.65,304.25,444060.0
2018-07-06,False,daily,289.78,296.98,288.2,295.42,408157.0,289.78,296.98,288.2,295.42,408157.0
2018-07-05,False,daily,291.94,292.63,288.5,291.45,451022.0,291.94,292.63,288.5,291.45,451022.0
2018-07-03,False,daily,293.4,296.87,287.88,289.02,222210.0,293.4,296.87,287.88,289.02,222210.0
2018-07-02,False,daily,285.45,294.4193,284.42,292.24,442975.0,285.45,294.4193,284.42,292.24,442975.0
2018-06-29,False,daily,293.23,298.42,288.56,288.76,472560.0,293.23,298.42,288.56,288.76,472560.0
2018-06-28,False,daily,290.24,293.14,287.57,291.65,654710.0,290.24,293.14,287.57,291.65,654710.0
2018-06-27,False,daily,300.38,302.18,288.98,289.33,806502.0,300.38,302.18,288.98,289.33,806502.0
2018-06-26,False,daily,301.37,302.89,298.57,299.31,773521.0,301.37,302.89,298.57,299.31,773521.0
2018-06-25,False,daily,308.49,308.4901,297.48,302.16,756431.0,308.49,308.4901,297.48,302.16,756431.0
2018-06-22,False,daily,319.08,319.28,309.65,310.17,778185.0,319.08,319.28,309.65,310.17,778185.0
2018-06-21,False,daily,317.25,321.1,312.13,316.08,318351.0,317.25,321.1,312.13,316.08,318351.0
2018-06-20,False,daily,319.98,320.98,317.645,318.48,254461.0,319.98,320.98,317.645,318.48,254461.0
2018-06-19,False,daily,313.24,317.02,310.1193,316.78,557447.0,313.24,317.02,310.1193,316.78,557447.0
2018-06-18,False,daily,312.93,319.38,312.03,318.27,260180.0,312.93,319.38,312.03,318.27,260180.0
2018-06-15,False,daily,314.0,318.31,311.38,315.82,935663.0,314.0,318.31,311.38,315.82,935663.0
2018-06-14,False,daily,320.59,320.6,314.49,316.49,416948.0,320.59,320.6,314.49,316.49,416948.0
2018-06-13,False,daily,320.53,325.41,316.85,320.33,360893.0,320.53,325.41,316.85,320.33,360893.0
2018-06-12,False,daily,322.72,323.3825,317.361,320.14,298018.0,322.72,323.3825,317.361,320.14,298018.0
2018-06-11,False,daily,327.91,329.65,319.25,321.11,371193.0,327.91,329.65,319.25,321.11,371193.0
2018-06-08,False,daily,322.21,326.21,319.87,325.72,384148.0,322.21,326.21,319.87,325.72,384148.0
2018-06-07,False,daily,325.0,326.57,319.41,322.4,456057.0,325.0,326.57,319.41,322.4,456057.0
2018-06-06,False,daily,320.21,325.72,318.95,323.59,453472.0,320.21,325.72,318.95,323.59,453472.0
2018-06-05,False,daily,320.21,321.83,317.62,318.7,374772.0,320.21,321.83,317.62,318.7,374772.0
2018-06-04,False,daily,318.52,319.99,316.2501,319.52,443351.0,318.52,319.99,316.2501,319.52,443351.0
2018-06-01,False,daily,316.93,319.695,315.96,317.73,677103.0,316.93,319.695,315.96,317.73,677103.0
2018-05-31,False,daily,314.92,316.67,310.2,312.13,517910.0,314.92,316.67,310.2,312.13,517910.0
2018-05-30,False,daily,312.09,317.77,310.66,314.98,695260.0,312.09,317.77,310.66,314.98,695260.0
2018-05-29,False,daily,315.77,316.58,305.16,306.99,877410.0,315.77,316.58,305.16,306.99,877410.0
2018-05-25,False,daily,320.23,322.205,318.39,319.46,337150.0,320.23,322.205,318.39,319.46,337150.0
2018-05-24,False,daily,322.7,323.76,317.6,322.29,356093.0,322.7,323.76,317.6,322.29,356093.0
2018-05-23,False,daily,320.81,324.47,319.37,323.7,443307.0,320.81,324.47,319.37,323.7,443307.0
2018-05-22,False,daily,323.67,327.91,322.86,324.31,284361.0,323.67,327.91,322.86,324.31,284361.0
2018-05-21,False,daily,324.63,326.2347,321.2595,322.2,469332.0,324.63,326.2347,321.2595,322.2,469332.0
2018-05-18,False,daily,324.0,325.93,320.0,321.78,386033.0,324.0,325.93,320.0,321.78,386033.0
2018-05-17,False,daily,321.97,325.345,319.63,323.36,675525.0,321.97,325.345,319.63,323.36,675525.0
2018-05-16,False,daily,319.92,325.38,318.14,322.09,361382.0,319.92,325.38,318.14,322.09,361382.0
2018-05-15,False,daily,317.96,323.0,317.92,321.29,445518.0,317.96,323.0,317.92,321.29,445518.0
2018-05-14,False,daily,321.2,322.56,318.05,319.2,481843.0,321.2,322.56,318.05,319.2,481843.0
2018-05-11,False,daily,321.5,324.7679,319.58,321.02,343294.0,321.5,324.7679,319.58,321.02,343294.0
2018-05-10,False,daily,317.84,323.7,315.84,320.28,401818.0,317.84,323.7,315.84,320.28,401818.0
2018-05-09,False,daily,313.44,318.71,310.44,317.12,387706.0,313.44,318.71,310.44,317.12,387706.0
2018-05-08,False,daily,306.51,313.93,306.51,312.73,538230.0,306.51,313.93,306.51,312.73,538230.0
2018-05-07,False,daily,306.0,309.48,303.1,307.32,363839.0,306.0,309.48,303.1,307.32,363839.0
2018-05-04,False,daily,302.13,309.23,297.96,305.82,508955.0,302.13,309.23,297.96,305.82,508955.0
2018-05-03,False,daily,303.0,306.09,294.23,303.48,639333.0,303.0,306.09,294.23,303.48,639333.0
2018-05-02,False,daily,304.2158,309.4,299.78,306.01,846622.0,304.2158,309.4,299.78,306.01,846622.0
2018-05-01,False,daily,295.0,308.37,294.72,305.46,832252.0,295.0,308.37,294.72,305.46,832252.0
2018-04-30,False,daily,305.92,306.81,299.61,299.61,939528.0,305.92,306.81,299.61,299.61,939528.0
2018-04-27,False,daily,300.0,306.94,297.03,305.61,2129453.0,300.0,306.94,297.03,305.61,2129453.0
2018-04-26,False,daily,257.79,260.19,256.0,257.37,535576.0,257.79,260.19,256.0,257.37,535576.0
2018-04-25,False,daily,258.27,259.8399,254.8,257.58,484330.0,258.27,259.8399,254.8,257.58,484330.0
2018-04-24,False,daily,257.24,262.68,253.21,257.61,697318.0,257.24,262.68,253.21,257.61,697318.0
2018-04-23,False,daily,252.15,255.83,250.24,254.23,304320.0,252.15,255.83,250.24,254.23,304320.0
2018-04-20,False,daily,250.54,253.74,248.76,250.83,476318.0,250.54,253.74,248.76,250.83,476318.0
2018-04-19,False,daily,241.3,251.16,241.3,249.14,587141.0,241.3,251.16,241.3,249.14,587141.0
2018-04-18,False,daily,245.53,247.0,241.83,242.72,576938.0,245.53,247.0,241.83,242.72,576938.0
2018-04-17,False,daily,249.2,249.2,243.68,244.61,400786.0,249.2,249.2,243.68,244.61,400786.0
2018-04-16,False,daily,249.51,252.01,245.46,246.57,288234.0,249.51,252.01,245.46,246.57,288234.0
2018-04-13,False,daily,253.9,253.9,245.39,247.03,620647.0,253.9,253.9,245.39,247.03,620647.0
2018-04-12,False,daily,245.91,252.39,244.0,250.56,362958.0,245.91,252.39,244.0,250.56,362958.0
2018-04-11,False,daily,243.12,245.76,241.785,243.59,357135.0,243.12,245.76,241.785,243.59,357135.0
2018-04-10,False,daily,241.8,246.62,239.66,245.66,659974.0,241.8,246.62,239.66,245.66,659974.0
2018-04-09,False,daily,238.43,243.32,236.86,237.11,435964.0,238.43,243.32,236.86,237.11,435964.0
2018-04-06,False,daily,239.29,241.6,232.6438,236.06,707447.0,239.29,241.6,232.6438,236.06,707447.0
2018-04-05,False,daily,242.41,244.98,240.29,242.28,422478.0,242.41,244.98,240.29,242.28,422478.0
2018-04-04,False,daily,231.14,241.72,231.01,240.81,587711.0,231.14,241.72,231.01,240.81,587711.0
2018-04-03,False,daily,235.72,238.65,231.6,236.49,550000.0,235.72,238.65,231.6,236.49,550000.0
2018-04-02,False,daily,240.0,240.944,227.781,233.42,793657.0,240.0,240.944,227.781,233.42,793657.0
2018-03-29,False,daily,238.1,243.19,235.83,240.01,717680.0,238.1,243.19,235.83,240.01,717680.0
2018-03-28,False,daily,238.87,239.93,232.27,235.81,1027003.0,238.87,239.93,232.27,235.81,1027003.0
2018-03-27,False,daily,249.92,250.93,237.44,239.21,622057.0,249.92,250.93,237.44,239.21,622057.0
2018-03-26,False,daily,244.82,249.93,243.25,249.47,602129.0,244.82,249.93,243.25,249.47,602129.0
2018-03-23,False,daily,252.39,254.99,238.5001,239.55,813269.0,252.39,254.99,238.5001,239.55,813269.0
2018-03-22,False,daily,260.54,262.23,250.29,250.67,752231.0,260.54,262.23,250.29,250.67,752231.0
2018-03-21,False,daily,265.53,268.73,261.63,265.04,514033.0,265.53,268.73,261.63,265.04,514033.0
2018-03-20,False,daily,263.33,265.16,261.0,264.59,577710.0,263.33,265.16,261.0,264.59,577710.0
2018-03-19,False,daily,265.51,268.97,258.26,260.59,648812.0,265.51,268.97,258.26,260.59,648812.0
2018-03-16,False,daily,261.47,266.8,259.8,263.8,11017295.0,261.47,266.8,259.8,263.8,11017295.0
2018-03-15,False,daily,261.19,262.725,258.13,259.77,630353.0,261.19,262.725,258.13,259.77,630353.0
2018-03-14,False,daily,263.04,263.35,258.13,259.53,591657.0,263.04,263.35,258.13,259.53,591657.0
2018-03-13,False,daily,268.0,268.1958,260.49,262.19,723921.0,268.0,268.1958,260.49,262.19,723921.0
2018-03-12,False,daily,269.0,271.48,265.33,267.48,901882.0,269.0,271.48,265.33,267.48,901882.0
2018-03-09,False,daily,268.63,271.79,266.34,270.72,408372.0,268.63,271.79,266.34,270.72,408372.0
2018-03-08,False,daily,267.77,270.0,261.26,265.16,299091.0,267.77,270.0,261.26,265.16,299091.0
2018-03-07,False,daily,261.69,267.0744,260.08,266.43,423336.0,261.69,267.0744,260.08,266.43,423336.0
2018-03-06,False,daily,261.65,266.23,257.15,266.11,516923.0,261.65,266.23,257.15,266.11,516923.0
2018-03-05,False,daily,253.45,261.855,248.97,260.12,422550.0,253.45,261.855,248.97,260.12,422550.0
2018-03-02,False,daily,247.49,256.94,244.85,255.86,502659.0,247.49,256.94,244.85,255.86,502659.0
2018-03-01,False,daily,249.71,254.87,247.83,250.18,381987.0,249.71,254.87,247.83,250.18,381987.0
2018-02-28,False,daily,248.86,257.3,248.86,248.98,488620.0,248.86,257.3,248.86,248.98,488620.0
2018-02-27,False,daily,250.4,254.325,247.48,247.67,319983.0,250.4,254.325,247.48,247.67,319983.0
2018-02-26,False,daily,249.26,251.75,246.59,251.71,277736.0,249.26,251.75,246.59,251.71,277736.0
2018-02-23,False,daily,244.68,248.25,243.67,248.08,237020.0,244.68,248.25,243.67,248.08,237020.0
2018-02-22,False,daily,254.57,254.57,243.0,243.82,361794.0,254.57,254.57,243.0,243.82,361794.0
2018-02-21,False,daily,250.01,254.84,250.01,252.57,372192.0,250.01,254.84,250.01,252.57,372192.0
2018-02-20,False,daily,248.08,252.46,246.145,249.41,343896.0,248.08,252.46,246.145,249.41,343896.0
2018-02-16,False,daily,247.08,252.36,240.0,248.81,382458.0,247.08,252.36,240.0,248.81,382458.0
2018-02-15,False,daily,250.27,254.38,244.955,248.87,395824.0,250.27,254.38,244.955,248.87,395824.0
2018-02-14,False,daily,238.29,249.5,232.41,247.49,482568.0,238.29,249.5,232.41,247.49,482568.0
2018-02-13,False,daily,237.37,242.0,237.055,239.45,370669.0,237.37,242.0,237.055,239.45,370669.0
2018-02-12,False,daily,239.9,244.3,236.46,239.86,388905.0,239.9,244.3,236.46,239.86,388905.0
2018-02-09,False,daily,231.85,240.23,226.75,238.65,944019.0,231.85,240.23,226.75,238.65,944019.0
2018-02-08,False,daily,241.21,242.5,226.95,227.08,440322.0,241.21,242.5,226.95,227.08,440322.0
2018-02-07,False,daily,242.95,247.1,240.13,240.52,329011.0,242.95,247.1,240.13,240.52,329011.0
2018-02-06,False,daily,233.96,245.89,226.61,243.43,815825.0,233.96,245.89,226.61,243.43,815825.0
2018-02-05,False,daily,244.68,248.7427,232.1,235.78,466972.0,244.68,248.7427,232.1,235.78,466972.0
2018-02-02,False,daily,254.0,256.93,247.87,249.1,398728.0,254.0,256.93,247.87,249.1,398728.0
2018-02-01,False,daily,245.28,253.49,243.69,253.38,352603.0,245.28,253.49,243.69,253.38,352603.0
2018-01-31,False,daily,248.11,254.84,245.31,246.55,374412.0,248.11,254.84,245.31,246.55,374412.0
2018-01-30,False,daily,247.59,252.57,246.0,247.02,456168.0,247.59,252.57,246.0,247.02,456168.0
2018-01-29,False,daily,257.74,260.93,249.82,250.26,415526.0,257.74,260.93,249.82,250.26,415526.0
2018-01-26,False,daily,250.0,258.99,250.0,257.83,755015.0,250.0,258.99,250.0,257.83,755015.0
2018-01-25,False,daily,262.79,262.79,258.22,261.13,480311.0,262.79,262.79,258.22,261.13,480311.0
2018-01-24,False,daily,262.64,263.09,258.72,260.72,399869.0,262.64,263.09,258.72,260.72,399869.0
2018-01-23,False,daily,258.89,262.87,257.05,261.34,440455.0,258.89,262.87,257.05,261.34,440455.0
2018-01-22,False,daily,256.78,259.455,255.44,259.35,310450.0,256.78,259.455,255.44,259.35,310450.0
2018-01-19,False,daily,253.61,256.655,253.51,256.32,379867.0,253.61,256.655,253.51,256.32,379867.0
2018-01-18,False,daily,254.8,257.11,253.26,253.99,327554.0,254.8,257.11,253.26,253.99,327554.0
2018-01-17,False,daily,253.71,254.91,249.73,254.62,269975.0,253.71,254.91,249.73,254.62,269975.0
2018-01-16,False,daily,255.01,257.24,250.12,251.7,418769.0,255.01,257.24,250.12,251.7,418769.0
2018-01-12,False,daily,252.14,253.41,250.18,253.18,346867.0,252.14,253.41,250.18,253.18,346867.0
2018-01-11,False,daily,251.14,253.1986,247.89,250.65,268536.0,251.14,253.1986,247.89,250.65,268536.0
2018-01-10,False,daily,247.22,254.1,247.22,249.65,299849.0,247.22,254.1,247.22,249.65,299849.0
2018-01-09,False,daily,245.76,249.45,244.81,246.89,299245.0,245.76,249.45,244.81,246.89,299245.0
2018-01-08,False,daily,243.89,244.045,241.16,243.58,409217.0,243.89,244.045,241.16,243.58,409217.0
2018-01-05,False,daily,241.86,244.435,240.05,243.85,402884.0,241.86,244.435,240.05,243.85,402884.0
2018-01-04,False,daily,239.57,241.78,238.18,239.94,721871.0,239.57,241.78,238.18,239.94,721871.0
2018-01-03,False,daily,236.96,238.3404,234.355,237.67,341874.0,236.96,238.3404,234.355,237.67,341874.0
2018-01-02,False,daily,235.89,237.55,233.35,237.38,395968.0,235.89,237.55,233.35,237.38,395968.0
2019-12-31,False,daily,250.06,252.03,250.06,251.04,292546.0,250.06,252.03,250.06,251.04,292546.0
2019-12-30,False,daily,251.93,251.93,249.1,249.82,225734.0,251.93,251.93,249.1,249.82,225734.0
2019-12-27,False,daily,254.21,254.21,249.94,250.31,202698.0,254.21,254.21,249.94,250.31,202698.0
2019-12-26,False,daily,253.23,253.28,251.055,253.18,130456.0,253.23,253.28,251.055,253.18,130456.0
2019-12-24,False,daily,252.37,252.41,249.6368,252.07,70622.0,252.37,252.41,249.6368,252.07,70622.0
2019-12-23,False,daily,252.0,252.81,248.7701,252.16,284482.0,252.0,252.81,248.7701,252.16,284482.0
2019-12-20,False,daily,251.61,252.9,248.558,250.94,1032251.0,251.61,252.9,248.558,250.94,1032251.0
2019-12-19,False,daily,250.25,252.09,248.12,250.12,456063.0,250.25,252.09,248.12,250.12,456063.0
2019-12-18,False,daily,254.53,255.815,251.62,251.75,451085.0,254.53,255.815,251.62,251.75,451085.0
2019-12-17,False,daily,251.49,254.5,250.2,254.21,375351.0,251.49,254.5,250.2,254.21,375351.0
2019-12-16,False,daily,253.25,254.96,250.46,251.22,426697.0,253.25,254.96,250.46,251.22,426697.0
2019-12-13,False,daily,250.89,257.07,249.12,249.31,721367.0,250.89,257.07,249.12,249.31,721367.0
2019-12-12,False,daily,240.5,252.33,240.0,251.21,546223.0,240.5,252.33,240.0,251.21,546223.0
2019-12-11,False,daily,240.0,241.68,238.495,239.42,596535.0,240.0,241.68,238.495,239.42,596535.0
2019-12-10,False,daily,235.76,239.89,235.76,238.63,393621.0,235.76,239.89,235.76,238.63,393621.0
2019-12-09,False,daily,236.15,237.32,234.61,236.36,443005.0,236.15,237.32,234.61,236.36,443005.0
2019-12-06,False,daily,235.0,240.25,233.695,237.41,532801.0,235.0,240.25,233.695,237.41,532801.0
2019-12-05,False,daily,232.32,233.41,228.99,229.4,229941.0,232.32,233.41,228.99,229.4,229941.0
2019-12-04,False,daily,228.11,232.12,226.94,230.15,271854.0,228.11,232.12,226.94,230.15,271854.0
2019-12-03,False,daily,222.88,225.56,220.06,225.27,325723.0,222.88,225.56,220.06,225.27,325723.0
2019-12-02,False,daily,232.66,235.1,229.315,229.79,331165.0,232.66,235.1,229.315,229.79,331165.0
2019-11-29,False,daily,233.3,234.24,231.27,231.73,127239.0,233.3,234.24,231.27,231.73,127239.0
2019-11-27,False,daily,234.48,235.73,233.31,234.87,146100.0,234.48,235.73,233.31,234.87,146100.0
2019-11-26,False,daily,235.37,235.825,232.2,232.96,292045.0,235.37,235.825,232.2,232.96,292045.0
2019-11-25,False,daily,232.42,236.33,230.8,235.75,224235.0,232.42,236.33,230.8,235.75,224235.0
2019-11-22,False,daily,228.57,232.17,227.99,231.02,481788.0,228.57,232.17,227.99,231.02,481788.0
2019-11-21,False,daily,230.0,230.63,226.6847,227.93,291215.0,230.0,230.63,226.6847,227.93,291215.0
2019-11-20,False,daily,228.17,229.7,224.18,228.38,517549.0,228.17,229.7,224.18,228.38,517549.0
2019-11-19,False,daily,230.16,231.26,227.13,229.5,550517.0,230.16,231.26,227.13,229.5,550517.0
2019-11-18,False,daily,234.14,234.14,228.73,229.18,564406.0,234.14,234.14,228.73,229.18,564406.0
2019-11-15,False,daily,234.01,234.36,231.33,234.06,239900.0,234.01,234.36,231.33,234.06,239900.0
2019-11-14,False,daily,232.66,233.91,231.3,232.95,254943.0,232.66,233.91,231.3,232.95,254943.0
2019-11-13,False,daily,234.94,235.57,231.65,234.12,332117.0,234.94,235.57,231.65,234.12,332117.0
2019-11-12,False,daily,237.58,241.11,235.39,238.68,337752.0,237.58,241.11,235.39,238.68,337752.0
2019-11-11,False,daily,236.62,238.58,234.325,237.21,253140.0,236.62,238.58,234.325,237.21,253140.0
2019-11-08,False,daily,237.05,239.84,236.2,238.6,307514.0,237.05,239.84,236.2,238.6,307514.0
2019-11-07,False,daily,235.5,241.94,234.335,239.45,744656.0,235.5,241.94,234.335,239.45,744656.0
2019-11-06,False,daily,239.15,239.53,231.36,231.47,680287.0,239.15,239.53,231.36,231.47,680287.0
2019-11-05,False,daily,238.5,241.11,234.32,239.53,411579.0,238.5,241.11,234.32,239.53,411579.0
2019-11-04,False,daily,233.02,238.69,233.02,237.96,622964.0,233.02,238.69,233.02,237.96,622964.0
2019-11-01,False,daily,225.0,230.99,224.11,230.89,413866.0,225.0,230.99,224.11,230.89,413866.0
2019-10-31,False,daily,224.17,224.81,218.36,221.48,491490.0,224.17,224.81,218.36,221.48,491490.0
2019-10-30,False,daily,227.94,229.1,223.83,226.69,478370.0,227.94,229.1,223.83,226.69,478370.0
2019-10-29,False,daily,224.55,229.81,224.49,229.15,463632.0,224.55,229.81,224.49,229.15,463632.0
2019-10-28,False,daily,222.26,228.36,221.0,227.28,646640.0,222.26,228.36,221.0,227.28,646640.0
2019-10-25,False,daily,208.43,221.745,208.4,219.79,670495.0,208.43,221.745,208.4,219.79,670495.0
2019-10-24,False,daily,210.99,211.88,206.62,207.71,518905.0,210.99,211.88,206.62,207.71,518905.0
2019-10-23,False,daily,209.86,211.31,208.935,210.13,338819.0,209.86,211.31,208.935,210.13,338819.0
2019-10-22,False,daily,209.44,212.79,206.34,210.16,399524.0,209.44,212.79,206.34,210.16,399524.0
2019-10-21,False,daily,207.98,211.37,206.965,210.48,370969.0,207.98,211.37,206.965,210.48,370969.0
2019-10-18,False,daily,203.66,205.87,202.85,204.72,462854.0,203.66,205.87,202.85,204.72,462854.0
2019-10-17,False,daily,207.58,207.58,202.87,204.84,374106.0,207.58,207.58,202.87,204.84,374106.0
2019-10-16,False,daily,205.91,209.2489,204.01,205.19,468593.0,205.91,209.2489,204.01,205.19,468593.0
2019-10-15,False,daily,200.75,208.45,198.71,206.77,437336.0,200.75,208.45,198.71,206.77,437336.0
2019-10-14,False,daily,199.52,200.98,198.7425,199.44,487677.0,199.52,200.98,198.7425,199.44,487677.0
2019-10-11,False,daily,197.93,204.94,197.45,202.16,796866.0,197.93,204.94,197.45,202.16,796866.0
2019-10-10,False,daily,192.09,196.05,190.828,192.44,475951.0,192.09,196.05,190.828,192.44,475951.0
2019-10-09,False,daily,191.3,191.94,188.94,190.85,395564.0,191.3,191.94,188.94,190.85,395564.0
2019-10-08,False,daily,193.69,193.69,188.02,188.33,645283.0,193.69,193.69,188.02,188.33,645283.0
2019-10-07,False,daily,197.04,200.15,195.34,197.34,416967.0,197.04,200.15,195.34,197.34,416967.0
2019-10-04,False,daily,196.98,198.53,192.01,197.67,520803.0,196.98,198.53,192.01,197.67,520803.0
2019-10-03,False,daily,193.98,196.2,189.18,195.56,762335.0,193.98,196.2,189.18,195.56,762335.0
2019-10-02,False,daily,195.73,198.53,192.275,195.8,506589.0,195.73,198.53,192.275,195.8,506589.0
2019-10-01,False,daily,212.07,213.485,198.14,198.93,676833.0,212.07,213.485,198.14,198.93,676833.0
2019-09-30,False,daily,208.18,209.75,206.9,208.95,429481.0,208.18,209.75,206.9,208.95,429481.0
2019-09-27,False,daily,208.44,212.91,205.41,206.15,529616.0,208.44,212.91,205.41,206.15,529616.0
2019-09-26,False,daily,212.42,213.7,205.73,206.05,625876.0,212.42,213.7,205.73,206.05,625876.0
2019-09-25,False,daily,208.15,214.36,206.42,214.05,544982.0,208.15,214.36,206.42,214.05,544982.0
2019-09-24,False,daily,215.51,216.84,207.15,207.63,562148.0,215.51,216.84,207.15,207.63,562148.0
2019-09-23,False,daily,214.42,216.09,211.11,215.57,430029.0,214.42,216.09,211.11,215.57,430029.0
2019-09-20,False,daily,215.8,218.66,214.105,216.58,727978.0,215.8,218.66,214.105,216.58,727978.0
2019-09-19,False,daily,215.97,220.59,214.01,216.06,491538.0,215.97,220.59,214.01,216.06,491538.0
2019-09-18,False,daily,212.8,219.08,211.09,217.85,636172.0,212.8,219.08,211.09,217.85,636172.0
2019-09-17,False,daily,219.66,220.22,210.75,213.43,541633.0,219.66,220.22,210.75,213.43,541633.0
2019-09-16,False,daily,221.43,223.0,219.55,221.36,373293.0,221.43,223.0,219.55,221.36,373293.0
2019-09-13,False,daily,221.42,227.2875,221.42,224.01,691315.0,221.42,227.2875,221.42,224.01,691315.0
2019-09-12,False,daily,218.27,220.91,215.5,217.76,677673.0,218.27,220.91,215.5,217.76,677673.0
2019-09-11,False,daily,219.23,222.14,213.411,222.08,465700.0,219.23,222.14,213.411,222.08,465700.0
2019-09-10,False,daily,212.26,218.285,211.63,218.13,745445.0,212.26,218.285,211.63,218.13,745445.0
2019-09-09,False,daily,203.9,212.93,201.75,211.73,699357.0,203.9,212.93,201.75,211.73,699357.0
2019-09-06,False,daily,199.78,202.19,197.71,201.28,332820.0,199.78,202.19,197.71,201.28,332820.0
2019-09-05,False,daily,195.9,201.43,195.55,199.78,402563.0,195.9,201.43,195.55,199.78,402563.0
2019-09-04,False,daily,192.55,193.81,190.76,192.1,294900.0,192.55,193.81,190.76,192.1,294900.0
2019-09-03,False,daily,192.48,192.95,188.14,190.01,322083.0,192.48,192.95,188.14,190.01,322083.0
2019-08-30,False,daily,195.81,198.2,193.735,194.62,350932.0,195.81,198.2,193.735,194.62,350932.0
2019-08-29,False,daily,190.04,195.31,189.765,193.83,366765.0,190.04,195.31,189.765,193.83,366765.0
2019-08-28,False,daily,183.56,189.02,183.43,187.21,559069.0,183.56,189.02,183.43,187.21,559069.0
2019-08-27,False,daily,189.18,189.18,183.04,184.71,370526.0,189.18,189.18,183.04,184.71,370526.0
2019-08-26,False,daily,189.35,190.01,185.915,187.91,365917.0,189.35,190.01,185.915,187.91,365917.0
2019-08-23,False,daily,194.29,195.57,186.56,187.45,522433.0,194.29,195.57,186.56,187.45,522433.0
2019-08-22,False,daily,196.31,196.99,193.68,195.44,460474.0,196.31,196.99,193.68,195.44,460474.0
2019-08-21,False,daily,193.5,195.08,192.85,194.45,402142.0,193.5,195.08,192.85,194.45,402142.0
2019-08-20,False,daily,193.64,194.07,190.56,192.99,372296.0,193.64,194.07,190.56,192.99,372296.0
2019-08-19,False,daily,196.08,197.36,194.4406,195.71,604834.0,196.08,197.36,194.4406,195.71,604834.0
2019-08-16,False,daily,187.75,193.94,187.56,191.71,453127.0,187.75,193.94,187.56,191.71,453127.0
2019-08-15,False,daily,190.8,191.61,185.52,185.93,375895.0,190.8,191.61,185.52,185.93,375895.0
2019-08-14,False,daily,191.87,194.41,190.06,190.12,563385.0,191.87,194.41,190.06,190.12,563385.0
2019-08-13,False,daily,195.13,202.55,194.49,198.55,635030.0,195.13,202.55,194.49,198.55,635030.0
2019-08-12,False,daily,195.86,196.176,193.5,194.81,632484.0,195.86,196.176,193.5,194.81,632484.0
2019-08-09,False,daily,204.5,205.0,197.52,199.23,604828.0,204.5,205.0,197.52,199.23,604828.0
2019-08-08,False,daily,200.93,208.51,200.147,205.63,888393.0,200.93,208.51,200.147,205.63,888393.0
2019-08-07,False,daily,201.19,202.5,192.02,197.32,1137050.0,201.19,202.5,192.02,197.32,1137050.0
2019-08-06,False,daily,208.51,209.31,202.735,207.07,330016.0,208.51,209.31,202.735,207.07,330016.0
2019-08-05,False,daily,211.29,211.61,203.55,205.81,661622.0,211.29,211.61,203.55,205.81,661622.0
2019-08-02,False,daily,218.15,218.495,211.96,215.05,513097.0,218.15,218.495,211.96,215.05,513097.0
2019-08-01,False,daily,230.8,234.345,216.78,218.24,584168.0,230.8,234.345,216.78,218.24,584168.0
2019-07-31,False,daily,229.94,234.34,229.1,231.97,531653.0,229.94,234.34,229.1,231.97,531653.0
2019-07-30,False,daily,226.69,230.92,226.69,230.83,256836.0,226.69,230.92,226.69,230.83,256836.0
2019-07-29,False,daily,233.59,234.95,227.9,228.61,475523.0,233.59,234.95,227.9,228.61,475523.0
2019-07-26,False,daily,224.05,234.41,220.66,233.79,955482.0,224.05,234.41,220.66,233.79,955482.0
2019-07-25,False,daily,226.07,228.89,221.78,224.09,542197.0,226.07,228.89,221.78,224.09,542197.0
2019-07-24,False,daily,218.32,226.57,217.4,226.07,882299.0,218.32,226.57,217.4,226.07,882299.0
2019-07-23,False,daily,219.07,221.71,217.5,218.54,709722.0,219.07,221.71,217.5,218.54,709722.0
2019-07-22,False,daily,218.85,221.07,217.01,219.03,498134.0,218.85,221.07,217.01,219.03,498134.0
2019-07-19,False,daily,217.68,221.21,217.25,219.31,476808.0,217.68,221.21,217.25,219.31,476808.0
2019-07-18,False,daily,214.89,218.52,214.01,217.21,359263.0,214.89,218.52,214.01,217.21,359263.0
2019-07-17,False,daily,217.01,217.01,212.4,215.14,360737.0,217.01,217.01,212.4,215.14,360737.0
2019-07-16,False,daily,219.43,219.97,215.68,217.64,456824.0,219.43,219.97,215.68,217.64,456824.0
2019-07-15,False,daily,223.15,223.25,218.35,218.78,523672.0,223.15,223.25,218.35,218.78,523672.0
2019-07-12,False,daily,218.57,222.67,217.44,222.25,368769.0,218.57,222.67,217.44,222.25,368769.0
2019-07-11,False,daily,213.68,217.59,212.41,217.07,413344.0,213.68,217.59,212.41,217.07,413344.0
2019-07-10,False,daily,217.33,217.96,212.32,212.64,528617.0,217.33,217.96,212.32,212.64,528617.0
2019-07-09,False,daily,213.13,218.01,212.82,217.74,491355.0,213.13,218.01,212.82,217.74,491355.0
2019-07-08,False,daily,218.52,219.435,214.17,215.17,571558.0,218.52,219.435,214.17,215.17,571558.0
2019-07-05,False,daily,219.97,225.28,219.645,222.9,480548.0,219.97,225.28,219.645,222.9,480548.0
2019-07-03,False,daily,218.46,219.556,217.37,218.27,318792.0,218.46,219.556,217.37,218.27,318792.0
2019-07-02,False,daily,222.4,223.8,214.89,217.07,503983.0,222.4,223.8,214.89,217.07,503983.0
2019-07-01,False,daily,227.56,228.96,222.24,223.36,691280.0,227.56,228.96,222.24,223.36,691280.0
2019-06-28,False,daily,223.44,226.295,220.72,224.59,1128011.0,223.44,226.295,220.72,224.59,1128011.0
2019-06-27,False,daily,217.31,222.0,217.31,221.29,521394.0,217.31,222.0,217.31,221.29,521394.0
2019-06-26,False,daily,216.45,219.235,214.67,216.77,441580.0,216.45,219.235,214.67,216.77,441580.0
2019-06-25,False,daily,213.9,214.96,209.19,214.5,462771.0,213.9,214.96,209.19,214.5,462771.0
2019-06-24,False,daily,214.98,217.12,212.97,214.13,382656.0,214.98,217.12,212.97,214.13,382656.0
2019-06-21,False,daily,213.61,218.5,213.58,216.19,677265.0,213.61,218.5,213.58,216.19,677265.0
2019-06-20,False,daily,214.6,218.6,208.67,214.34,559581.0,214.6,218.6,208.67,214.34,559581.0
2019-06-19,False,daily,222.06,224.43,213.6,213.74,588103.0,222.06,224.43,213.6,213.74,588103.0
2019-06-18,False,daily,218.39,224.87,217.52,220.8,502367.0,218.39,224.87,217.52,220.8,502367.0
2019-06-17,False,daily,217.79,220.86,216.05,217.51,390024.0,217.79,220.86,216.05,217.51,390024.0
2019-06-14,False,daily,217.67,218.51,213.23,218.18,459576.0,217.67,218.51,213.23,218.18,459576.0
2019-06-13,False,daily,215.35,217.79,215.07,217.54,457519.0,215.35,217.79,215.07,217.54,457519.0
2019-06-12,False,daily,215.64,215.97,212.95,213.79,343944.0,215.64,215.97,212.95,213.79,343944.0
2019-06-11,False,daily,216.56,219.37,214.75,215.52,319817.0,216.56,219.37,214.75,215.52,319817.0
2019-06-10,False,daily,215.25,219.69,214.35,214.52,347302.0,215.25,219.69,214.35,214.52,347302.0
2019-06-07,False,daily,213.0,215.15,210.53,212.94,392445.0,213.0,215.15,210.53,212.94,392445.0
2019-06-06,False,daily,211.88,215.37,210.83,214.5,326098.0,211.88,215.37,210.83,214.5,326098.0
2019-06-05,False,daily,214.91,216.385,208.5,212.27,538021.0,214.91,216.385,208.5,212.27,538021.0
2019-06-04,False,daily,206.82,214.75,205.99,214.67,762180.0,206.82,214.75,205.99,214.67,762180.0
2019-06-03,False,daily,200.42,204.68,197.34,202.78,1241685.0,200.42,204.68,197.34,202.78,1241685.0
2019-05-31,False,daily,210.19,210.19,201.295,201.4,662923.0,210.19,210.19,201.295,201.4,662923.0
2019-05-30,False,daily,218.0,220.0,209.24,211.64,419739.0,218.0,220.0,209.24,211.64,419739.0
2019-05-29,False,daily,216.72,218.6,212.94,217.89,484212.0,216.72,218.6,212.94,217.89,484212.0
2019-05-28,False,daily,223.58,223.58,218.93,219.65,438351.0,223.58,223.58,218.93,219.65,438351.0
2019-05-24,False,daily,222.0,225.21,219.555,224.6,407876.0,222.0,225.21,219.555,224.6,407876.0
2019-05-23,False,daily,228.04,228.04,219.58,221.0,603100.0,228.04,228.04,219.58,221.0,603100.0
2019-05-22,False,daily,235.02,235.75,231.17,231.17,259159.0,235.02,235.75,231.17,231.17,259159.0
2019-05-21,False,daily,234.42,237.545,233.54,236.85,265266.0,234.42,237.545,233.54,236.85,265266.0
2019-05-20,False,daily,227.92,233.235,227.92,232.85,386726.0,227.92,233.235,227.92,232.85,386726.0
2019-05-17,False,daily,229.97,233.98,228.135,229.77,366752.0,229.97,233.98,228.135,229.77,366752.0
2019-05-16,False,daily,231.0,236.1,231.0,232.3,391742.0,231.0,236.1,231.0,232.3,391742.0
2019-05-15,False,daily,232.54,232.68,226.06,229.48,537521.0,232.54,232.68,226.06,229.48,537521.0
2019-05-14,False,daily,233.77,238.95,232.72,236.34,467577.0,233.77,238.95,232.72,236.34,467577.0
2019-05-13,False,daily,239.55,242.74,231.0,232.08,618635.0,239.55,242.74,231.0,232.08,618635.0
2019-05-10,False,daily,248.21,251.42,242.995,247.89,351338.0,248.21,251.42,242.995,247.89,351338.0
2019-05-09,False,daily,246.83,251.57,245.18,250.15,346767.0,246.83,251.57,245.18,250.15,346767.0
2019-05-08,False,daily,250.41,253.33,247.815,250.57,322775.0,250.41,253.33,247.815,250.57,322775.0
2019-05-07,False,daily,253.83,253.89,248.71,251.35,404781.0,253.83,253.89,248.71,251.35,404781.0
2019-05-06,False,daily,251.76,259.55,251.76,257.66,362883.0,251.76,259.55,251.76,257.66,362883.0
2019-05-03,False,daily,256.01,259.95,256.01,258.61,363174.0,256.01,259.95,256.01,258.61,363174.0
2019-05-02,False,daily,249.57,255.61,249.57,255.42,407519.0,249.57,255.61,249.57,255.42,407519.0
2019-05-01,False,daily,247.8,256.46,247.8,250.43,622839.0,247.8,256.46,247.8,250.43,622839.0
2019-04-30,False,daily,252.25,254.59,249.1,251.72,385307.0,252.25,254.59,249.1,251.72,385307.0
2019-04-29,False,daily,248.33,255.345,247.75,252.69,530815.0,248.33,255.345,247.75,252.69,530815.0
2019-04-26,False,daily,242.0,247.87,234.77,247.63,1142045.0,242.0,247.87,234.77,247.63,1142045.0
2019-04-25,False,daily,248.28,251.39,241.09,247.36,455127.0,248.28,251.39,241.09,247.36,455127.0
2019-04-24,False,daily,249.52,250.26,246.23,248.88,571608.0,249.52,250.26,246.23,248.88,571608.0
2019-04-23,False,daily,242.2,250.02,240.62,249.75,472811.0,242.2,250.02,240.62,249.75,472811.0
2019-04-22,False,daily,242.47,244.23,240.97,242.67,303981.0,242.47,244.23,240.97,242.67,303981.0
2019-04-18,False,daily,245.15,245.59,240.47,243.14,482195.0,245.15,245.59,240.47,243.14,482195.0
2019-04-17,False,daily,246.94,247.61,242.55,245.72,420091.0,246.94,247.61,242.55,245.72,420091.0
2019-04-16,False,daily,241.01,246.51,239.9,246.2,567851.0,241.01,246.51,239.9,246.2,567851.0
2019-04-15,False,daily,243.3,244.68,239.035,240.11,299500.0,243.3,244.68,239.035,240.11,299500.0
2019-04-12,False,daily,242.69,246.895,239.0,243.74,488282.0,242.69,246.895,239.0,243.74,488282.0
2019-04-11,False,daily,238.37,241.47,236.38,238.43,301715.0,238.37,241.47,236.38,238.43,301715.0
2019-04-10,False,daily,234.27,237.31,231.4,237.27,316553.0,234.27,237.31,231.4,237.27,316553.0
2019-04-09,False,daily,237.44,237.845,233.65,234.54,495853.0,237.44,237.845,233.65,234.54,495853.0
2019-04-08,False,daily,236.68,239.08,235.45,238.92,311871.0,236.68,239.08,235.45,238.92,311871.0
2019-04-05,False,daily,236.53,237.54,234.63,237.46,296557.0,236.53,237.54,234.63,237.46,296557.0
2019-04-04,False,daily,233.39,238.54,232.84,236.02,337775.0,233.39,238.54,232.84,236.02,337775.0
2019-04-03,False,daily,235.22,237.87,233.63,233.78,607591.0,235.22,237.87,233.63,233.78,607591.0
2019-04-02,False,daily,229.53,234.55,227.01,232.36,441221.0,229.53,234.55,227.01,232.36,441221.0
2019-04-01,False,daily,225.0,231.375,223.86,230.74,765939.0,225.0,231.375,223.86,230.74,765939.0
2019-03-29,False,daily,225.32,226.0,220.715,222.36,483765.0,225.32,226.0,220.715,222.36,483765.0
2019-03-28,False,daily,218.74,222.985,217.98,222.59,687128.0,218.74,222.985,217.98,222.59,687128.0
2019-03-27,False,daily,219.03,220.0,215.52,218.3,401633.0,219.03,220.0,215.52,218.3,401633.0
2019-03-26,False,daily,216.71,220.14,216.09,219.89,447559.0,216.71,220.14,216.09,219.89,447559.0
2019-03-25,False,daily,212.41,216.88,211.83,214.67,537040.0,212.41,216.88,211.83,214.67,537040.0
2019-03-22,False,daily,223.94,225.23,207.7,212.19,1182303.0,223.94,225.23,207.7,212.19,1182303.0
2019-03-21,False,daily,233.68,234.93,227.6,228.31,880133.0,233.68,234.93,227.6,228.31,880133.0
2019-03-20,False,daily,245.18,245.66,236.43,236.71,492705.0,245.18,245.66,236.43,236.71,492705.0
2019-03-19,False,daily,252.69,253.6,244.65,245.53,304434.0,252.69,253.6,244.65,245.53,304434.0
2019-03-18,False,daily,246.73,251.28,246.73,250.27,353336.0,246.73,251.28,246.73,250.27,353336.0
2019-03-15,False,daily,245.95,248.54,245.51,246.21,553571.0,245.95,248.54,245.51,246.21,553571.0
2019-03-14,False,daily,245.79,246.32,242.65,245.48,364436.0,245.79,246.32,242.65,245.48,364436.0
2019-03-13,False,daily,243.15,244.755,240.34,244.01,457134.0,243.15,244.755,240.34,244.01,457134.0
2019-03-12,False,daily,242.99,243.31,238.72,240.94,423630.0,242.99,243.31,238.72,240.94,423630.0
2019-03-11,False,daily,240.64,242.46,238.88,242.19,397424.0,240.64,242.46,238.88,242.19,397424.0
2019-03-08,False,daily,236.79,239.88,235.495,239.69,323892.0,236.79,239.88,235.495,239.69,323892.0
2019-03-07,False,daily,241.69,241.69,236.385,239.2,377930.0,241.69,241.69,236.385,239.2,377930.0
2019-03-06,False,daily,247.0,249.23,241.8,242.75,247614.0,247.0,249.23,241.8,242.75,247614.0
2019-03-05,False,daily,249.44,253.74,244.77,248.01,326920.0,249.44,253.74,244.77,248.01,326920.0
2019-03-04,False,daily,250.95,254.47,246.61,249.09,348270.0,250.95,254.47,246.61,249.09,348270.0
2019-03-01,False,daily,249.82,252.725,246.97,249.67,316245.0,249.82,252.725,246.97,249.67,316245.0
2019-02-28,False,daily,253.15,254.98,246.91,247.16,373066.0,253.15,254.98,246.91,247.16,373066.0
2019-02-27,False,daily,245.29,251.0,244.0,250.51,377715.0,245.29,251.0,244.0,250.51,377715.0
2019-02-26,False,daily,246.19,248.58,245.0,245.09,279644.0,246.19,248.58,245.0,245.09,279644.0
2019-02-25,False,daily,248.19,250.56,245.82,247.78,360843.0,248.19,250.56,245.82,247.78,360843.0
2019-02-22,False,daily,246.43,246.9,243.63,245.82,457182.0,246.43,246.9,243.63,245.82,457182.0
2019-02-21,False,daily,250.47,250.47,245.0,245.65,459613.0,250.47,250.47,245.0,245.65,459613.0
2019-02-20,False,daily,249.0,250.89,247.34,250.81,258286.0,249.0,250.89,247.34,250.81,258286.0
2019-02-19,False,daily,244.43,249.88,243.01,248.85,482517.0,244.43,249.88,243.01,248.85,482517.0
2019-02-15,False,daily,242.61,247.85,241.08,246.95,510112.0,242.61,247.85,241.08,246.95,510112.0
2019-02-14,False,daily,240.7,242.91,238.72,240.39,430483.0,240.7,242.91,238.72,240.39,430483.0
2019-02-13,False,daily,243.84,245.35,241.47,244.12,528725.0,243.84,245.35,241.47,244.12,528725.0
2019-02-12,False,daily,240.67,245.825,240.67,242.13,456774.0,240.67,245.825,240.67,242.13,456774.0
2019-02-11,False,daily,234.55,239.1099,234.315,238.75,461275.0,234.55,239.1099,234.315,238.75,461275.0
2019-02-08,False,daily,234.89,236.89,229.1,233.22,401601.0,234.89,236.89,229.1,233.22,401601.0
2019-02-07,False,daily,237.39,241.81,232.885,236.13,395261.0,237.39,241.81,232.885,236.13,395261.0
2019-02-06,False,daily,235.1,237.475,234.35,236.83,394920.0,235.1,237.475,234.35,236.83,394920.0
2019-02-05,False,daily,239.52,239.5399,234.49,235.83,442403.0,239.52,239.5399,234.49,235.83,442403.0
2019-02-04,False,daily,238.63,240.0,237.28,239.56,401973.0,238.63,240.0,237.28,239.56,401973.0
2019-02-01,False,daily,234.83,239.76,234.44,238.28,449525.0,234.83,239.76,234.44,238.28,449525.0
2019-01-31,False,daily,238.44,241.33,229.01,233.38,786804.0,238.44,241.33,229.01,233.38,786804.0
2019-01-30,False,daily,242.62,244.98,238.74,240.0,566430.0,242.62,244.98,238.74,240.0,566430.0
2019-01-29,False,daily,242.34,244.31,239.145,240.68,706438.0,242.34,244.31,239.145,240.68,706438.0
2019-01-28,False,daily,239.39,244.02,235.01,243.64,776987.0,239.39,244.02,235.01,243.64,776987.0
2019-01-25,False,daily,239.0,244.43,228.67,242.09,1257163.0,239.0,244.43,228.67,242.09,1257163.0
2019-01-24,False,daily,225.61,229.095,221.0,228.36,886405.0,225.61,229.095,221.0,228.36,886405.0
2019-01-23,False,daily,228.51,228.58,221.9388,225.34,508833.0,228.51,228.58,221.9388,225.34,508833.0
2019-01-22,False,daily,228.43,230.34,224.555,225.74,552055.0,228.43,230.34,224.555,225.74,552055.0
2019-01-18,False,daily,227.72,232.63,224.14,230.99,553105.0,227.72,232.63,224.14,230.99,553105.0
2019-01-17,False,daily,224.34,226.845,219.745,225.37,612098.0,224.34,226.845,219.745,225.37,612098.0
2019-01-16,False,daily,220.82,227.46,219.36,224.77,692626.0,220.82,227.46,219.36,224.77,692626.0
2019-01-15,False,daily,214.93,219.89,212.17,218.71,595858.0,214.93,219.89,212.17,218.71,595858.0
2019-01-14,False,daily,211.65,218.46,211.65,215.73,443209.0,211.65,218.46,211.65,215.73,443209.0
2019-01-11,False,daily,210.19,216.38,209.4,215.27,486066.0,210.19,216.38,209.4,215.27,486066.0
2019-01-10,False,daily,208.66,213.97,206.97,212.47,516715.0,208.66,213.97,206.97,212.47,516715.0
2019-01-09,False,daily,208.39,212.98,206.565,210.75,652692.0,208.39,212.98,206.565,210.75,652692.0
2019-01-08,False,daily,206.78,208.28,201.67,207.06,527239.0,206.78,208.28,201.67,207.06,527239.0
2019-01-07,False,daily,201.72,210.01,199.39,205.04,821820.0,201.72,210.01,199.39,205.04,821820.0
2019-01-04,False,daily,194.61,201.06,191.5061,200.41,680337.0,194.61,201.06,191.5061,200.41,680337.0
2019-01-03,False,daily,194.36,196.22,189.3,189.64,632864.0,194.36,196.22,189.3,189.64,632864.0
2019-01-02,False,daily,186.55,196.335,186.55,195.84,825411.0,186.55,196.335,186.55,195.84,825411.0
2020-07-24,False,daily,223.86,234.79,223.86,230.43,465498.0,223.86,234.79,223.86,230.43,465498.0
2020-07-23,False,daily,222.7,227.247,222.52,224.89,402055.0,222.7,227.247,222.52,224.89,402055.0
2020-07-22,False,daily,221.89,223.06,219.115,222.0,217342.0,221.89,223.06,219.115,222.0,217342.0
2020-07-21,False,daily,220.0,226.57,219.95,224.73,230978.0,220.0,226.57,219.95,224.73,230978.0
2020-07-20,False,daily,216.5,217.93,214.78,216.86,211512.0,216.5,217.93,214.78,216.86,211512.0
2020-07-17,False,daily,220.61,220.61,216.02,217.57,199265.0,220.61,220.61,216.02,217.57,199265.0
2020-07-16,False,daily,216.22,223.735,214.8381,220.18,256372.0,216.22,223.735,214.8381,220.18,256372.0
2020-07-15,False,daily,214.06,221.86,212.4923,220.78,376905.0,214.06,221.86,212.4923,220.78,376905.0
2020-07-14,False,daily,217.98,217.98,204.78,208.11,460109.0,217.98,217.98,204.78,208.11,460109.0
2020-07-13,False,daily,215.55,219.2,211.76,214.43,330135.0,215.55,219.2,211.76,214.43,330135.0
2020-07-10,False,daily,202.39,212.3,202.39,212.0,247731.0,202.39,212.3,202.39,212.0,247731.0
2020-07-09,False,daily,210.6,211.835,199.7,201.65,398890.0,210.6,211.835,199.7,201.65,398890.0
2020-07-08,False,daily,209.02,211.0,204.25,209.92,326793.0,209.02,211.0,204.25,209.92,326793.0
2020-07-07,False,daily,211.58,211.69,207.31,207.78,254403.0,211.58,211.69,207.31,207.78,254403.0
2020-07-06,False,daily,213.26,220.0,210.34,213.41,306364.0,213.26,220.0,210.34,213.41,306364.0
2020-07-02,False,daily,210.28,215.94,206.0,208.34,294534.0,210.28,215.94,206.0,208.34,294534.0
2020-07-01,False,daily,213.0,215.53,204.38,206.28,353961.0,213.0,215.53,204.38,206.28,353961.0
2020-06-30,False,daily,206.88,217.44,205.6275,215.53,429808.0,206.88,217.44,205.6275,215.53,429808.0
2020-06-29,False,daily,207.6,207.725,203.47,206.89,388711.0,207.6,207.725,203.47,206.89,388711.0
2020-06-26,False,daily,211.05,211.33,203.57,203.86,517889.0,211.05,211.33,203.57,203.86,517889.0
2020-06-25,False,daily,205.2,215.48,204.7968,215.0,231496.0,205.2,215.48,204.7968,215.0,231496.0
2020-06-24,False,daily,217.92,217.92,207.535,207.98,341399.0,217.92,217.92,207.535,207.98,341399.0
2020-06-23,False,daily,224.38,224.76,220.04,220.47,304606.0,224.38,224.76,220.04,220.47,304606.0
2020-06-22,False,daily,219.05,224.12,216.83,219.9,251557.0,219.05,224.12,216.83,219.9,251557.0
2020-06-19,False,daily,225.2,225.2,216.625,221.84,872007.0,225.2,225.2,216.625,221.84,872007.0
2020-06-18,False,daily,213.25,223.39,213.211,220.58,274578.0,213.25,223.39,213.211,220.58,274578.0
2020-06-17,False,daily,224.95,225.075,219.01,219.15,269687.0,224.95,225.075,219.01,219.15,269687.0
2020-06-16,False,daily,229.53,229.53,215.76,221.81,313979.0,229.53,229.53,215.76,221.81,313979.0
2020-06-15,False,daily,204.2,218.54,200.41,216.65,426245.0,204.2,218.54,200.41,216.65,426245.0
2020-06-12,False,daily,214.01,214.01,200.5,208.53,377872.0,214.01,214.01,200.5,208.53,377872.0
2020-06-11,False,daily,205.91,212.56,203.485,203.94,573037.0,205.91,212.56,203.485,203.94,573037.0
2020-06-10,False,daily,230.71,232.64,221.69,221.81,385158.0,230.71,232.64,221.69,221.81,385158.0
2020-06-09,False,daily,231.46,236.88,227.27,234.31,413827.0,231.46,236.88,227.27,234.31,413827.0
2020-06-08,False,daily,240.0,244.03,234.105,236.04,615178.0,240.0,244.03,234.105,236.04,615178.0
2020-06-05,False,daily,240.15,242.965,231.39,235.2,693289.0,240.15,242.965,231.39,235.2,693289.0
2020-06-04,False,daily,219.1,224.89,216.01,223.19,558220.0,219.1,224.89,216.01,223.19,558220.0
2020-06-03,False,daily,215.0,222.9999,210.48,219.99,538622.0,215.0,222.9999,210.48,219.99,538622.0
2020-06-02,False,daily,216.0,216.32,208.0,209.9,363938.0,216.0,216.32,208.0,209.9,363938.0
2020-06-01,False,daily,213.41,216.8,210.52,212.81,502924.0,213.41,216.8,210.52,212.81,502924.0
2020-05-29,False,daily,213.69,216.94,210.59,214.75,893619.0,213.69,216.94,210.59,214.75,893619.0
2020-05-28,False,daily,224.87,225.0,214.0,215.6,547939.0,224.87,225.0,214.0,215.6,547939.0
2020-05-27,False,daily,218.32,224.19,211.6,221.38,742837.0,218.32,224.19,211.6,221.38,742837.0
2020-05-26,False,daily,198.79,209.932,195.11,208.66,600394.0,198.79,209.932,195.11,208.66,600394.0
2020-05-22,False,daily,189.98,191.625,185.89,189.49,269455.0,189.98,191.625,185.89,189.49,269455.0
2020-05-21,False,daily,192.04,195.37,190.0,190.85,364023.0,192.04,195.37,190.0,190.85,364023.0
2020-05-20,False,daily,189.41,195.84,188.046,194.92,492559.0,189.41,195.84,188.046,194.92,492559.0
2020-05-19,False,daily,186.45,189.26,182.91,183.13,379541.0,186.45,189.26,182.91,183.13,379541.0
2020-05-18,False,daily,182.87,188.32,180.59,187.46,574355.0,182.87,188.32,180.59,187.46,574355.0
2020-05-15,False,daily,169.39,174.83,168.01,172.79,520255.0,169.39,174.83,168.01,172.79,520255.0
2020-05-14,False,daily,155.79,173.84,152.76,173.28,706305.0,155.79,173.84,152.76,173.28,706305.0
2020-05-13,False,daily,168.28,169.3,158.22,159.89,847852.0,168.28,169.3,158.22,159.89,847852.0
2020-05-12,False,daily,181.53,181.7087,169.69,169.85,520566.0,181.53,181.7087,169.69,169.85,520566.0
2020-05-11,False,daily,183.01,183.06,177.83,179.23,450092.0,183.01,183.06,177.83,179.23,450092.0
2020-05-08,False,daily,188.52,189.46,183.64,185.85,443907.0,188.52,189.46,183.64,185.85,443907.0
2020-05-07,False,daily,181.77,191.075,181.77,183.64,447901.0,181.77,191.075,181.77,183.64,447901.0
2020-05-06,False,daily,184.2,185.97,177.31,180.01,322194.0,184.2,185.97,177.31,180.01,322194.0
2020-05-05,False,daily,189.03,192.43,179.5,180.84,345476.0,189.03,192.43,179.5,180.84,345476.0
2020-05-04,False,daily,181.42,183.09,175.26,182.35,400020.0,181.42,183.09,175.26,182.35,400020.0
2020-05-01,False,daily,187.23,187.67,180.1301,184.86,380774.0,187.23,187.67,180.1301,184.86,380774.0
2020-04-30,False,daily,194.27,199.41,191.77,193.17,507742.0,194.27,199.41,191.77,193.17,507742.0
2020-04-29,False,daily,201.02,204.84,198.27,201.43,536357.0,201.02,204.84,198.27,201.43,536357.0
2020-04-28,False,daily,198.37,202.585,192.24,193.25,452260.0,198.37,202.585,192.24,193.25,452260.0
2020-04-27,False,daily,184.37,193.29,180.02,192.63,410928.0,184.37,193.29,180.02,192.63,410928.0
2020-04-24,False,daily,176.49,185.82,165.12,184.0,813465.0,176.49,185.82,165.12,184.0,813465.0
2020-04-23,False,daily,169.82,174.0,168.27,171.0,573931.0,169.82,174.0,168.27,171.0,573931.0
2020-04-22,False,daily,171.37,174.22,166.94,167.5,392229.0,171.37,174.22,166.94,167.5,392229.0
2020-04-21,False,daily,169.14,171.71,165.067,165.49,282444.0,169.14,171.71,165.067,165.49,282444.0
2020-04-20,False,daily,167.95,180.21,166.2655,174.67,320953.0,167.95,180.21,166.2655,174.67,320953.0
2020-04-17,False,daily,169.59,175.975,168.01,173.69,450442.0,169.59,175.975,168.01,173.69,450442.0
2020-04-16,False,daily,160.27,163.46,153.4481,161.36,505261.0,160.27,163.46,153.4481,161.36,505261.0
2020-04-15,False,daily,163.2,166.57,159.2255,161.89,548251.0,163.2,166.57,159.2255,161.89,548251.0
2020-04-14,False,daily,173.88,178.115,169.835,172.06,420738.0,173.88,178.115,169.835,172.06,420738.0
2020-04-13,False,daily,181.4,185.4,167.03,170.41,566510.0,181.4,185.4,167.03,170.41,566510.0
2020-04-09,False,daily,173.65,186.84,173.24,185.69,791664.0,173.65,186.84,173.24,185.69,791664.0
2020-04-08,False,daily,163.01,170.19,161.01,168.58,372212.0,163.01,170.19,161.01,168.58,372212.0
2020-04-07,False,daily,169.63,174.19,160.06,160.1,591676.0,169.63,174.19,160.06,160.1,591676.0
2020-04-06,False,daily,149.22,160.31,146.92,159.32,683805.0,149.22,160.31,146.92,159.32,683805.0
2020-04-03,False,daily,141.55,144.38,136.63,139.34,591552.0,141.55,144.38,136.63,139.34,591552.0
2020-04-02,False,daily,136.89,149.93,136.89,142.95,524846.0,136.89,149.93,136.89,142.95,524846.0
2020-04-01,False,daily,142.07,144.54,138.44,140.01,489997.0,142.07,144.54,138.44,140.01,489997.0
2020-03-31,False,daily,154.2,157.92,149.26,151.08,461928.0,154.2,157.92,149.26,151.08,461928.0
2020-03-30,False,daily,155.85,163.45,150.6,155.78,708616.0,155.85,163.45,150.6,155.78,708616.0
2020-03-27,False,daily,164.41,164.41,156.01,159.34,869264.0,164.41,164.41,156.01,159.34,869264.0
2020-03-26,False,daily,166.55,173.6353,161.01,171.53,922198.0,166.55,173.6353,161.01,171.53,922198.0
2020-03-25,False,daily,161.97,171.53,150.17,165.0,921894.0,161.97,171.53,150.17,165.0,921894.0
2020-03-24,False,daily,154.75,159.38,149.12,158.37,753320.0,154.75,159.38,149.12,158.37,753320.0
2020-03-23,False,daily,152.27,152.84,135.63,143.21,761850.0,152.27,152.84,135.63,143.21,761850.0
2020-03-20,False,daily,169.66,173.86,149.15,150.64,1041211.0,169.66,173.86,149.15,150.64,1041211.0
2020-03-19,False,daily,147.39,182.0,146.76,168.17,1242939.0,147.39,182.0,146.76,168.17,1242939.0
2020-03-18,False,daily,138.83,154.22,135.5532,150.51,1392188.0,138.83,154.22,135.5532,150.51,1392188.0
2020-03-17,False,daily,135.17,150.33,128.08,149.37,1288039.0,135.17,150.33,128.08,149.37,1288039.0
2020-03-16,False,daily,132.7,137.69,127.39,130.98,1154514.0,132.7,137.69,127.39,130.98,1154514.0
2020-03-13,False,daily,148.94,157.07,140.37,156.67,971134.0,148.94,157.07,140.37,156.67,971134.0
2020-03-12,False,daily,133.9,148.6,127.5558,136.96,1315385.0,133.9,148.6,127.5558,136.96,1315385.0
2020-03-11,False,daily,156.02,159.3,145.98,148.75,1127615.0,156.02,159.3,145.98,148.75,1127615.0
2020-03-10,False,daily,157.57,165.37,150.261,161.97,1297894.0,157.57,165.37,150.261,161.97,1297894.0
2020-03-09,False,daily,153.73,160.33,144.67,148.15,1549501.0,153.73,160.33,144.67,148.15,1549501.0
2020-03-06,False,daily,174.99,182.78,169.24,174.44,967918.0,174.99,182.78,169.24,174.44,967918.0
2020-03-05,False,daily,194.77,194.77,184.0,185.06,828313.0,194.77,194.77,184.0,185.06,828313.0
2020-03-04,False,daily,202.12,202.7075,193.04,202.38,831384.0,202.12,202.7075,193.04,202.38,831384.0
2020-03-03,False,daily,215.76,218.43,195.83,198.63,894915.0,215.76,218.43,195.83,198.63,894915.0
2020-03-02,False,daily,209.56,216.89,202.14,216.75,661126.0,209.56,216.89,202.14,216.75,661126.0
2020-02-28,False,daily,203.12,211.29,199.03,208.16,1141205.0,203.12,211.29,199.03,208.16,1141205.0
2020-02-27,False,daily,216.27,223.61,208.24,211.37,781413.0,216.27,223.61,208.24,211.37,781413.0
2020-02-26,False,daily,234.88,235.88,224.19,224.3,600398.0,234.88,235.88,224.19,224.3,600398.0
2020-02-25,False,daily,244.87,245.175,229.87,232.16,1220724.0,244.87,245.175,229.87,232.16,1220724.0
2020-02-24,False,daily,249.7,250.35,241.5,243.27,566162.0,249.7,250.35,241.5,243.27,566162.0
2020-02-21,False,daily,268.34,270.0,259.51,261.42,561191.0,268.34,270.0,259.51,261.42,561191.0
2020-02-20,False,daily,264.12,270.95,263.01,270.79,390627.0,264.12,270.95,263.01,270.79,390627.0
2020-02-19,False,daily,263.18,267.4,261.93,266.99,266087.0,263.18,267.4,261.93,266.99,266087.0
2020-02-18,False,daily,264.33,265.5129,258.775,261.11,276633.0,264.33,265.5129,258.775,261.11,276633.0
2020-02-14,False,daily,264.61,267.5,263.94,265.42,275087.0,264.61,267.5,263.94,265.42,275087.0
2020-02-13,False,daily,262.65,265.98,261.7,265.95,353716.0,262.65,265.98,261.7,265.95,353716.0
2020-02-12,False,daily,265.0,267.53,264.455,265.1,280491.0,265.0,267.53,264.455,265.1,280491.0
2020-02-11,False,daily,258.07,265.12,257.21,263.64,359154.0,258.07,265.12,257.21,263.64,359154.0
2020-02-10,False,daily,255.43,257.69,254.67,256.31,311219.0,255.43,257.69,254.67,256.31,311219.0
2020-02-07,False,daily,259.96,260.42,256.43,257.15,448012.0,259.96,260.42,256.43,257.15,448012.0
2020-02-06,False,daily,265.12,266.52,261.38,262.09,382888.0,265.12,266.52,261.38,262.09,382888.0
2020-02-05,False,daily,259.31,263.53,258.12,262.7,539235.0,259.31,263.53,258.12,262.7,539235.0
2020-02-04,False,daily,251.13,255.99,249.815,254.73,554017.0,251.13,255.99,249.815,254.73,554017.0
2020-02-03,False,daily,244.0,246.64,242.835,244.69,406106.0,244.0,246.64,242.835,244.69,406106.0
2020-01-31,False,daily,245.77,245.78,239.69,240.33,530086.0,245.77,245.78,239.69,240.33,530086.0
2020-01-30,False,daily,242.4,248.37,242.35,248.14,524017.0,242.4,248.37,242.35,248.14,524017.0
2020-01-29,False,daily,250.26,254.99,245.71,246.02,515397.0,250.26,254.99,245.71,246.02,515397.0
2020-01-28,False,daily,246.58,252.39,244.53,251.28,474531.0,246.58,252.39,244.53,251.28,474531.0
2020-01-27,False,daily,244.68,247.17,241.395,243.38,627566.0,244.68,247.17,241.395,243.38,627566.0
2020-01-24,False,daily,260.01,270.395,250.01,252.66,976713.0,260.01,270.395,250.01,252.66,976713.0
2020-01-23,False,daily,255.06,259.7,251.215,259.08,800888.0,255.06,259.7,251.215,259.08,800888.0
2020-01-22,False,daily,255.48,257.63,253.414,256.3,459446.0,255.48,257.63,253.414,256.3,459446.0
2020-01-21,False,daily,256.81,257.67,253.39,254.2,478514.0,256.81,257.67,253.39,254.2,478514.0
2020-01-17,False,daily,253.18,258.49,253.18,258.4,398407.0,253.18,258.49,253.18,258.4,398407.0
2020-01-16,False,daily,252.61,253.785,250.61,252.3,543193.0,252.61,253.785,250.61,252.3,543193.0
2020-01-15,False,daily,250.81,252.07,248.39,250.59,342577.0,250.81,252.07,248.39,250.59,342577.0
2020-01-14,False,daily,253.66,256.86,252.3,253.49,478838.0,253.66,256.86,252.3,253.49,478838.0
2020-01-13,False,daily,253.32,254.06,250.52,253.85,364292.0,253.32,254.06,250.52,253.85,364292.0
2020-01-10,False,daily,255.91,256.48,251.2,251.73,349997.0,255.91,256.48,251.2,251.73,349997.0
2020-01-09,False,daily,256.35,257.94,254.755,256.11,428938.0,256.35,257.94,254.755,256.11,428938.0
2020-01-08,False,daily,249.82,254.115,249.13,252.78,502032.0,249.82,254.115,249.13,252.78,502032.0
2020-01-07,False,daily,248.66,251.12,247.58,250.4,506541.0,248.66,251.12,247.58,250.4,506541.0
2020-01-06,False,daily,246.84,249.8,245.06,249.24,490053.0,246.84,249.8,245.06,249.24,490053.0
2020-01-03,False,daily,247.96,251.12,246.8,250.33,476454.0,247.96,251.12,246.8,250.33,476454.0
2020-01-02,False,daily,252.65,254.28,249.67,254.27,242917.0,252.65,254.28,249.67,254.27,242917.0
